tourney_id,tourney_name,surface,draw_size,tourney_level,tourney_date,match_num,winner_id,winner_seed,winner_entry,winner_name,winner_hand,winner_ht,winner_ioc,winner_age,winner_rank,winner_rank_points,loser_id,loser_seed,loser_entry,loser_name,loser_hand,loser_ht,loser_ioc,loser_age,loser_rank,loser_rank_points,score,best_of,round,minutes,w_ace,w_df,w_svpt,w_1stIn,w_1stWon,w_2ndWon,w_SvGms,w_bpSaved,w_bpFaced,l_ace,l_df,l_svpt,l_1stIn,l_1stWon,l_2ndWon,l_SvGms,l_bpSaved,l_bpFaced
1989-7308,Adelaide,Hard,32,A,19890102,1,V037,,,Alexander Volkov,L,188,RUS,21.799,79,0,C031,1,,Andrei Chesnokov,R,188,RUS,22.877,14,0,6-3 6-1,3,R32,,,,,,,,,,,,,,,,,,,
1989-7308,Adelaide,Hard,32,A,19890102,2,O009,,,Andrei Olhovskiy,R,185,RUS,22.68,86,0,N110,,Q,Libor Nemecek,R,168,CZE,20.148,341,0,1-6 6-3 6-2,3,R32,,,,,,,,,,,,,,,,,,,
1989-7308,Adelaide,Hard,32,A,19890102,3,S402,,,Pete Sampras,R,185,USA,17.355,97,0,B021,,,Jeremy Bates,R,180,GBR,26.502,152,0,6-2 6-3,3,R32,,,,,,,,,,,,,,,,,,,
1989-7308,Adelaide,Hard,32,A,19890102,4,S331,8,,Jason Stoltenberg,R,185,AUS,18.71,70,0,D040,,,Brad Drewett,L,185,AUS,30.42,99,0,6-3 6-2,3,R32,,,,,,,,,,,,,,,,,,,
1989-7308,Adelaide,Hard,32,A,19890102,5,W035,4,,Mark Woodforde,L,188,AUS,23.239,42,0,R186,,Q,Guillaume Raoux,R,180,FRA,18.845,448,0,6-4 6-4,3,R32,,,,,,,,,,,,,,,,,,,
1989-7308,Adelaide,Hard,32,A,19890102,6,C260,,WC,Andrei Cherkasov,R,180,RUS,18.461,236,0,M093,,Q,Alexander Mronz,R,188,GER,23.702,278,0,6-3 7-6,3,R32,,,,,,,,,,,,,,,,,,,
1989-7308,Adelaide,Hard,32,A,19890102,7,A163,,,Johan Anderson,R,183,AUS,17.224,208,0,D049,,,Broderick Dyke,L,183,AUS,27.967,113,0,5-7 6-4 6-4,3,R32,,,,,,,,,,,,,,,,,,,
1989-7308,Adelaide,Hard,32,A,19890102,8,I034,,LL,Goran Ivanisevic,L,193,CRO,17.268,371,0,F040,6,,John Frawley,R,173,AUS,23.461,60,0,7-5 6-7 6-4,3,R32,,,,,,,,,,,,,,,,,,,
1989-7308,Adelaide,Hard,32,A,19890102,9,M030,5,,Wally Masur,R,180,AUS,25.604,46,0,L010,,,Glenn Layendecker,L,185,USA,27.614,78,0,6-4 7-5,3,R32,,,,,,,,,,,,,,,,,,,
1989-7308,Adelaide,Hard,32,A,19890102,10,W136,,WC,Todd Woodbridge,R,178,AUS,17.717,213,0,C017,,LL,Peter Carter,R,180,AUS,24.361,291,0,7-6 6-4,3,R32,,,,,,,,,,,,,,,,,,,
1989-7308,Adelaide,Hard,32,A,19890102,11,R170,,WC,Roger Rasheed,R,183,AUS,19.778,342,0,A176,,Q,Jan Apell,L,183,SWE,19.124,214,0,6-3 1-6 6-3,3,R32,,,,,,,,,,,,,,,,,,,
1989-7308,Adelaide,Hard,32,A,19890102,12,P004,,,Veli Paloheimo,R,183,FIN,21.018,117,0,Z006,3,,Slobodan Zivojinovic,R,198,YUG,25.41,31,0,6-1 6-1,3,R32,,,,,,,,,,,,,,,,,,,
1989-7308,Adelaide,Hard,32,A,19890102,13,K030,7,,Patrik Kuhnen,R,190,GER,22.853,61,0,D015,,,Olivier Delaitre,R,170,FRA,21.552,129,0,2-6 7-6 6-2,3,R32,,,,,,,,,,,,,,,,,,,
1989-7308,Adelaide,Hard,32,A,19890102,14,K016,,,Mark Koevermans,R,185,NED,20.876,139,0,Y002,,,Simon Youl,R,185,AUS,23.469,109,0,6-4 6-2,3,R32,,,,,,,,,,,,,,,,,,,
1989-7308,Adelaide,Hard,32,A,19890102,15,B075,,,Neil Broad,R,190,GBR,22.081,131,0,N018,,,Tom Nijssen,R,175,NED,24.216,114,0,7-5 3-6 6-1,3,R32,,,,,,,,,,,,,,,,,,,
1989-7308,Adelaide,Hard,32,A,19890102,16,K021,,,Mark Kratzmann,L,178,AUS,22.593,150,0,C001,2,,Darren Cahill,R,185,AUS,23.214,27,0,7-6 6-1,3,R32,,,,,,,,,,,,,,,,,,,
1989-7308,Adelaide,Hard,32,A,19890102,17,V037,,,Alexander Volkov,L,188,RUS,21.799,79,0,O009,,,Andrei Olhovskiy,R,185,RUS,22.68,86,0,4-6 6-3 6-4,3,R16,,,,,,,,,,,,,,,,,,,
1989-7308,Adelaide,Hard,32,A,19890102,18,S402,,,Pete Sampras,R,185,USA,17.355,97,0,S331,8,,Jason Stoltenberg,R,185,AUS,18.71,70,0,6-3 6-2,3,R16,,,,,,,,,,,,,,,,,,,
1989-7308,Adelaide,Hard,32,A,19890102,19,W035,4,,Mark Woodforde,L,188,AUS,23.239,42,0,C260,,WC,Andrei Cherkasov,R,180,RUS,18.461,236,0,6-3 7-6,3,R16,,,,,,,,,,,,,,,,,,,
1989-7308,Adelaide,Hard,32,A,19890102,20,I034,,LL,Goran Ivanisevic,L,193,CRO,17.268,371,0,A163,,,Johan Anderson,R,183,AUS,17.224,208,0,6-1 6-7 6-2,3,R16,,,,,,,,,,,,,,,,,,,
1989-7308,Adelaide,Hard,32,A,19890102,21,M030,5,,Wally Masur,R,180,AUS,25.604,46,0,W136,,WC,Todd Woodbridge,R,178,AUS,17.717,213,0,6-2 6-1,3,R16,,,,,,,,,,,,,,,,,,,
1989-7308,Adelaide,Hard,32,A,19890102,22,P004,,,Veli Paloheimo,R,183,FIN,21.018,117,0,R170,,WC,Roger Rasheed,R,183,AUS,19.778,342,0,6-1 6-3,3,R16,,,,,,,,,,,,,,,,,,,
1989-7308,Adelaide,Hard,32,A,19890102,23,K030,7,,Patrik Kuhnen,R,190,GER,22.853,61,0,K016,,,Mark Koevermans,R,185,NED,20.876,139,0,6-4 6-4,3,R16,,,,,,,,,,,,,,,,,,,
1989-7308,Adelaide,Hard,32,A,19890102,24,K021,,,Mark Kratzmann,L,178,AUS,22.593,150,0,B075,,,Neil Broad,R,190,GBR,22.081,131,0,6-3 7-5,3,R16,,,,,,,,,,,,,,,,,,,
1989-7308,Adelaide,Hard,32,A,19890102,25,V037,,,Alexander Volkov,L,188,RUS,21.799,79,0,S402,,,Pete Sampras,R,185,USA,17.355,97,0,2-6 6-1 6-4,3,QF,,,,,,,,,,,,,,,,,,,
1989-7308,Adelaide,Hard,32,A,19890102,26,W035,4,,Mark Woodforde,L,188,AUS,23.239,42,0,I034,,LL,Goran Ivanisevic,L,193,CRO,17.268,371,0,7-5 3-6 6-2,3,QF,,,,,,,,,,,,,,,,,,,
1989-7308,Adelaide,Hard,32,A,19890102,27,P004,,,Veli Paloheimo,R,183,FIN,21.018,117,0,M030,5,,Wally Masur,R,180,AUS,25.604,46,0,6-4 4-6 6-3,3,QF,,,,,,,,,,,,,,,,,,,
1989-7308,Adelaide,Hard,32,A,19890102,28,K030,7,,Patrik Kuhnen,R,190,GER,22.853,61,0,K021,,,Mark Kratzmann,L,178,AUS,22.593,150,0,6-4 3-6 6-3,3,QF,,,,,,,,,,,,,,,,,,,
1989-7308,Adelaide,Hard,32,A,19890102,29,W035,4,,Mark Woodforde,L,188,AUS,23.239,42,0,V037,,,Alexander Volkov,L,188,RUS,21.799,79,0,6-2 7-5,3,SF,,,,,,,,,,,,,,,,,,,
1989-7308,Adelaide,Hard,32,A,19890102,30,K030,7,,Patrik Kuhnen,R,190,GER,22.853,61,0,P004,,,Veli Paloheimo,R,183,FIN,21.018,117,0,4-6 6-4 6-3,3,SF,,,,,,,,,,,,,,,,,,,
1989-7308,Adelaide,Hard,32,A,19890102,31,W035,4,,Mark Woodforde,L,188,AUS,23.239,42,0,K030,7,,Patrik Kuhnen,R,190,GER,22.853,61,0,7-5 1-6 7-5,3,F,,,,,,,,,,,,,,,,,,,
1989-354,Wellington,Hard,32,A,19890102,1,B293,,,Patrick Baur,R,188,GER,23.63,178,0,K024,1,,Ramesh Krishnan,R,170,IND,27.54,40,0,6-4 1-6 6-3,3,R32,,,,,,,,,,,,,,,,,,,
1989-354,Wellington,Hard,32,A,19890102,2,W011,,Q,Robbie Weiss,R,183,USA,22.051,492,0,P048,,,Chris Pridham,R,183,CAN,23.691,137,0,6-4 7-5,3,R32,,,,,,,,,,,,,,,,,,,
1989-354,Wellington,Hard,32,A,19890102,3,M089,,,Heiner Moraing,R,190,GER,24.378,192,0,M197,,,Nuno Marques,L,190,POR,18.697,219,0,7-6 6-3,3,R32,,,,,,,,,,,,,,,,,,,
1989-354,Wellington,Hard,32,A,19890102,4,M064,7,,Glenn Michibata,R,175,CAN,26.519,102,0,W001,,,Lars-Anders Wahlgren,R,193,SWE,22.322,206,0,7-6 1-6 6-3,3,R32,,,,,,,,,,,,,,,,,,,
1989-354,Wellington,Hard,32,A,19890102,5,M338,4,,Shuzo Matsuoka,R,185,JPN,21.12,82,0,D178,,,Frank Dennhardt,L,188,GER,21.038,238,0,6-2 6-1,3,R32,,,,,,,,,,,,,,,,,,,
1989-354,Wellington,Hard,32,A,19890102,6,W123,,Q,David Wheaton,R,193,USA,19.548,441,0,J009,,Q,Luke Jensen,U,190,USA,22.505,271,0,6-4 7-6,3,R32,,,,,,,,,,,,,,,,,,,
1989-354,Wellington,Hard,32,A,19890102,7,G055,,,Steve Guy,R,188,NZL,29.766,173,0,A134,,Q,Malcolm Allen,R,178,USA,21.437,262,0,6-3 6-2,3,R32,,,,,,,,,,,,,,,,,,,
1989-354,Wellington,Hard,32,A,19890102,8,S347,5,,Tobias Svantesson,R,193,SWE,25.719,98,0,C113,,,Joao Cunha-Silva,R,173,POR,21.062,211,0,7-5 6-4,3,R32,,,,,,,,,,,,,,,,,,,
1989-354,Wellington,Hard,32,A,19890102,9,S340,,,Roger Smith,R,185,BAH,24.914,154,0,M028,6,,Danilo Marcelino,R,193,BRA,22.784,101,0,6-4 7-6,3,R32,,,,,,,,,,,,,,,,,,,
1989-354,Wellington,Hard,32,A,19890102,10,C029,,,Paul Chamberlin,R,178,USA,26.735,174,0,P045,,,Gianluca Pozzi,L,180,ITA,23.507,165,0,7-6 6-4,3,R32,,,,,,,,,,,,,,,,,,,
1989-354,Wellington,Hard,32,A,19890102,11,B083,,,Doug Burke,R,180,JAM,25.405,223,0,D036,,,Peter Doohan,R,190,AUS,27.633,187,0,6-2 7-5,3,R32,,,,,,,,,,,,,,,,,,,
1989-354,Wellington,Hard,32,A,19890102,12,L026,,WC,David Lewis,R,180,NZL,24.293,225,0,S021,3,,Michiel Schapers,R,201,NED,29.191,50,0,6-3 6-4,3,R32,,,,,,,,,,,,,,,,,,,
1989-354,Wellington,Hard,32,A,19890102,13,E025,8,,Kelly Evernden,R,175,NZL,27.244,119,0,W122,,,Paul Wekesa,R,188,KEN,21.467,168,0,6-1 2-6 6-1,3,R32,,,,,,,,,,,,,,,,,,,
1989-354,Wellington,Hard,32,A,19890102,14,O015,,,Menno Oosting,R,180,NED,24.591,156,0,K033,,,Michael Kures,R,185,USA,24.402,135,0,6-3 6-3,3,R32,,,,,,,,,,,,,,,,,,,
1989-354,Wellington,Hard,32,A,19890102,15,S321,,WC,Brett Steven,R,185,NZL,19.647,357,0,D022,,WC,Bruce Derlin,L,180,NZL,27.058,347,0,7-6 6-2,3,R32,,,,,,,,,,,,,,,,,,,
1989-354,Wellington,Hard,32,A,19890102,16,S072,2,,Milan Srejber,R,203,CZE,24.972,41,0,B322,,LL,Chris Bailey,R,196,GBR,20.641,218,0,6-4 6-2,3,R32,,,,,,,,,,,,,,,,,,,
1989-354,Wellington,Hard,32,A,19890102,17,B293,,,Patrick Baur,R,188,GER,23.63,178,0,W011,,Q,Robbie Weiss,R,183,USA,22.051,492,0,6-4 6-3,3,R16,,,,,,,,,,,,,,,,,,,
1989-354,Wellington,Hard,32,A,19890102,18,M064,7,,Glenn Michibata,R,175,CAN,26.519,102,0,M089,,,Heiner Moraing,R,190,GER,24.378,192,0,6-2 6-4,3,R16,,,,,,,,,,,,,,,,,,,
1989-354,Wellington,Hard,32,A,19890102,19,M338,4,,Shuzo Matsuoka,R,185,JPN,21.12,82,0,W123,,Q,David Wheaton,R,193,USA,19.548,441,0,7-6 7-6,3,R16,,,,,,,,,,,,,,,,,,,
1989-354,Wellington,Hard,32,A,19890102,20,S347,5,,Tobias Svantesson,R,193,SWE,25.719,98,0,G055,,,Steve Guy,R,188,NZL,29.766,173,0,3-6 7-6 7-5,3,R16,,,,,,,,,,,,,,,,,,,
1989-354,Wellington,Hard,32,A,19890102,21,C029,,,Paul Chamberlin,R,178,USA,26.735,174,0,S340,,,Roger Smith,R,185,BAH,24.914,154,0,3-6 7-6 6-1,3,R16,,,,,,,,,,,,,,,,,,,
1989-354,Wellington,Hard,32,A,19890102,22,B083,,,Doug Burke,R,180,JAM,25.405,223,0,L026,,WC,David Lewis,R,180,NZL,24.293,225,0,6-3 3-6 6-1,3,R16,,,,,,,,,,,,,,,,,,,
1989-354,Wellington,Hard,32,A,19890102,23,E025,8,,Kelly Evernden,R,175,NZL,27.244,119,0,O015,,,Menno Oosting,R,180,NED,24.591,156,0,3-6 6-3 6-4,3,R16,,,,,,,,,,,,,,,,,,,
1989-354,Wellington,Hard,32,A,19890102,24,S072,2,,Milan Srejber,R,203,CZE,24.972,41,0,S321,,WC,Brett Steven,R,185,NZL,19.647,357,0,6-3 6-3,3,R16,,,,,,,,,,,,,,,,,,,
1989-354,Wellington,Hard,32,A,19890102,25,M064,7,,Glenn Michibata,R,175,CAN,26.519,102,0,B293,,,Patrick Baur,R,188,GER,23.63,178,0,7-6 6-4,3,QF,,,,,,,,,,,,,,,,,,,
1989-354,Wellington,Hard,32,A,19890102,26,M338,4,,Shuzo Matsuoka,R,185,JPN,21.12,82,0,S347,5,,Tobias Svantesson,R,193,SWE,25.719,98,0,6-4 6-4,3,QF,,,,,,,,,,,,,,,,,,,
1989-354,Wellington,Hard,32,A,19890102,27,C029,,,Paul Chamberlin,R,178,USA,26.735,174,0,B083,,,Doug Burke,R,180,JAM,25.405,223,0,7-6 7-5,3,QF,,,,,,,,,,,,,,,,,,,
1989-354,Wellington,Hard,32,A,19890102,28,E025,8,,Kelly Evernden,R,175,NZL,27.244,119,0,S072,2,,Milan Srejber,R,203,CZE,24.972,41,0,6-3 6-2,3,QF,,,,,,,,,,,,,,,,,,,
1989-354,Wellington,Hard,32,A,19890102,29,M338,4,,Shuzo Matsuoka,R,185,JPN,21.12,82,0,M064,7,,Glenn Michibata,R,175,CAN,26.519,102,0,6-0 6-3,3,SF,,,,,,,,,,,,,,,,,,,
1989-354,Wellington,Hard,32,A,19890102,30,E025,8,,Kelly Evernden,R,175,NZL,27.244,119,0,C029,,,Paul Chamberlin,R,178,USA,26.735,174,0,6-2 6-4,3,SF,,,,,,,,,,,,,,,,,,,
1989-354,Wellington,Hard,32,A,19890102,31,E025,8,,Kelly Evernden,R,175,NZL,27.244,119,0,M338,4,,Shuzo Matsuoka,R,185,JPN,21.12,82,0,7-5 6-1 6-4,5,F,,,,,,,,,,,,,,,,,,,
1989-301,Auckland,Hard,32,A,19890109,1,M012,1,,Amos Mansdorf,R,175,ISR,23.222,26,0,O015,,,Menno Oosting,R,180,NED,24.649,175,0,6-4 6-4,3,R32,,,,,,,,,,,,,,,,,,,
1989-301,Auckland,Hard,32,A,19890109,2,W123,,Q,David Wheaton,R,193,USA,19.606,381,0,C113,,LL,Joao Cunha-Silva,R,173,POR,21.12,215,0,6-1 6-4,3,R32,,,,,,,,,,,,,,,,,,,
1989-301,Auckland,Hard,32,A,19890109,3,W014,,,Michael Westphal,R,190,GER,23.888,119,0,P048,,,Chris Pridham,R,183,CAN,23.748,192,0,6-7 7-6 7-5,3,R32,,,,,,,,,,,,,,,,,,,
1989-301,Auckland,Hard,32,A,19890109,4,W122,,,Paul Wekesa,R,188,KEN,21.525,184,0,M338,7,,Shuzo Matsuoka,R,185,JPN,21.177,60,0,7-6 6-2,3,R32,,,,,,,,,,,,,,,,,,,
1989-301,Auckland,Hard,32,A,19890109,5,C029,,,Paul Chamberlin,R,178,USA,26.793,122,0,S021,4,,Michiel Schapers,R,201,NED,29.248,45,0,6-4 6-4,3,R32,,,,,,,,,,,,,,,,,,,
1989-301,Auckland,Hard,32,A,19890109,6,S340,,,Roger Smith,R,185,BAH,24.972,154,0,L026,,WC,David Lewis,R,180,NZL,24.35,239,0,6-3 7-6,3,R32,,,,,,,,,,,,,,,,,,,
1989-301,Auckland,Hard,32,A,19890109,7,E025,,,Kelly Evernden,R,175,NZL,27.302,96,0,G055,,,Steve Guy,R,188,NZL,29.823,157,0,6-1 6-7 6-1,3,R32,,,,,,,,,,,,,,,,,,,
1989-301,Auckland,Hard,32,A,19890109,8,R023,,,Udo Riglewski,R,185,GER,22.453,97,0,M032,6,,Richard Matuszewski,R,188,USA,24.339,55,0,6-1 4-6 6-2,3,R32,,,,,,,,,,,,,,,,,,,
1989-301,Auckland,Hard,32,A,19890109,9,D008,6,,Horacio De La Pena,L,180,ARG,22.442,50,0,P045,,Q,Gianluca Pozzi,L,180,ITA,23.565,181,0,6-3 3-6 6-2,3,R32,,,,,,,,,,,,,,,,,,,
1989-301,Auckland,Hard,32,A,19890109,10,M064,,,Glenn Michibata,R,175,CAN,26.576,83,0,D049,,,Broderick Dyke,L,183,AUS,28.025,146,0,6-2 6-7 6-4,3,R32,,,,,,,,,,,,,,,,,,,
1989-301,Auckland,Hard,32,A,19890109,11,R016,,,Richey Reneberg,R,180,USA,23.264,133,0,M028,,,Danilo Marcelino,R,193,BRA,22.842,108,0,6-3 4-6 6-3,3,R32,,,,,,,,,,,,,,,,,,,
1989-301,Auckland,Hard,32,A,19890109,12,S072,3,,Milan Srejber,R,203,CZE,25.029,43,0,P004,,,Veli Paloheimo,R,183,FIN,21.076,101,0,7-5 6-7 6-3,3,R32,,,,,,,,,,,,,,,,,,,
1989-301,Auckland,Hard,32,A,19890109,13,G039,8,,Jim Grabb,R,193,USA,24.739,98,0,R042,,Q,John Ross,R,185,USA,24.862,234,0,6-4 7-5,3,R32,,,,,,,,,,,,,,,,,,,
1989-301,Auckland,Hard,32,A,19890109,14,W011,,Q,Robbie Weiss,R,183,USA,22.108,409,0,B074,,,Jimmy Brown,R,180,USA,23.702,159,0,6-4 1-6 9-7,3,R32,,,,,,,,,,,,,,,,,,,
1989-301,Auckland,Hard,32,A,19890109,15,S347,,,Tobias Svantesson,R,193,SWE,25.777,95,0,L197,,WC,Andrew Lobb,R,180,NZL,23.713,638,0,6-2 7-6,3,R32,,,,,,,,,,,,,,,,,,,
1989-301,Auckland,Hard,32,A,19890109,16,K024,2,,Ramesh Krishnan,R,170,IND,27.598,65,0,K033,,,Michael Kures,R,185,USA,24.46,136,0,6-1 7-6,3,R32,,,,,,,,,,,,,,,,,,,
1989-301,Auckland,Hard,32,A,19890109,17,M012,1,,Amos Mansdorf,R,175,ISR,23.222,26,0,W123,,Q,David Wheaton,R,193,USA,19.606,381,0,7-5 6-1,3,R16,,,,,,,,,,,,,,,,,,,
1989-301,Auckland,Hard,32,A,19890109,18,W122,,,Paul Wekesa,R,188,KEN,21.525,184,0,W014,,,Michael Westphal,R,190,GER,23.888,119,0,4-6 6-3 9-7,3,R16,,,,,,,,,,,,,,,,,,,
1989-301,Auckland,Hard,32,A,19890109,19,S340,,,Roger Smith,R,185,BAH,24.972,154,0,C029,,,Paul Chamberlin,R,178,USA,26.793,122,0,6-2 7-6,3,R16,,,,,,,,,,,,,,,,,,,
1989-301,Auckland,Hard,32,A,19890109,20,E025,,,Kelly Evernden,R,175,NZL,27.302,96,0,R023,,,Udo Riglewski,R,185,GER,22.453,97,0,6-4 3-6 6-4,3,R16,,,,,,,,,,,,,,,,,,,
1989-301,Auckland,Hard,32,A,19890109,21,M064,,,Glenn Michibata,R,175,CAN,26.576,83,0,D008,6,,Horacio De La Pena,L,180,ARG,22.442,50,0,3-6 7-5 6-2,3,R16,,,,,,,,,,,,,,,,,,,
1989-301,Auckland,Hard,32,A,19890109,22,R016,,,Richey Reneberg,R,180,USA,23.264,133,0,S072,3,,Milan Srejber,R,203,CZE,25.029,43,0,6-3 6-4,3,R16,,,,,,,,,,,,,,,,,,,
1989-301,Auckland,Hard,32,A,19890109,23,G039,8,,Jim Grabb,R,193,USA,24.739,98,0,W011,,Q,Robbie Weiss,R,183,USA,22.108,409,0,1-6 6-2 6-0,3,R16,,,,,,,,,,,,,,,,,,,
1989-301,Auckland,Hard,32,A,19890109,24,K024,2,,Ramesh Krishnan,R,170,IND,27.598,65,0,S347,,,Tobias Svantesson,R,193,SWE,25.777,95,0,6-3 6-3,3,R16,,,,,,,,,,,,,,,,,,,
1989-301,Auckland,Hard,32,A,19890109,25,M012,1,,Amos Mansdorf,R,175,ISR,23.222,26,0,W122,,,Paul Wekesa,R,188,KEN,21.525,184,0,6-4 2-6 6-2,3,QF,,,,,,,,,,,,,,,,,,,
1989-301,Auckland,Hard,32,A,19890109,26,S340,,,Roger Smith,R,185,BAH,24.972,154,0,E025,,,Kelly Evernden,R,175,NZL,27.302,96,0,7-5 6-2,3,QF,,,,,,,,,,,,,,,,,,,
1989-301,Auckland,Hard,32,A,19890109,27,R016,,,Richey Reneberg,R,180,USA,23.264,133,0,M064,,,Glenn Michibata,R,175,CAN,26.576,83,0,6-1 6-3,3,QF,,,,,,,,,,,,,,,,,,,
1989-301,Auckland,Hard,32,A,19890109,28,K024,2,,Ramesh Krishnan,R,170,IND,27.598,65,0,G039,8,,Jim Grabb,R,193,USA,24.739,98,0,7-5 6-0,3,QF,,,,,,,,,,,,,,,,,,,
1989-301,Auckland,Hard,32,A,19890109,29,M012,1,,Amos Mansdorf,R,175,ISR,23.222,26,0,S340,,,Roger Smith,R,185,BAH,24.972,154,0,6-3 6-2,3,SF,,,,,,,,,,,,,,,,,,,
1989-301,Auckland,Hard,32,A,19890109,30,K024,2,,Ramesh Krishnan,R,170,IND,27.598,65,0,R016,,,Richey Reneberg,R,180,USA,23.264,133,0,7-6 6-3,3,SF,,,,,,,,,,,,,,,,,,,
1989-301,Auckland,Hard,32,A,19890109,31,K024,2,,Ramesh Krishnan,R,170,IND,27.598,65,0,M012,1,,Amos Mansdorf,R,175,ISR,23.222,26,0,6-4 6-0,3,F,,,,,,,,,,,,,,,,,,,
1989-338,Sydney Outdoor,Hard,32,A,19890109,1,L044,,,Peter Lundgren,R,185,SWE,23.945,66,0,L014,1,,Henri Leconte,L,185,FRA,25.52,9,0,6-4 6-3,3,R32,,,,,,,,,,,,,,,,,,,
1989-338,Sydney Outdoor,Hard,32,A,19890109,2,O018,,,Bruno Oresar,R,175,CRO,21.722,56,0,N030,,,Joakim Nystrom,R,188,SWE,25.886,72,0,6-4 6-0,3,R32,,,,,,,,,,,,,,,,,,,
1989-338,Sydney Outdoor,Hard,32,A,19890109,3,T032,,,Thierry Tulasne,R,178,FRA,25.498,77,0,N109,,,Diego Nargiso,L,188,ITA,18.823,93,0,6-4 7-6,3,R32,,,,,,,,,,,,,,,,,,,
1989-338,Sydney Outdoor,Hard,32,A,19890109,4,M030,7,,Wally Masur,R,180,AUS,25.662,46,0,K030,,,Patrik Kuhnen,R,190,GER,22.91,59,0,6-3 5-7 6-4,3,R32,,,,,,,,,,,,,,,,,,,
1989-338,Sydney Outdoor,Hard,32,A,19890109,5,K023,3,,Aaron Krickstein,R,183,USA,21.44,14,0,A066,,,Pieter Aldrich,R,180,RSA,23.34,71,0,6-3 6-7 6-2,3,R32,,,,,,,,,,,,,,,,,,,
1989-338,Sydney Outdoor,Hard,32,A,19890109,6,R029,,,Joey Rive,L,185,USA,25.509,90,0,D036,,WC,Peter Doohan,R,190,AUS,27.691,183,0,6-4 7-6,3,R32,,,,,,,,,,,,,,,,,,,
1989-338,Sydney Outdoor,Hard,32,A,19890109,7,D005,,,Marty Davis,R,183,USA,30.152,92,0,L010,,,Glenn Layendecker,L,185,USA,27.671,86,0,6-4 7-6,3,R32,,,,,,,,,,,,,,,,,,,
1989-338,Sydney Outdoor,Hard,32,A,19890109,8,S080,,,Carl-Uwe Steeb,L,180,GER,21.358,69,0,C001,5,,Darren Cahill,R,185,AUS,23.272,27,0,6-3 4-6 6-1,3,R32,,,,,,,,,,,,,,,,,,,
1989-338,Sydney Outdoor,Hard,32,A,19890109,9,V014,6,,Christo Van Rensburg,R,185,RSA,26.215,35,0,O009,,,Andrei Olhovskiy,R,185,RUS,22.738,89,0,6-3 7-6,3,R32,,,,,,,,,,,,,,,,,,,
1989-338,Sydney Outdoor,Hard,32,A,19890109,10,V037,,,Alexander Volkov,L,188,RUS,21.856,63,0,T004,,Q,Byron Talbot,R,183,RSA,24.318,294,0,6-2 6-3,3,R32,,,,,,,,,,,,,,,,,,,
1989-338,Sydney Outdoor,Hard,32,A,19890109,11,S331,,,Jason Stoltenberg,R,185,AUS,18.768,75,0,F040,,,John Frawley,R,173,AUS,23.518,62,0,7-5 4-6 6-2,3,R32,,,,,,,,,,,,,,,,,,,
1989-338,Sydney Outdoor,Hard,32,A,19890109,12,D015,,Q,Olivier Delaitre,R,170,FRA,21.61,132,0,S101,4,,Jonas Svensson,R,188,SWE,22.22,20,0,6-2 6-4,3,R32,,,,,,,,,,,,,,,,,,,
1989-338,Sydney Outdoor,Hard,32,A,19890109,13,G182,8,,Magnus Gustafsson,R,185,SWE,22.018,51,0,M093,,Q,Alexander Mronz,R,188,GER,23.759,268,0,6-2 6-2,3,R32,,,,,,,,,,,,,,,,,,,
1989-338,Sydney Outdoor,Hard,32,A,19890109,14,N110,,Q,Libor Nemecek,R,168,CZE,20.205,333,0,G053,,,Jan Gunnarsson,R,185,SWE,26.615,84,0,3-6 6-4 6-3,3,R32,,,,,,,,,,,,,,,,,,,
1989-338,Sydney Outdoor,Hard,32,A,19890109,15,C260,,WC,Andrei Cherkasov,R,180,RUS,18.519,223,0,L009,,,Leonardo Lavalle,L,188,MEX,21.492,67,0,6-4 6-1,3,R32,,,,,,,,,,,,,,,,,,,
1989-338,Sydney Outdoor,Hard,32,A,19890109,16,S288,,,Christian Saceanu,R,190,GER,20.507,81,0,C031,2,,Andrei Chesnokov,R,188,RUS,22.935,21,0,4-6 6-4 6-4,3,R32,,,,,,,,,,,,,,,,,,,
1989-338,Sydney Outdoor,Hard,32,A,19890109,17,O018,,,Bruno Oresar,R,175,CRO,21.722,56,0,L044,,,Peter Lundgren,R,185,SWE,23.945,66,0,2-6 7-6 6-2,3,R16,,,,,,,,,,,,,,,,,,,
1989-338,Sydney Outdoor,Hard,32,A,19890109,18,M030,7,,Wally Masur,R,180,AUS,25.662,46,0,T032,,,Thierry Tulasne,R,178,FRA,25.498,77,0,7-5 6-2,3,R16,,,,,,,,,,,,,,,,,,,
1989-338,Sydney Outdoor,Hard,32,A,19890109,19,K023,3,,Aaron Krickstein,R,183,USA,21.44,14,0,R029,,,Joey Rive,L,185,USA,25.509,90,0,6-3 6-4,3,R16,,,,,,,,,,,,,,,,,,,
1989-338,Sydney Outdoor,Hard,32,A,19890109,20,S080,,,Carl-Uwe Steeb,L,180,GER,21.358,69,0,D005,,,Marty Davis,R,183,USA,30.152,92,0,7-5 6-3,3,R16,,,,,,,,,,,,,,,,,,,
1989-338,Sydney Outdoor,Hard,32,A,19890109,21,V014,6,,Christo Van Rensburg,R,185,RSA,26.215,35,0,V037,,,Alexander Volkov,L,188,RUS,21.856,63,0,7-6 7-6,3,R16,,,,,,,,,,,,,,,,,,,
1989-338,Sydney Outdoor,Hard,32,A,19890109,22,D015,,Q,Olivier Delaitre,R,170,FRA,21.61,132,0,S331,,,Jason Stoltenberg,R,185,AUS,18.768,75,0,7-6 6-2,3,R16,,,,,,,,,,,,,,,,,,,
1989-338,Sydney Outdoor,Hard,32,A,19890109,23,N110,,Q,Libor Nemecek,R,168,CZE,20.205,333,0,G182,8,,Magnus Gustafsson,R,185,SWE,22.018,51,0,3-6 6-1 6-1,3,R16,,,,,,,,,,,,,,,,,,,
1989-338,Sydney Outdoor,Hard,32,A,19890109,24,C260,,WC,Andrei Cherkasov,R,180,RUS,18.519,223,0,S288,,,Christian Saceanu,R,190,GER,20.507,81,0,6-3 6-3,3,R16,,,,,,,,,,,,,,,,,,,
1989-338,Sydney Outdoor,Hard,32,A,19890109,25,O018,,,Bruno Oresar,R,175,CRO,21.722,56,0,M030,7,,Wally Masur,R,180,AUS,25.662,46,0,7-5 6-4,3,QF,,,,,,,,,,,,,,,,,,,
1989-338,Sydney Outdoor,Hard,32,A,19890109,26,K023,3,,Aaron Krickstein,R,183,USA,21.44,14,0,S080,,,Carl-Uwe Steeb,L,180,GER,21.358,69,0,2-6 6-3 6-3,3,QF,,,,,,,,,,,,,,,,,,,
1989-338,Sydney Outdoor,Hard,32,A,19890109,27,D015,,Q,Olivier Delaitre,R,170,FRA,21.61,132,0,V014,6,,Christo Van Rensburg,R,185,RSA,26.215,35,0,7-5 6-3,3,QF,,,,,,,,,,,,,,,,,,,
1989-338,Sydney Outdoor,Hard,32,A,19890109,28,C260,,WC,Andrei Cherkasov,R,180,RUS,18.519,223,0,N110,,Q,Libor Nemecek,R,168,CZE,20.205,333,0,6-1 6-3,3,QF,,,,,,,,,,,,,,,,,,,
1989-338,Sydney Outdoor,Hard,32,A,19890109,29,K023,3,,Aaron Krickstein,R,183,USA,21.44,14,0,O018,,,Bruno Oresar,R,175,CRO,21.722,56,0,6-0 2-6 6-4,3,SF,,,,,,,,,,,,,,,,,,,
1989-338,Sydney Outdoor,Hard,32,A,19890109,30,C260,,WC,Andrei Cherkasov,R,180,RUS,18.519,223,0,D015,,Q,Olivier Delaitre,R,170,FRA,21.61,132,0,7-5 6-1,3,SF,,,,,,,,,,,,,,,,,,,
1989-338,Sydney Outdoor,Hard,32,A,19890109,31,K023,3,,Aaron Krickstein,R,183,USA,21.44,14,0,C260,,WC,Andrei Cherkasov,R,180,RUS,18.519,223,0,6-4 6-2,3,F,,,,,,,,,,,,,,,,,,,
1989-580,Australian Open,Hard,128,G,19890116,1,W023,1,,Mats Wilander,R,183,SWE,24.402464,1,0,S347,,,Tobias Svantesson,R,193,SWE,25.796,100,0,6-3 2-6 7-5 5-7 6-3,5,R128,,,,,,,,,,,,,,,,,,,
1989-580,Australian Open,Hard,128,G,19890116,2,K024,,,Ramesh Krishnan,R,170,IND,27.617,51,0,T004,,Q,Byron Talbot,R,183,RSA,24.337,283,0,7-6 6-3 4-6 7-5,5,R128,,,,,,,,,,,,,,,,,,,
1989-580,Australian Open,Hard,128,G,19890116,3,P004,,,Veli Paloheimo,R,183,FIN,21.095,103,0,A066,,,Pieter Aldrich,R,180,RSA,23.359,69,0,6-3 3-6 6-3 3-6 6-4,5,R128,,,,,,,,,,,,,,,,,,,
1989-580,Australian Open,Hard,128,G,19890116,4,L009,,,Leonardo Lavalle,L,188,MEX,21.511,74,0,S045,,,Leif Shiras,R,183,USA,29.407,113,0,7-6 2-6 7-6 6-2,5,R128,,,,,,,,,,,,,,,,,,,
1989-580,Australian Open,Hard,128,G,19890116,5,N018,,,Tom Nijssen,R,175,NED,24.293,119,0,Y002,,,Simon Youl,R,185,AUS,23.546,111,0,7-5 4-1 RET,5,R128,,,,,,,,,,,,,,,,,,,
1989-580,Australian Open,Hard,128,G,19890116,6,Z006,,,Slobodan Zivojinovic,R,198,YUG,25.487,33,0,F164,,,Richard Fromberg,R,196,AUS,18.721,112,0,6-7 6-4 6-2 6-3,5,R128,,,,,,,,,,,,,,,,,,,
1989-580,Australian Open,Hard,128,G,19890116,7,I034,,Q,Goran Ivanisevic,L,193,CRO,17.344,300,0,L206,,Q,Magnus Larsson,R,193,SWE,18.815,381,0,6-3 6-4 2-6 7-6,5,R128,,,,,,,,,,,,,,,,,,,
1989-580,Australian Open,Hard,128,G,19890116,8,F028,15,,John Fitzgerald,R,183,AUS,28.052,25,0,B294,,,Shane Barr,R,193,AUS,19.239,163,0,6-3 6-4 6-4,5,R128,,,,,,,,,,,,,,,,,,,
1989-580,Australian Open,Hard,128,G,19890116,9,M052,9,,Miloslav Mecir Sr.,R,190,SVK,24.663,13,0,C028,,,Thierry Champion,R,183,FRA,22.379,129,0,6-3 6-2 6-2,5,R128,,,,,,,,,,,,,,,,,,,
1989-580,Australian Open,Hard,128,G,19890116,10,K021,,,Mark Kratzmann,L,178,AUS,22.669,115,0,F035,,,Guy Forget,L,190,FRA,24.033,46,0,6-3 5-7 7-6 6-2,5,R128,,,,,,,,,,,,,,,,,,,
1989-580,Australian Open,Hard,128,G,19890116,11,J006,,,Anders Jarryd,R,180,SWE,27.513,31,0,P210,,WC,Ian Peter-Budge,R,,AUS,,695,0,6-0 7-5 6-0,5,R128,,,,,,,,,,,,,,,,,,,
1989-580,Australian Open,Hard,128,G,19890116,12,S331,,,Jason Stoltenberg,R,185,AUS,18.787,71,0,N100,,,Piet Norval,R,185,RSA,18.779,193,0,6-3 3-6 0-6 6-2 6-1,5,R128,,,,,,,,,,,,,,,,,,,
1989-580,Australian Open,Hard,128,G,19890116,13,V014,,,Christo Van Rensburg,R,185,RSA,26.234,36,0,M172,,Q,Tom Mercer,R,185,USA,24.183,349,0,6-2 6-3 4-6 6-1,5,R128,,,,,,,,,,,,,,,,,,,
1989-580,Australian Open,Hard,128,G,19890116,14,B075,,,Neil Broad,R,190,GBR,22.157,130,0,S329,,,Cyril Suk,R,180,CZE,21.966,183,0,3-6 7-6 6-1 6-2,5,R128,,,,,,,,,,,,,,,,,,,
1989-580,Australian Open,Hard,128,G,19890116,15,M028,,,Danilo Marcelino,R,193,BRA,22.861,123,0,A176,,,Jan Apell,L,183,SWE,19.201,221,0,3-6 6-3 5-7 7-5 6-4,5,R128,,,,,,,,,,,,,,,,,,,
1989-580,Australian Open,Hard,128,G,19890116,16,W035,,,Mark Woodforde,L,188,AUS,23.316,39,0,N022,8,,Yannick Noah,R,193,FRA,28.665,12,0,6-4 6-7 6-2 6-7 6-4,5,R128,,,,,,,,,,,,,,,,,,,
1989-580,Australian Open,Hard,128,G,19890116,17,B028,3,,Boris Becker,R,190,GER,21.153,4,0,G055,,,Steve Guy,R,188,NZL,29.843,173,0,6-2 3-6 6-2 6-1,5,R128,,,,,,,,,,,,,,,,,,,
1989-580,Australian Open,Hard,128,G,19890116,18,E025,,,Kelly Evernden,R,175,NZL,27.321,92,0,A162,,WC,Adam Anderson,R,180,AUS,19.072,319,0,7-6 6-3 6-4,5,R128,,,,,,,,,,,,,,,,,,,
1989-580,Australian Open,Hard,128,G,19890116,19,P048,,,Chris Pridham,R,183,CAN,23.767,208,0,D040,,,Brad Drewett,L,185,AUS,30.497,110,0,4-6 7-5 6-3 6-0,5,R128,,,,,,,,,,,,,,,,,,,
1989-580,Australian Open,Hard,128,G,19890116,20,L010,,,Glenn Layendecker,L,185,USA,27.691,93,0,K033,,,Michael Kures,R,185,USA,24.479,138,0,6-2 6-4 6-2,5,R128,,,,,,,,,,,,,,,,,,,
1989-580,Australian Open,Hard,128,G,19890116,21,M030,,,Wally Masur,R,180,AUS,25.681,47,0,A163,,,Johan Anderson,R,183,AUS,17.3,241,0,6-4 6-4 6-2,5,R128,,,,,,,,,,,,,,,,,,,
1989-580,Australian Open,Hard,128,G,19890116,22,M338,,,Shuzo Matsuoka,R,185,JPN,21.196,64,0,C018,,,Johan Carlsson,R,183,SWE,22.965,162,0,7-6 6-4 7-6,5,R128,,,,,,,,,,,,,,,,,,,
1989-580,Australian Open,Hard,128,G,19890116,23,B042,,,Hans-Dieter Beutel,R,185,GER,26.598,145,0,P213,,Q,Laurent Prades,L,183,FRA,20.496,399,0,0-6 4-6 6-4 6-3 6-1,5,R128,,,,,,,,,,,,,,,,,,,
1989-580,Australian Open,Hard,128,G,19890116,24,S101,14,,Jonas Svensson,R,188,SWE,22.24,21,0,O015,,,Menno Oosting,R,180,NED,24.668,189,0,6-2 6-0 6-4,5,R128,,,,,,,,,,,,,,,,,,,
1989-580,Australian Open,Hard,128,G,19890116,25,P024,12,,Mikael Pernfors,R,173,SWE,25.506,18,0,R186,,Q,Guillaume Raoux,R,180,FRA,18.921,438,0,6-0 6-4 6-1,5,R128,,,,,,,,,,,,,,,,,,,
1989-580,Australian Open,Hard,128,G,19890116,26,M057,,,Tore Meinecke,R,180,GER,21.492,105,0,W007,,WC,Laurie Warder,R,183,AUS,26.234,379,0,4-6 6-4 0-6 7-6 6-2,5,R128,,,,,,,,,,,,,,,,,,,
1989-580,Australian Open,Hard,128,G,19890116,27,S021,,,Michiel Schapers,R,201,NED,29.268,50,0,M197,,,Nuno Marques,L,190,POR,18.773,228,0,6-3 6-4 6-4,5,R128,,,,,,,,,,,,,,,,,,,
1989-580,Australian Open,Hard,128,G,19890116,28,D005,,,Marty Davis,R,183,USA,30.171,94,0,F181,,Q,Oliver Fuchs,R,180,AUT,17.84,518,0,2-6 7-5 6-3 6-0,5,R128,,,,,,,,,,,,,,,,,,,
1989-580,Australian Open,Hard,128,G,19890116,29,C029,,,Paul Chamberlin,R,178,USA,26.812,121,0,N030,,,Joakim Nystrom,R,188,SWE,25.906,76,0,6-2 4-6 3-6 6-2 6-4,5,R128,,,,,,,,,,,,,,,,,,,
1989-580,Australian Open,Hard,128,G,19890116,30,K008,,,Damir Keretic,R,178,GER,28.81,202,0,W001,,,Lars-Anders Wahlgren,R,193,SWE,22.398,209,0,4-6 6-2 6-4 7-6,5,R128,,,,,,,,,,,,,,,,,,,
1989-580,Australian Open,Hard,128,G,19890116,31,S288,,,Christian Saceanu,R,190,GER,20.526,81,0,S402,,,Pete Sampras,R,185,USA,17.432,87,0,6-4 6-4 7-6,5,R128,,,,,,,,,,,,,,,,,,,
1989-580,Australian Open,Hard,128,G,19890116,32,G053,,,Jan Gunnarsson,R,185,SWE,26.634,85,0,L014,6,,Henri Leconte,L,185,FRA,25.539,10,0,6-4 6-3 6-2,5,R128,,,,,,,,,,,,,,,,,,,
1989-580,Australian Open,Hard,128,G,19890116,33,C001,,,Darren Cahill,R,185,AUS,23.291,27,0,H025,5,,Jakob Hlasek,R,188,SUI,24.178,8,0,6-4 6-7 6-3 7-6,5,R128,,,,,,,,,,,,,,,,,,,
1989-580,Australian Open,Hard,128,G,19890116,34,D015,,,Olivier Delaitre,R,170,FRA,21.629,83,0,P052,,,Jim Pugh,R,193,USA,24.947,72,0,7-6 6-3 1-6 6-3,5,R128,,,,,,,,,,,,,,,,,,,
1989-580,Australian Open,Hard,128,G,19890116,35,G182,,,Magnus Gustafsson,R,185,SWE,22.037,49,0,M396,,Q,Charles Merzbacher,R,185,USA,23.959,398,0,7-5 6-3 7-5,5,R128,,,,,,,,,,,,,,,,,,,
1989-580,Australian Open,Hard,128,G,19890116,36,D008,,,Horacio De La Pena,L,180,ARG,22.461,52,0,L044,,,Peter Lundgren,R,185,SWE,23.964,63,0,6-3 6-3 6-1,5,R128,,,,,,,,,,,,,,,,,,,
1989-580,Australian Open,Hard,128,G,19890116,37,V032,,,Danie Visser,L,180,RSA,27.477,146,0,M405,,WC,John Marinov,R,,AUS,,532,0,6-2 6-1 6-2,5,R128,,,,,,,,,,,,,,,,,,,
1989-580,Australian Open,Hard,128,G,19890116,38,F040,,,John Frawley,R,173,AUS,23.537,68,0,M064,,,Glenn Michibata,R,175,CAN,26.595,82,0,7-6 3-6 7-6 6-0,5,R128,,,,,,,,,,,,,,,,,,,
1989-580,Australian Open,Hard,128,G,19890116,39,W122,,,Paul Wekesa,R,188,KEN,21.544,159,0,O018,,,Bruno Oresar,R,175,CRO,21.741,54,0,7-6 3-6 0-6 7-6 6-4,5,R128,,,,,,,,,,,,,,,,,,,
1989-580,Australian Open,Hard,128,G,19890116,40,M099,11,,Thomas Muster,L,180,AUT,21.292,15,0,R029,,,Joey Rive,L,185,USA,25.528,88,0,6-4 6-2 6-4,5,R128,,,,,,,,,,,,,,,,,,,
1989-580,Australian Open,Hard,128,G,19890116,41,C023,13,,Pat Cash,R,183,AUS,23.641,19,0,C059,,WC,Brett Custer,R,183,AUS,20.794,367,0,6-3 6-1 6-1,5,R128,,,,,,,,,,,,,,,,,,,
1989-580,Australian Open,Hard,128,G,19890116,42,R016,,,Richey Reneberg,R,180,USA,23.283,104,0,N109,,,Diego Nargiso,L,188,ITA,18.842,102,0,7-6 3-6 6-4 6-0,5,R128,,,,,,,,,,,,,,,,,,,
1989-580,Australian Open,Hard,128,G,19890116,43,B021,,,Jeremy Bates,R,180,GBR,26.579,179,0,M408,,WC,Jamie Morgan,R,185,AUS,17.61,493,0,6-2 3-6 6-1 6-4,5,R128,,,,,,,,,,,,,,,,,,,
1989-580,Australian Open,Hard,128,G,19890116,44,P045,,,Gianluca Pozzi,L,180,ITA,23.584,178,0,G039,,,Jim Grabb,R,193,USA,24.758,95,0,4-6 6-3 6-4 3-6 6-3,5,R128,,,,,,,,,,,,,,,,,,,
1989-580,Australian Open,Hard,128,G,19890116,45,K022,,,Johan Kriek,R,175,USA,30.784,40,0,C017,,WC,Peter Carter,R,180,AUS,24.438,292,0,6-7 6-3 6-2 6-3,5,R128,,,,,,,,,,,,,,,,,,,
1989-580,Australian Open,Hard,128,G,19890116,46,W136,,,Todd Woodbridge,R,178,AUS,17.793,205,0,B074,,,Jimmy Brown,R,180,USA,23.721,211,0,0-6 7-6 7-6 6-0,5,R128,,,,,,,,,,,,,,,,,,,
1989-580,Australian Open,Hard,128,G,19890116,47,M089,,,Heiner Moraing,R,190,GER,24.454,169,0,T032,,,Thierry Tulasne,R,178,FRA,25.517,80,0,6-2 6-2 1-0 RET,5,R128,,,,,,,,,,,,,,,,,,,
1989-580,Australian Open,Hard,128,G,19890116,48,E004,4,,Stefan Edberg,R,188,SWE,22.992,5,0,S340,,,Roger Smith,R,185,BAH,24.991,116,0,6-4 3-6 6-4 6-3,5,R128,,,,,,,,,,,,,,,,,,,
1989-580,Australian Open,Hard,128,G,19890116,49,M047,7,,John McEnroe,L,180,USA,29.916,11,0,W014,,,Michael Westphal,R,190,GER,23.907,124,0,6-4 7-5 2-6 6-2,5,R128,,,,,,,,,,,,,,,,,,,
1989-580,Australian Open,Hard,128,G,19890116,50,D049,,,Broderick Dyke,L,183,AUS,28.044,157,0,K156,,Q,Kent Kinnear,R,196,USA,22.13,299,0,6-3 6-2 6-4,5,R128,,,,,,,,,,,,,,,,,,,
1989-580,Australian Open,Hard,128,G,19890116,51,K030,,,Patrik Kuhnen,R,190,GER,22.93,62,0,W123,,Q,David Wheaton,R,193,USA,19.625,330,0,6-2 6-3 6-3,5,R128,,,,,,,,,,,,,,,,,,,
1989-580,Australian Open,Hard,128,G,19890116,52,K016,,,Mark Koevermans,R,185,NED,20.953,135,0,M096,,,Gary Muller,L,190,RSA,24.055,165,0,6-1 6-4 6-4,5,R128,,,,,,,,,,,,,,,,,,,
1989-580,Australian Open,Hard,128,G,19890116,53,K133,,,Niclas Kroon,R,183,SWE,22.946,195,0,H032,,Q,Charles Honey,R,185,RSA,26.924,396,0,6-0 7-5 6-4,5,R128,,,,,,,,,,,,,,,,,,,
1989-580,Australian Open,Hard,128,G,19890116,54,C046,,,Grant Connell,L,185,CAN,23.165,137,0,C113,,,Joao Cunha-Silva,R,173,POR,21.139,224,0,6-4 6-4 7-6,5,R128,,,,,,,,,,,,,,,,,,,
1989-580,Australian Open,Hard,128,G,19890116,55,T136,,,Jeff Tarango,L,180,USA,20.156,99,0,D036,,,Peter Doohan,R,190,AUS,27.71,191,0,7-5 7-5 6-3,5,R128,,,,,,,,,,,,,,,,,,,
1989-580,Australian Open,Hard,128,G,19890116,56,K023,10,,Aaron Krickstein,R,183,USA,21.459,14,0,R023,,,Udo Riglewski,R,185,GER,22.472,98,0,7-5 2-6 6-4 6-1,5,R128,,,,,,,,,,,,,,,,,,,
1989-580,Australian Open,Hard,128,G,19890116,57,M012,16,,Amos Mansdorf,R,175,ISR,23.242,26,0,L013,,Q,Rick Leach,L,188,USA,24.052,245,0,6-7 6-2 6-4 7-6,5,R128,,,,,,,,,,,,,,,,,,,
1989-580,Australian Open,Hard,128,G,19890116,58,M032,,,Richard Matuszewski,R,188,USA,24.359,57,0,T127,,WC,Carl Turich,R,,AUS,20.041,401,0,6-4 6-2 6-4,5,R128,,,,,,,,,,,,,,,,,,,
1989-580,Australian Open,Hard,128,G,19890116,59,G174,,Q,Bret Garnett,R,185,USA,21.544,341,0,M386,,Q,Young Min Kwon,R,,KOR,,413,0,6-2 6-3 6-2,5,R128,,,,,,,,,,,,,,,,,,,
1989-580,Australian Open,Hard,128,G,19890116,60,A134,,Q,Malcolm Allen,R,178,USA,21.514,257,0,L008,,,Martin Laurendeau,R,190,CAN,24.52,190,0,4-6 6-3 6-4 6-4,5,R128,,,,,,,,,,,,,,,,,,,
1989-580,Australian Open,Hard,128,G,19890116,61,K181,,,Nicklas Kulti,R,190,SWE,17.739,175,0,B322,,LL,Chris Bailey,R,196,GBR,20.717,218,0,6-2 3-6 7-5 6-1,5,R128,,,,,,,,,,,,,,,,,,,
1989-580,Australian Open,Hard,128,G,19890116,62,W026,,,Eric Winogradsky,R,188,FRA,22.738,168,0,B293,,,Patrick Baur,R,188,GER,23.707,156,0,6-4 7-6 6-4,5,R128,,,,,,,,,,,,,,,,,,,
1989-580,Australian Open,Hard,128,G,19890116,63,S080,,,Carl-Uwe Steeb,L,180,GER,21.377,65,0,M130,,,Agustin Moreno,R,180,MEX,21.799,217,0,6-1 6-4 6-2,5,R128,,,,,,,,,,,,,,,,,,,
1989-580,Australian Open,Hard,128,G,19890116,64,L018,2,,Ivan Lendl,R,188,USA,28.862,2,0,M093,,,Alexander Mronz,R,188,GER,23.778,276,0,6-0 6-1 6-3,5,R128,,,,,,,,,,,,,,,,,,,
1989-580,Australian Open,Hard,128,G,19890116,65,K024,,,Ramesh Krishnan,R,170,IND,27.617,51,0,W023,1,,Mats Wilander,R,183,SWE,24.402464,1,0,6-3 6-2 7-6,5,R64,,,,,,,,,,,,,,,,,,,
1989-580,Australian Open,Hard,128,G,19890116,66,L009,,,Leonardo Lavalle,L,188,MEX,21.511,74,0,P004,,,Veli Paloheimo,R,183,FIN,21.095,103,0,6-0 1-6 6-2 6-1,5,R64,,,,,,,,,,,,,,,,,,,
1989-580,Australian Open,Hard,128,G,19890116,67,N018,,,Tom Nijssen,R,175,NED,24.293,119,0,Z006,,,Slobodan Zivojinovic,R,198,YUG,25.487,33,0,6-3 6-2 3-6 6-3,5,R64,,,,,,,,,,,,,,,,,,,
1989-580,Australian Open,Hard,128,G,19890116,68,I034,,Q,Goran Ivanisevic,L,193,CRO,17.344,300,0,F028,15,,John Fitzgerald,R,183,AUS,28.052,25,0,6-3 4-6 6-3 6-4,5,R64,,,,,,,,,,,,,,,,,,,
1989-580,Australian Open,Hard,128,G,19890116,69,M052,9,,Miloslav Mecir Sr.,R,190,SVK,24.663,13,0,K021,,,Mark Kratzmann,L,178,AUS,22.669,115,0,6-2 6-7 7-6 6-2,5,R64,,,,,,,,,,,,,,,,,,,
1989-580,Australian Open,Hard,128,G,19890116,70,S331,,,Jason Stoltenberg,R,185,AUS,18.787,71,0,J006,,,Anders Jarryd,R,180,SWE,27.513,31,0,6-3 7-6 5-7 7-5,5,R64,,,,,,,,,,,,,,,,,,,
1989-580,Australian Open,Hard,128,G,19890116,71,V014,,,Christo Van Rensburg,R,185,RSA,26.234,36,0,B075,,,Neil Broad,R,190,GBR,22.157,130,0,6-3 6-3 5-7 1-6 6-2,5,R64,,,,,,,,,,,,,,,,,,,
1989-580,Australian Open,Hard,128,G,19890116,72,W035,,,Mark Woodforde,L,188,AUS,23.316,39,0,M028,,,Danilo Marcelino,R,193,BRA,22.861,123,0,6-4 6-0 6-2,5,R64,,,,,,,,,,,,,,,,,,,
1989-580,Australian Open,Hard,128,G,19890116,73,B028,3,,Boris Becker,R,190,GER,21.153,4,0,E025,,,Kelly Evernden,R,175,NZL,27.321,92,0,7-5 6-1 6-3,5,R64,,,,,,,,,,,,,,,,,,,
1989-580,Australian Open,Hard,128,G,19890116,74,P048,,,Chris Pridham,R,183,CAN,23.767,208,0,L010,,,Glenn Layendecker,L,185,USA,27.691,93,0,6-7 2-6 6-3 7-6 12-10,5,R64,,,,,,,,,,,,,,,,,,,
1989-580,Australian Open,Hard,128,G,19890116,75,M030,,,Wally Masur,R,180,AUS,25.681,47,0,M338,,,Shuzo Matsuoka,R,185,JPN,21.196,64,0,6-3 6-1 6-3,5,R64,,,,,,,,,,,,,,,,,,,
1989-580,Australian Open,Hard,128,G,19890116,76,S101,14,,Jonas Svensson,R,188,SWE,22.24,21,0,B042,,,Hans-Dieter Beutel,R,185,GER,26.598,145,0,6-3 6-4 6-3,5,R64,,,,,,,,,,,,,,,,,,,
1989-580,Australian Open,Hard,128,G,19890116,77,P024,12,,Mikael Pernfors,R,173,SWE,25.506,18,0,M057,,,Tore Meinecke,R,180,GER,21.492,105,0,6-2 6-3 6-2,5,R64,,,,,,,,,,,,,,,,,,,
1989-580,Australian Open,Hard,128,G,19890116,78,S021,,,Michiel Schapers,R,201,NED,29.268,50,0,D005,,,Marty Davis,R,183,USA,30.171,94,0,6-7 7-6 6-1 6-2,5,R64,,,,,,,,,,,,,,,,,,,
1989-580,Australian Open,Hard,128,G,19890116,79,K008,,,Damir Keretic,R,178,GER,28.81,202,0,C029,,,Paul Chamberlin,R,178,USA,26.812,121,0,7-6 6-7 3-6 6-4 9-7,5,R64,,,,,,,,,,,,,,,,,,,
1989-580,Australian Open,Hard,128,G,19890116,80,G053,,,Jan Gunnarsson,R,185,SWE,26.634,85,0,S288,,,Christian Saceanu,R,190,GER,20.526,81,0,6-1 6-2 6-7 4-6 6-1,5,R64,,,,,,,,,,,,,,,,,,,
1989-580,Australian Open,Hard,128,G,19890116,81,C001,,,Darren Cahill,R,185,AUS,23.291,27,0,D015,,,Olivier Delaitre,R,170,FRA,21.629,83,0,4-6 6-1 6-1 6-1,5,R64,,,,,,,,,,,,,,,,,,,
1989-580,Australian Open,Hard,128,G,19890116,82,G182,,,Magnus Gustafsson,R,185,SWE,22.037,49,0,D008,,,Horacio De La Pena,L,180,ARG,22.461,52,0,6-3 7-5 6-2,5,R64,,,,,,,,,,,,,,,,,,,
1989-580,Australian Open,Hard,128,G,19890116,83,V032,,,Danie Visser,L,180,RSA,27.477,146,0,F040,,,John Frawley,R,173,AUS,23.537,68,0,7-6 6-3 7-6,5,R64,,,,,,,,,,,,,,,,,,,
1989-580,Australian Open,Hard,128,G,19890116,84,M099,11,,Thomas Muster,L,180,AUT,21.292,15,0,W122,,,Paul Wekesa,R,188,KEN,21.544,159,0,4-6 7-6 6-2 6-3,5,R64,,,,,,,,,,,,,,,,,,,
1989-580,Australian Open,Hard,128,G,19890116,85,C023,13,,Pat Cash,R,183,AUS,23.641,19,0,R016,,,Richey Reneberg,R,180,USA,23.283,104,0,6-3 6-3 6-7 4-6 6-3,5,R64,,,,,,,,,,,,,,,,,,,
1989-580,Australian Open,Hard,128,G,19890116,86,B021,,,Jeremy Bates,R,180,GBR,26.579,179,0,P045,,,Gianluca Pozzi,L,180,ITA,23.584,178,0,6-4 6-3 6-4,5,R64,,,,,,,,,,,,,,,,,,,
1989-580,Australian Open,Hard,128,G,19890116,87,K022,,,Johan Kriek,R,175,USA,30.784,40,0,W136,,,Todd Woodbridge,R,178,AUS,17.793,205,0,7-5 6-3 6-1,5,R64,,,,,,,,,,,,,,,,,,,
1989-580,Australian Open,Hard,128,G,19890116,88,E004,4,,Stefan Edberg,R,188,SWE,22.992,5,0,M089,,,Heiner Moraing,R,190,GER,24.454,169,0,6-4 7-5 7-5,5,R64,,,,,,,,,,,,,,,,,,,
1989-580,Australian Open,Hard,128,G,19890116,89,M047,7,,John McEnroe,L,180,USA,29.916,11,0,D049,,,Broderick Dyke,L,183,AUS,28.044,157,0,6-2 4-6 6-4 6-3,5,R64,,,,,,,,,,,,,,,,,,,
1989-580,Australian Open,Hard,128,G,19890116,90,K030,,,Patrik Kuhnen,R,190,GER,22.93,62,0,K016,,,Mark Koevermans,R,185,NED,20.953,135,0,6-1 6-4 7-6,5,R64,,,,,,,,,,,,,,,,,,,
1989-580,Australian Open,Hard,128,G,19890116,91,K133,,,Niclas Kroon,R,183,SWE,22.946,195,0,C046,,,Grant Connell,L,185,CAN,23.165,137,0,7-6 7-6 6-3,5,R64,,,,,,,,,,,,,,,,,,,
1989-580,Australian Open,Hard,128,G,19890116,92,K023,10,,Aaron Krickstein,R,183,USA,21.459,14,0,T136,,,Jeff Tarango,L,180,USA,20.156,99,0,6-3 6-0 6-2,5,R64,,,,,,,,,,,,,,,,,,,
1989-580,Australian Open,Hard,128,G,19890116,93,M012,16,,Amos Mansdorf,R,175,ISR,23.242,26,0,M032,,,Richard Matuszewski,R,188,USA,24.359,57,0,6-2 6-2 7-5,5,R64,,,,,,,,,,,,,,,,,,,
1989-580,Australian Open,Hard,128,G,19890116,94,G174,,Q,Bret Garnett,R,185,USA,21.544,341,0,A134,,Q,Malcolm Allen,R,178,USA,21.514,257,0,4-6 6-4 6-2 6-2,5,R64,,,,,,,,,,,,,,,,,,,
1989-580,Australian Open,Hard,128,G,19890116,95,K181,,,Nicklas Kulti,R,190,SWE,17.739,175,0,W026,,,Eric Winogradsky,R,188,FRA,22.738,168,0,6-2 7-6 5-7 6-2,5,R64,,,,,,,,,,,,,,,,,,,
1989-580,Australian Open,Hard,128,G,19890116,96,L018,2,,Ivan Lendl,R,188,USA,28.862,2,0,S080,,,Carl-Uwe Steeb,L,180,GER,21.377,65,0,6-2 3-6 6-0 6-3,5,R64,,,,,,,,,,,,,,,,,,,
1989-580,Australian Open,Hard,128,G,19890116,97,L009,,,Leonardo Lavalle,L,188,MEX,21.511,74,0,K024,,,Ramesh Krishnan,R,170,IND,27.617,51,0,7-5 6-4 3-6 6-3,5,R32,,,,,,,,,,,,,,,,,,,
1989-580,Australian Open,Hard,128,G,19890116,98,I034,,Q,Goran Ivanisevic,L,193,CRO,17.344,300,0,N018,,,Tom Nijssen,R,175,NED,24.293,119,0,6-4 6-4 6-0,5,R32,,,,,,,,,,,,,,,,,,,
1989-580,Australian Open,Hard,128,G,19890116,99,M052,9,,Miloslav Mecir Sr.,R,190,SVK,24.663,13,0,S331,,,Jason Stoltenberg,R,185,AUS,18.787,71,0,6-2 6-1 6-3,5,R32,,,,,,,,,,,,,,,,,,,
1989-580,Australian Open,Hard,128,G,19890116,100,V014,,,Christo Van Rensburg,R,185,RSA,26.234,36,0,W035,,,Mark Woodforde,L,188,AUS,23.316,39,0,2-6 6-2 6-7 6-4 6-0,5,R32,,,,,,,,,,,,,,,,,,,
1989-580,Australian Open,Hard,128,G,19890116,101,B028,3,,Boris Becker,R,190,GER,21.153,4,0,P048,,,Chris Pridham,R,183,CAN,23.767,208,0,6-0 6-1 6-2,5,R32,,,,,,,,,,,,,,,,,,,
1989-580,Australian Open,Hard,128,G,19890116,102,S101,14,,Jonas Svensson,R,188,SWE,22.24,21,0,M030,,,Wally Masur,R,180,AUS,25.681,47,0,4-6 6-2 6-3 6-3,5,R32,,,,,,,,,,,,,,,,,,,
1989-580,Australian Open,Hard,128,G,19890116,103,S021,,,Michiel Schapers,R,201,NED,29.268,50,0,P024,12,,Mikael Pernfors,R,173,SWE,25.506,18,0,6-7 7-5 7-6 6-0,5,R32,,,,,,,,,,,,,,,,,,,
1989-580,Australian Open,Hard,128,G,19890116,104,G053,,,Jan Gunnarsson,R,185,SWE,26.634,85,0,K008,,,Damir Keretic,R,178,GER,28.81,202,0,6-3 6-4 3-6 6-3,5,R32,,,,,,,,,,,,,,,,,,,
1989-580,Australian Open,Hard,128,G,19890116,105,G182,,,Magnus Gustafsson,R,185,SWE,22.037,49,0,C001,,,Darren Cahill,R,185,AUS,23.291,27,0,6-7 0-6 7-5 6-2 6-4,5,R32,,,,,,,,,,,,,,,,,,,
1989-580,Australian Open,Hard,128,G,19890116,106,M099,11,,Thomas Muster,L,180,AUT,21.292,15,0,V032,,,Danie Visser,L,180,RSA,27.477,146,0,6-7 6-3 3-6 6-3 11-9,5,R32,,,,,,,,,,,,,,,,,,,
1989-580,Australian Open,Hard,128,G,19890116,107,C023,13,,Pat Cash,R,183,AUS,23.641,19,0,B021,,,Jeremy Bates,R,180,GBR,26.579,179,0,7-6 6-2 6-3,5,R32,,,,,,,,,,,,,,,,,,,
1989-580,Australian Open,Hard,128,G,19890116,108,E004,4,,Stefan Edberg,R,188,SWE,22.992,5,0,K022,,,Johan Kriek,R,175,USA,30.784,40,0,7-5 7-5 7-5,5,R32,,,,,,,,,,,,,,,,,,,
1989-580,Australian Open,Hard,128,G,19890116,109,M047,7,,John McEnroe,L,180,USA,29.916,11,0,K030,,,Patrik Kuhnen,R,190,GER,22.93,62,0,6-2 7-5 6-2,5,R32,,,,,,,,,,,,,,,,,,,
1989-580,Australian Open,Hard,128,G,19890116,110,K023,10,,Aaron Krickstein,R,183,USA,21.459,14,0,K133,,,Niclas Kroon,R,183,SWE,22.946,195,0,6-4 7-5 6-4,5,R32,,,,,,,,,,,,,,,,,,,
1989-580,Australian Open,Hard,128,G,19890116,111,M012,16,,Amos Mansdorf,R,175,ISR,23.242,26,0,G174,,Q,Bret Garnett,R,185,USA,21.544,341,0,6-2 7-5 6-2,5,R32,,,,,,,,,,,,,,,,,,,
1989-580,Australian Open,Hard,128,G,19890116,112,L018,2,,Ivan Lendl,R,188,USA,28.862,2,0,K181,,,Nicklas Kulti,R,190,SWE,17.739,175,0,6-2 6-4 6-3,5,R32,,,,,,,,,,,,,,,,,,,
1989-580,Australian Open,Hard,128,G,19890116,113,I034,,Q,Goran Ivanisevic,L,193,CRO,17.344,300,0,L009,,,Leonardo Lavalle,L,188,MEX,21.511,74,0,3-6 3-6 6-3 6-4 6-1,5,R16,,,,,,,,,,,,,,,,,,,
1989-580,Australian Open,Hard,128,G,19890116,114,M052,9,,Miloslav Mecir Sr.,R,190,SVK,24.663,13,0,V014,,,Christo Van Rensburg,R,185,RSA,26.234,36,0,6-4 6-1 6-0,5,R16,,,,,,,,,,,,,,,,,,,
1989-580,Australian Open,Hard,128,G,19890116,115,S101,14,,Jonas Svensson,R,188,SWE,22.24,21,0,B028,3,,Boris Becker,R,190,GER,21.153,4,0,7-6 6-4 6-3,5,R16,,,,,,,,,,,,,,,,,,,
1989-580,Australian Open,Hard,128,G,19890116,116,G053,,,Jan Gunnarsson,R,185,SWE,26.634,85,0,S021,,,Michiel Schapers,R,201,NED,29.268,50,0,7-6 6-1 6-2,5,R16,,,,,,,,,,,,,,,,,,,
1989-580,Australian Open,Hard,128,G,19890116,117,M099,11,,Thomas Muster,L,180,AUT,21.292,15,0,G182,,,Magnus Gustafsson,R,185,SWE,22.037,49,0,6-3 6-2 7-5,5,R16,,,,,,,,,,,,,,,,,,,
1989-580,Australian Open,Hard,128,G,19890116,118,E004,4,,Stefan Edberg,R,188,SWE,22.992,5,0,C023,13,,Pat Cash,R,183,AUS,23.641,19,0,6-4 6-0 6-2,5,R16,,,,,,,,,,,,,,,,,,,
1989-580,Australian Open,Hard,128,G,19890116,119,M047,7,,John McEnroe,L,180,USA,29.916,11,0,K023,10,,Aaron Krickstein,R,183,USA,21.459,14,0,7-6 6-2 6-3,5,R16,,,,,,,,,,,,,,,,,,,
1989-580,Australian Open,Hard,128,G,19890116,120,L018,2,,Ivan Lendl,R,188,USA,28.862,2,0,M012,16,,Amos Mansdorf,R,175,ISR,23.242,26,0,7-6 6-4 6-2,5,R16,,,,,,,,,,,,,,,,,,,
1989-580,Australian Open,Hard,128,G,19890116,121,M052,9,,Miloslav Mecir Sr.,R,190,SVK,24.663,13,0,I034,,Q,Goran Ivanisevic,L,193,CRO,17.344,300,0,7-5 6-0 6-3,5,QF,,,,,,,,,,,,,,,,,,,
1989-580,Australian Open,Hard,128,G,19890116,122,G053,,,Jan Gunnarsson,R,185,SWE,26.634,85,0,S101,14,,Jonas Svensson,R,188,SWE,22.24,21,0,6-0 6-3 4-6 6-4,5,QF,,,,,,,,,,,,,,,,,,,
1989-580,Australian Open,Hard,128,G,19890116,123,M099,11,,Thomas Muster,L,180,AUT,21.292,15,0,E004,4,,Stefan Edberg,R,188,SWE,22.992,5,0,W/O,5,QF,,,,,,,,,,,,,,,,,,,
1989-580,Australian Open,Hard,128,G,19890116,124,L018,2,,Ivan Lendl,R,188,USA,28.862,2,0,M047,7,,John McEnroe,L,180,USA,29.916,11,0,7-6 6-2 7-6,5,QF,,,,,,,,,,,,,,,,,,,
1989-580,Australian Open,Hard,128,G,19890116,125,M052,9,,Miloslav Mecir Sr.,R,190,SVK,24.663,13,0,G053,,,Jan Gunnarsson,R,185,SWE,26.634,85,0,7-5 6-2 6-2,5,SF,,,,,,,,,,,,,,,,,,,
1989-580,Australian Open,Hard,128,G,19890116,126,L018,2,,Ivan Lendl,R,188,USA,28.862,2,0,M099,11,,Thomas Muster,L,180,AUT,21.292,15,0,6-2 6-4 5-7 7-5,5,SF,,,,,,,,,,,,,,,,,,,
1989-580,Australian Open,Hard,128,G,19890116,127,L018,2,,Ivan Lendl,R,188,USA,28.862,2,0,M052,9,,Miloslav Mecir Sr.,R,190,SVK,24.663,13,0,6-2 6-2 6-2,5,F,,,,,,,,,,,,,,,,,,,
1989-D002,Davis Cup G2 R1: TUN vs ALG,Hard,4,D,19890203,1,107827,,,Moncef Zehar,R,,ALG,,,,110797,,,Adel Brahim,U,,TUN,,,,6-3 6-4 6-3,5,RR,,,,,,,,,,,,,,,,,,,
1989-D002,Davis Cup G2 R1: TUN vs ALG,Hard,4,D,19890203,2,108056,,,Reda Galou,R,,ALG,,,,110798,,,Elias Bramly,U,,TUN,,,,6-4 6-4 6-4,5,RR,,,,,,,,,,,,,,,,,,,
1989-D002,Davis Cup G2 R1: TUN vs ALG,Hard,4,D,19890203,3,107827,,,Moncef Zehar,R,,ALG,,,,110798,,,Elias Bramly,U,,TUN,,,,6-4 6-2,3,RR,,,,,,,,,,,,,,,,,,,
1989-D002,Davis Cup G2 R1: TUN vs ALG,Hard,4,D,19890203,4,108056,,,Reda Galou,R,,ALG,,,,110797,,,Adel Brahim,U,,TUN,,,,6-2 6-2,3,RR,,,,,,,,,,,,,,,,,,,
1989-D005,Davis Cup WG R1: AUT vs AUS,Clay,4,D,19890203,1,S055,,,Horst Skoff,R,175,AUT,20.451745,,,C023,,,Pat Cash,R,183,AUS,23.690623,,,7-6(1) 7-5 6-3,5,RR,,,,,,,,,,,,,,,,,,,
1989-D005,Davis Cup WG R1: AUT vs AUS,Clay,4,D,19890203,2,M099,,,Thomas Muster,L,180,AUT,21.341547,,,W035,,,Mark Woodforde,L,188,AUS,23.364819,,,6-4 6-7(4) 6-2 6-3,5,RR,,,,,,,,,,,,,,,,,,,
1989-D005,Davis Cup WG R1: AUT vs AUS,Clay,4,D,19890203,3,S055,,,Horst Skoff,R,175,AUT,20.451745,,,W035,,,Mark Woodforde,L,188,AUS,23.364819,,,2-6 6-4 6-2,3,RR,,,,,,,,,,,,,,,,,,,
1989-D005,Davis Cup WG R1: AUT vs AUS,Clay,4,D,19890203,4,M099,,,Thomas Muster,L,180,AUT,21.341547,,,C023,,,Pat Cash,R,183,AUS,23.690623,,,6-2 6-0,3,RR,,,,,,,,,,,,,,,,,,,
1989-D010,Davis Cup G2 QF: BAH vs VEN,Hard,4,D,19890203,1,S340,,,Roger Smith,R,185,BAH,25.040383,,,101690,,,Juan Carlos Bianchi,R,,VEN,,,,6-1 6-3 6-4,5,RR,,,,,,,,,,,,,,,,,,,
1989-D010,Davis Cup G2 QF: BAH vs VEN,Hard,4,D,19890203,2,K171,,,Mark Knowles,R,190,BAH,17.418207,,,110816,,,Valerio Boccito,U,,VEN,,,,7-6(6) 4-6 6-3 6-2,5,RR,,,,,,,,,,,,,,,,,,,
1989-D010,Davis Cup G2 QF: BAH vs VEN,Hard,4,D,19890203,3,K171,,,Mark Knowles,R,190,BAH,17.418207,,,101690,,,Juan Carlos Bianchi,R,,VEN,,,,6-3 6-4,3,RR,,,,,,,,,,,,,,,,,,,
1989-D010,Davis Cup G2 QF: BAH vs VEN,Hard,4,D,19890203,4,S340,,,Roger Smith,R,185,BAH,25.040383,,,110816,,,Valerio Boccito,U,,VEN,,,,6-3 6-4,3,RR,,,,,,,,,,,,,,,,,,,
1989-D011,Davis Cup G2 R1: IRQ vs BAN,Hard,4,D,19890203,1,110819,,,Ali Kadhim,U,,IRQ,,,,110820,,,Mahtabur Rahman,U,,BAN,,,,6-0 7-6(3) 6-1,5,RR,,,,,,,,,,,,,,,,,,,
1989-D011,Davis Cup G2 R1: IRQ vs BAN,Hard,4,D,19890203,2,110818,,,Shovon Jamaly,U,,BAN,,,,110821,,,Kadhim Kadhim,U,,IRQ,,,,6-3 7-5 2-6 6-2,5,RR,,,,,,,,,,,,,,,,,,,
1989-D011,Davis Cup G2 R1: IRQ vs BAN,Hard,4,D,19890203,3,110821,,,Kadhim Kadhim,U,,IRQ,,,,110820,,,Mahtabur Rahman,U,,BAN,,,,5-7 2-6 6-0 6-3 6-2,5,RR,,,,,,,,,,,,,,,,,,,
1989-D011,Davis Cup G2 R1: IRQ vs BAN,Hard,4,D,19890203,4,110818,,,Shovon Jamaly,U,,BAN,,,,110819,,,Ali Kadhim,U,,IRQ,,,,6-2 6-0 6-4,5,RR,,,,,,,,,,,,,,,,,,,
1989-D017,Davis Cup G2 QF: DOM vs BOL,Clay,4,D,19890203,1,110813,,,Rafael Moreno,U,,DOM,,,,110841,,,Hervoje Eterovic,U,,BOL,,,,4-6 6-2 6-0 6-2,5,RR,,,,,,,,,,,,,,,,,,,
1989-D017,Davis Cup G2 QF: DOM vs BOL,Clay,4,D,19890203,2,110834,,,Oscar Blacutt,U,,BOL,,,,110812,,,Alexander Schad,U,,DOM,,,,6-0 6-3 6-7(3) 6-4,5,RR,,,,,,,,,,,,,,,,,,,
1989-D017,Davis Cup G2 QF: DOM vs BOL,Clay,4,D,19890203,3,110813,,,Rafael Moreno,U,,DOM,,,,110834,,,Oscar Blacutt,U,,BOL,,,,6-2 6-1 6-0,5,RR,,,,,,,,,,,,,,,,,,,
1989-D017,Davis Cup G2 QF: DOM vs BOL,Clay,4,D,19890203,4,110841,,,Hervoje Eterovic,U,,BOL,,,,110812,,,Alexander Schad,U,,DOM,,,,6-3 7-5,3,RR,,,,,,,,,,,,,,,,,,,
1989-D019,Davis Cup G2 R1: BRN vs SYR,Hard,4,D,19890203,1,110855,,,Dawood Dawoodian,U,,SYR,,,,110856,,,Abdul Rahman Shehab,U,,BRN,,,,3-6 6-3 6-1 6-4,5,RR,,,,,,,,,,,,,,,,,,,
1989-D019,Davis Cup G2 R1: BRN vs SYR,Hard,4,D,19890203,2,108754,,,Esam Abdulaal,U,,BRN,,,,110857,,,Samer Mourad,U,,SYR,,,,7-6(1) 6-2 6-2,5,RR,,,,,,,,,,,,,,,,,,,
1989-D019,Davis Cup G2 R1: BRN vs SYR,Hard,4,D,19890203,3,108754,,,Esam Abdulaal,U,,BRN,,,,110855,,,Dawood Dawoodian,U,,SYR,,,,6-3 6-0 5-7 5-7 6-4,5,RR,,,,,,,,,,,,,,,,,,,
1989-D019,Davis Cup G2 R1: BRN vs SYR,Hard,4,D,19890203,4,110856,,,Abdul Rahman Shehab,U,,BRN,,,,110857,,,Samer Mourad,U,,SYR,,,,6-4 6-4,3,RR,,,,,,,,,,,,,,,,,,,
1989-D022,Davis Cup G1 QF: CAN vs URU,Carpet,4,D,19890203,1,P048,,,Chris Pridham,R,183,CAN,23.816564,,,F165,,,Marcelo Filippini,R,178,URU,21.50308,,,5-7 6-7(6) 6-4 6-3 6-4,5,RR,,,,,,,,,,,,,,,,,,,
1989-D022,Davis Cup G1 QF: CAN vs URU,Carpet,4,D,19890203,2,S102,,,Andrew Sznajder,R,175,CAN,21.697467,,,P021,,,Diego Perez,R,178,URU,19.709788,,,6-3 6-2 6-4,5,RR,,,,,,,,,,,,,,,,,,,
1989-D022,Davis Cup G1 QF: CAN vs URU,Carpet,4,D,19890203,3,P021,,,Diego Perez,R,178,URU,19.709788,,,P048,,,Chris Pridham,R,183,CAN,23.816564,,,W/O,5,RR,,,,,,,,,,,,,,,,,,,
1989-D022,Davis Cup G1 QF: CAN vs URU,Carpet,4,D,19890203,4,S102,,,Andrew Sznajder,R,175,CAN,21.697467,,,F165,,,Marcelo Filippini,R,178,URU,21.50308,,,7-6(3) 6-7(5) RET,5,RR,,,,,,,,,,,,,,,,,,,
1989-D024,Davis Cup G2 QF: JAM vs CHI,Hard,4,D,19890203,1,A002,,,Ricardo Acuna,R,175,CHI,31.058179,,,107481,,,Karl Hale,R,,JAM,,,,6-7(4) 4-6 6-1 6-1 6-3,5,RR,,,,,,,,,,,,,,,,,,,
1989-D024,Davis Cup G2 QF: JAM vs CHI,Hard,4,D,19890203,2,100898,,,Robinson Ureta,R,,CHI,,,,B083,,,Doug Burke,R,180,JAM,25.530459,,,6-3 4-2 RET,5,RR,,,,,,,,,,,,,,,,,,,
1989-D024,Davis Cup G2 QF: JAM vs CHI,Hard,4,D,19890203,3,107481,,,Karl Hale,R,,JAM,,,,100898,,,Robinson Ureta,R,,CHI,,,,7-5 1-6 8-6,3,RR,,,,,,,,,,,,,,,,,,,
1989-D024,Davis Cup G2 QF: JAM vs CHI,Hard,4,D,19890203,4,A002,,,Ricardo Acuna,R,175,CHI,31.058179,,,110878,,,Noel Rutherford,U,,JAM,,,,7-6(12) 6-1,3,RR,,,,,,,,,,,,,,,,,,,
1989-D029,Davis Cup G2 QF: COL vs CUB,Clay,4,D,19890203,1,T129,,,Mario Tabares,R,180,CUB,23.537303,,,C261,,,Jaime Cortes,R,,COL,23.526352,,,6-3 5-7 6-3 2-6 6-2,5,RR,,,,,,,,,,,,,,,,,,,
1989-D029,Davis Cup G2 QF: COL vs CUB,Clay,4,D,19890203,2,101156,,,Juan Pino,R,185,CUB,,,,T133,,,Miguel Tobon,R,185,COL,20.618754,,,7-5 3-6 2-6 7-6(4) 6-3,5,RR,,,,,,,,,,,,,,,,,,,
1989-D029,Davis Cup G2 QF: COL vs CUB,Clay,4,D,19890203,3,T129,,,Mario Tabares,R,180,CUB,23.537303,,,T133,,,Miguel Tobon,R,185,COL,20.618754,,,7-6(6) 6-3 6-4,5,RR,,,,,,,,,,,,,,,,,,,
1989-D029,Davis Cup G2 QF: COL vs CUB,Clay,4,D,19890203,4,101156,,,Juan Pino,R,185,CUB,,,,C261,,,Jaime Cortes,R,,COL,23.526352,,,7-6(2) 4-6 6-2,3,RR,,,,,,,,,,,,,,,,,,,
1989-D032,Davis Cup WG R1: YUG vs DEN,Clay,4,D,19890203,1,Z006,,,Slobodan Zivojinovic,R,198,YUG,25.535934,,,C034,,,Morten Christensen,R,190,DEN,23.638604,,,6-3 7-6(5) 5-7 6-3,5,RR,,,,,,,,,,,,,,,,,,,
1989-D032,Davis Cup WG R1: YUG vs DEN,Clay,4,D,19890203,2,O018,,,Bruno Oresar,R,175,CRO,21.790554,,,F206,,,Frederik Fetterlein,R,190,DEN,18.568104,,,1-6 7-5 6-1 6-0,5,RR,,,,,,,,,,,,,,,,,,,
1989-D032,Davis Cup WG R1: YUG vs DEN,Clay,4,D,19890203,3,F206,,,Frederik Fetterlein,R,190,DEN,18.568104,,,I034,,,Goran Ivanisevic,L,193,CRO,17.393566,,,0-6 6-3 11-9,3,RR,,,,,,,,,,,,,,,,,,,
1989-D032,Davis Cup WG R1: YUG vs DEN,Clay,4,D,19890203,4,O018,,,Bruno Oresar,R,175,CRO,21.790554,,,108805,,,Thomas Sorensen,U,,DEN,,,,6-2 6-3,3,RR,,,,,,,,,,,,,,,,,,,
1989-D033,Davis Cup G1 QF: PER vs ECU,Clay,4,D,19890203,1,Y017,,,Jaime Yzaga,R,170,PER,21.284052,,,107101,,,Giorgio Carneade,R,,ECU,,,,4-6 6-0 6-3 6-2,5,RR,,,,,,,,,,,,,,,,,,,
1989-D033,Davis Cup G1 QF: PER vs ECU,Clay,4,D,19890203,2,A035,,,Pablo Arraya,R,180,PER,27.288159,,,109940,,,Ernesto Lingen,R,,ECU,,,,6-1 3-6 6-2 6-4,5,RR,,,,,,,,,,,,,,,,,,,
1989-D033,Davis Cup G1 QF: PER vs ECU,Clay,4,D,19890203,3,Y017,,,Jaime Yzaga,R,170,PER,21.284052,,,109940,,,Ernesto Lingen,R,,ECU,,,,6-0 6-2,3,RR,,,,,,,,,,,,,,,,,,,
1989-D033,Davis Cup G1 QF: PER vs ECU,Clay,4,D,19890203,4,A035,,,Pablo Arraya,R,180,PER,27.288159,,,107101,,,Giorgio Carneade,R,,ECU,,,,6-4 6-4,3,RR,,,,,,,,,,,,,,,,,,,
1989-D036,Davis Cup WG R1: ESP vs MEX,Clay,4,D,19890203,1,L009,,,Leonardo Lavalle,L,188,MEX,21.560575,,,A034,,,Jordi Arrese,R,175,ESP,24.43258,,,6-2 6-4 6-2,5,RR,,,,,,,,,,,,,,,,,,,
1989-D036,Davis Cup WG R1: ESP vs MEX,Clay,4,D,19890203,2,S014,,,Emilio Sanchez,R,180,ESP,23.685147,,,M006,,,Francisco Maciel,R,185,MEX,24.594114,,,4-6 6-4 6-0 7-5,5,RR,,,,,,,,,,,,,,,,,,,
1989-D036,Davis Cup WG R1: ESP vs MEX,Clay,4,D,19890203,3,L009,,,Leonardo Lavalle,L,188,MEX,21.560575,,,S014,,,Emilio Sanchez,R,180,ESP,23.685147,,,6-4 6-2 3-6 7-5,5,RR,,,,,,,,,,,,,,,,,,,
1989-D036,Davis Cup WG R1: ESP vs MEX,Clay,4,D,19890203,4,A034,,,Jordi Arrese,R,175,ESP,24.43258,,,M006,,,Francisco Maciel,R,185,MEX,24.594114,,,6-3 6-3 6-4,5,RR,,,,,,,,,,,,,,,,,,,
1989-D038,Davis Cup G1 QF: IRL vs FIN,Hard,4,D,19890203,1,P004,,,Veli Paloheimo,R,183,FIN,21.144422,,,101506,,,Eoin Collins,L,193,IRL,,,,6-2 6-4 6-3,5,RR,,,,,,,,,,,,,,,,,,,
1989-D038,Davis Cup G1 QF: IRL vs FIN,Hard,4,D,19890203,2,R006,,,Olli Rahnasto,R,183,FIN,23.101985,,,C289,,,Owen Casey,R,,IRL,19.285421,,,7-5 6-1 6-4,5,RR,,,,,,,,,,,,,,,,,,,
1989-D038,Davis Cup G1 QF: IRL vs FIN,Hard,4,D,19890203,3,107516,,,Kimmo Hurme,R,,FIN,,,,C289,,,Owen Casey,R,,IRL,19.285421,,,6-3 7-6(5),3,RR,,,,,,,,,,,,,,,,,,,
1989-D038,Davis Cup G1 QF: IRL vs FIN,Hard,4,D,19890203,4,R006,,,Olli Rahnasto,R,183,FIN,23.101985,,,101506,,,Eoin Collins,L,193,IRL,,,,5-7 6-3 6-2,3,RR,,,,,,,,,,,,,,,,,,,
1989-D039,Davis Cup WG R1: ISR vs FRA,Carpet,4,D,19890203,1,N022,,,Yannick Noah,R,193,FRA,28.714579,,,B051,,,Gilad Bloom,L,173,ISR,21.930185,,,7-6(3) 4-6 6-3 6-3,5,RR,,,,,,,,,,,,,,,,,,,
1989-D039,Davis Cup WG R1: ISR vs FRA,Carpet,4,D,19890203,2,L014,,,Henri Leconte,L,185,FRA,25.587953,,,M012,,,Amos Mansdorf,R,175,ISR,23.290897,,,3-6 4-6 6-2 6-4 6-4,5,RR,,,,,,,,,,,,,,,,,,,
1989-D039,Davis Cup WG R1: ISR vs FRA,Carpet,4,D,19890203,3,M012,,,Amos Mansdorf,R,175,ISR,23.290897,,,N022,,,Yannick Noah,R,193,FRA,28.714579,,,7-6(8) 3-6 6-3,3,RR,,,,,,,,,,,,,,,,,,,
1989-D039,Davis Cup WG R1: ISR vs FRA,Carpet,4,D,19890203,4,L014,,,Henri Leconte,L,185,FRA,25.587953,,,B051,,,Gilad Bloom,L,173,ISR,21.930185,,,6-3 2-6 6-4,3,RR,,,,,,,,,,,,,,,,,,,
1989-D041,Davis Cup WG R1: FRG vs INA,Carpet,4,D,19890203,1,B028,,,Boris Becker,R,190,GER,21.201,,,106441,,,Abdul Kahar Mim,R,,INA,,,,6-0 6-1 6-1,5,RR,,,,,,,,,,,,,,,,,,,
1989-D041,Davis Cup WG R1: FRG vs INA,Carpet,4,D,19890203,2,S080,,,Carl-Uwe Steeb,L,180,GER,21.42642,,,108823,,,Tintus Arianto Wibowo,U,,INA,,,,6-1 6-2 6-3,5,RR,,,,,,,,,,,,,,,,,,,
1989-D041,Davis Cup WG R1: FRG vs INA,Carpet,4,D,19890203,3,S080,,,Carl-Uwe Steeb,L,180,GER,21.42642,,,106441,,,Abdul Kahar Mim,R,,INA,,,,6-2 6-2,3,RR,,,,,,,,,,,,,,,,,,,
1989-D041,Davis Cup WG R1: FRG vs INA,Carpet,4,D,19890203,4,B028,,,Boris Becker,R,190,GER,21.201,,,108823,,,Tintus Arianto Wibowo,U,,INA,,,,6-2 7-5,3,RR,,,,,,,,,,,,,,,,,,,
1989-D048,Davis Cup G1 PR: PHI vs HKG,Hard,4,D,19890203,1,A020,,,Mehl Ampon,R,0,USA,,,,107680,,,Mark Bailey,R,,HKG,,,,6-3 6-3 6-3,5,RR,,,,,,,,,,,,,,,,,,,
1989-D048,Davis Cup G1 PR: PHI vs HKG,Hard,4,D,19890203,2,B168,,,Felix Barrientos,R,178,PHI,21.207392,,,106782,,,Colin Grant,R,,HKG,,,,6-2 6-2 6-2,5,RR,,,,,,,,,,,,,,,,,,,
1989-D048,Davis Cup G1 PR: PHI vs HKG,Hard,4,D,19890203,3,B168,,,Felix Barrientos,R,178,PHI,21.207392,,,107680,,,Mark Bailey,R,,HKG,,,,6-4 6-4,3,RR,,,,,,,,,,,,,,,,,,,
1989-D048,Davis Cup G1 PR: PHI vs HKG,Hard,4,D,19890203,4,A020,,,Mehl Ampon,R,0,USA,,,,106782,,,Colin Grant,R,,HKG,,,,6-0 7-5,3,RR,,,,,,,,,,,,,,,,,,,
1989-D050,Davis Cup G1 QF: ZIM vs HUN,Hard,4,D,19890203,1,N112,,,Sandor Noszaly,R,193,HUN,16.887064,,,110897,,,Greig Rodger,U,,ZIM,,,,7-6(5) 6-2 6-1,5,RR,,,,,,,,,,,,,,,,,,,
1989-D050,Davis Cup G1 QF: ZIM vs HUN,Hard,4,D,19890203,2,101664,,,Andras Lanyi,R,,HUN,,,,B397,,,Byron Black,R,175,ZIM,19.329227,,,6-3 2-6 7-6(4) 4-6 6-3,5,RR,,,,,,,,,,,,,,,,,,,
1989-D050,Davis Cup G1 QF: ZIM vs HUN,Hard,4,D,19890203,3,101664,,,Andras Lanyi,R,,HUN,,,,110897,,,Greig Rodger,U,,ZIM,,,,6-2 6-2,3,RR,,,,,,,,,,,,,,,,,,,
1989-D050,Davis Cup G1 QF: ZIM vs HUN,Hard,4,D,19890203,4,B397,,,Byron Black,R,175,ZIM,19.329227,,,N112,,,Sandor Noszaly,R,193,HUN,16.887064,,,6-4 4-6 8-6,3,RR,,,,,,,,,,,,,,,,,,,
1989-D055,Davis Cup WG R1: SWE vs ITA,Carpet,4,D,19890203,1,S101,,,Jonas Svensson,R,188,SWE,22.288843,,,N006,,,Massimiliano Narducci,R,185,ITA,24.941821,,,4-6 6-3 6-1 4-6 6-3,5,RR,,,,,,,,,,,,,,,,,,,
1989-D055,Davis Cup WG R1: SWE vs ITA,Carpet,4,D,19890203,2,C009,,,Omar Camporese,R,188,ITA,20.741958,,,P024,,,Mikael Pernfors,R,173,SWE,25.555099,,,7-5 6-3 6-2,5,RR,,,,,,,,,,,,,,,,,,,
1989-D055,Davis Cup WG R1: SWE vs ITA,Carpet,4,D,19890203,3,P024,,,Mikael Pernfors,R,173,SWE,25.555099,,,N006,,,Massimiliano Narducci,R,185,ITA,24.941821,,,6-3 6-4 4-6 6-7(2) 6-3,5,RR,,,,,,,,,,,,,,,,,,,
1989-D055,Davis Cup WG R1: SWE vs ITA,Carpet,4,D,19890203,4,S101,,,Jonas Svensson,R,188,SWE,22.288843,,,C009,,,Omar Camporese,R,188,ITA,20.741958,,,6-3 3-6 6-3,3,RR,,,,,,,,,,,,,,,,,,,
1989-D056,Davis Cup G2 R1: JOR vs KUW,Hard,4,D,19890203,1,111020,,,Khaled Ashkanani,U,,KUW,,,,111021,,,Eyad Shahadeh,U,,JOR,,,,6-2 7-5 6-1,5,RR,,,,,,,,,,,,,,,,,,,
1989-D056,Davis Cup G2 R1: JOR vs KUW,Hard,4,D,19890203,2,111002,,,Hani Al Ali,U,,JOR,,,,111022,,,Khaled Al Foudari,U,,KUW,,,,6-4 6-2 7-6(2),5,RR,,,,,,,,,,,,,,,,,,,
1989-D056,Davis Cup G2 R1: JOR vs KUW,Hard,4,D,19890203,3,111002,,,Hani Al Ali,U,,JOR,,,,111023,,,Aymen Ibrahim Al Ashwak,U,,KUW,,,,6-1 6-3 6-0,5,RR,,,,,,,,,,,,,,,,,,,
1989-D056,Davis Cup G2 R1: JOR vs KUW,Hard,4,D,19890203,4,111022,,,Khaled Al Foudari,U,,KUW,,,,111024,,,Abdullah Al Khalil,U,,JOR,,,,6-4 6-2 6-0,5,RR,,,,,,,,,,,,,,,,,,,
1989-D062,Davis Cup G2 R1: SRI vs MAS,Clay,4,D,19890203,1,110852,,,Umesha Wallooppillai,U,,SRI,,,,V192,,,Selvam Veerasingam,R,,MAS,19.238877,,,7-6(4) 6-4 7-5,5,RR,,,,,,,,,,,,,,,,,,,
1989-D062,Davis Cup G2 R1: SRI vs MAS,Clay,4,D,19890203,2,106580,,,Arjun Fernando,R,,SRI,,,,110985,,,Rudy Foo,U,,MAS,,,,6-1 6-1 6-2,5,RR,,,,,,,,,,,,,,,,,,,
1989-D062,Davis Cup G2 R1: SRI vs MAS,Clay,4,D,19890203,3,110852,,,Umesha Wallooppillai,U,,SRI,,,,110985,,,Rudy Foo,U,,MAS,,,,6-1 6-1 6-1,5,RR,,,,,,,,,,,,,,,,,,,
1989-D062,Davis Cup G2 R1: SRI vs MAS,Clay,4,D,19890203,4,V192,,,Selvam Veerasingam,R,,MAS,19.238877,,,W407,,,Jayendra Wijeyesekera,U,,SRI,,,,6-1 2-6 6-0 6-1,5,RR,,,,,,,,,,,,,,,,,,,
1989-D068,Davis Cup WG R1: USA vs PAR,Hard,4,D,19890203,1,C274,,,Michael Chang,R,175,USA,16.95,,,P015,,,Victor Pecci,R,193,PAR,33.305955,,,6-7(5) 6-3 6-4 6-2,5,RR,,,,,,,,,,,,,,,,,,,
1989-D068,Davis Cup WG R1: USA vs PAR,Hard,4,D,19890203,2,A092,,,Andre Agassi,R,180,USA,18.767967,,,C147,,,Hugo Chapacu,R,178,PAR,26.75154,,,6-2 6-1 6-1,5,RR,,,,,,,,,,,,,,,,,,,
1989-D068,Davis Cup WG R1: USA vs PAR,Hard,4,D,19890203,3,C274,,,Michael Chang,R,175,USA,16.95,,,C147,,,Hugo Chapacu,R,178,PAR,26.75154,,,5-7 6-0 6-1,3,RR,,,,,,,,,,,,,,,,,,,
1989-D068,Davis Cup WG R1: USA vs PAR,Hard,4,D,19890203,4,A092,,,Andre Agassi,R,180,USA,18.767967,,,G024,,,Francisco Gonzalez,R,193,PAR,33.21013,,,6-2 6-4,3,RR,,,,,,,,,,,,,,,,,,,
1989-D069,Davis Cup G1 QF: POR vs SEN,Clay,4,D,19890203,1,M197,,,Nuno Marques,L,190,POR,18.822724,,,D098,,,Yahiya Doumbia,R,185,SEN,25.445585,,,6-4 6-4 6-4,5,RR,,,,,,,,,,,,,,,,,,,
1989-D069,Davis Cup G1 QF: POR vs SEN,Clay,4,D,19890203,2,C113,,,Joao Cunha-Silva,R,173,POR,21.188227,,,108373,,,Thierno Ly,R,,SEN,,,,6-0 6-0 6-3,5,RR,,,,,,,,,,,,,,,,,,,
1989-D069,Davis Cup G1 QF: POR vs SEN,Clay,4,D,19890203,3,C113,,,Joao Cunha-Silva,R,173,POR,21.188227,,,D098,,,Yahiya Doumbia,R,185,SEN,25.445585,,,2-6 6-1 6-2,3,RR,,,,,,,,,,,,,,,,,,,
1989-D069,Davis Cup G1 QF: POR vs SEN,Clay,4,D,19890203,4,M197,,,Nuno Marques,L,190,POR,18.822724,,,108373,,,Thierno Ly,R,,SEN,,,,6-0 6-0,3,RR,,,,,,,,,,,,,,,,,,,
1989-D071,Davis Cup WG R1: TCH vs URS,Carpet,4,D,19890203,1,S072,,,Milan Srejber,R,203,CZE,25.097878,,,V037,,,Alexander Volkov,L,188,RUS,21.924709,,,3-6 6-2 6-1 7-6(4),5,RR,,,,,,,,,,,,,,,,,,,
1989-D071,Davis Cup WG R1: TCH vs URS,Carpet,4,D,19890203,2,M052,,,Miloslav Mecir Sr.,U,191,SVK,24.711841,,,C260,,,Andrei Cherkasov,R,180,RUS,18.587269,,,7-5 6-3 3-6 4-6 6-4,5,RR,,,,,,,,,,,,,,,,,,,
1989-D071,Davis Cup WG R1: TCH vs URS,Carpet,4,D,19890203,3,V037,,,Alexander Volkov,L,188,RUS,21.924709,,,M052,,,Miloslav Mecir Sr.,U,191,SVK,24.711841,,,6-2 6-7(5) 6-0,3,RR,,,,,,,,,,,,,,,,,,,
1989-D071,Davis Cup WG R1: TCH vs URS,Carpet,4,D,19890203,4,S072,,,Milan Srejber,R,203,CZE,25.097878,,,C260,,,Andrei Cherkasov,R,180,RUS,18.587269,,,6-7(4) 7-5 6-4,3,RR,,,,,,,,,,,,,,,,,,,
1989-201,Guaruja,Hard,32,A,19890206,1,M035,1,,Luiz Mattar,R,183,BRA,25.454,55,0,K010,,,Cesar Kist,R,180,BRA,24.274,248,0,6-2 6-2,3,R32,,,,,,,,,,,,,,,,,,,
1989-201,Guaruja,Hard,32,A,19890206,2,B015,,LL,Givaldo Barbosa,R,183,BRA,35.014,399,0,D002,,,Jose Daher,R,180,BRA,22.782,302,0,7-6 6-4,3,R32,,,,,,,,,,,,,,,,,,,
1989-201,Guaruja,Hard,32,A,19890206,3,J085,,WC,Roberto Jabali,R,190,BRA,18.71,441,0,A042,,Q,Ricardo Acioly,R,180,BRA,24.988,520,0,4-6 6-0 6-3,3,R32,,,,,,,,,,,,,,,,,,,
1989-201,Guaruja,Hard,32,A,19890206,4,W029,7,,Todd Witsken,R,183,USA,25.24,101,0,A005,,Q,Nelson Aerts,R,188,BRA,25.769,707,0,5-7 6-3 6-3,3,R32,,,,,,,,,,,,,,,,,,,
1989-201,Guaruja,Hard,32,A,19890206,5,Y017,3,,Jaime Yzaga,R,170,PER,21.273,68,0,A030,,,Roberto Arguello,U,173,ARG,25.722,192,0,7-6 6-1,3,R32,,,,,,,,,,,,,,,,,,,
1989-201,Guaruja,Hard,32,A,19890206,6,W038,,,Martin Wostenholme,R,183,CAN,26.305,392,0,O076,,WC,Jaime Oncins,R,196,BRA,18.626,314,0,6-2 6-3,3,R32,,,,,,,,,,,,,,,,,,,
1989-201,Guaruja,Hard,32,A,19890206,7,M059,,,Mauro Menezes,R,193,BRA,25.514,220,0,G020,,,Julio Goes,R,180,BRA,33.268,289,0,6-3 6-4,3,R32,,,,,,,,,,,,,,,,,,,
1989-201,Guaruja,Hard,32,A,19890206,8,B035,6,,Eduardo Bengoechea,R,185,ARG,29.582,92,0,C005,,,Dacio Campos,R,185,BRA,25.12,256,0,7-6 7-6,3,R32,,,,,,,,,,,,,,,,,,,
1989-201,Guaruja,Hard,32,A,19890206,9,B074,,,Jimmy Brown,R,180,USA,23.759,189,0,F041,5,,Javier Frana,L,185,ARG,22.1,86,0,4-6 6-2 6-3,3,R32,,,,,,,,,,,,,,,,,,,
1989-201,Guaruja,Hard,32,A,19890206,10,H012,,,Marcelo Hennemann,R,170,BRA,26.891,257,0,O011,,Q,Edvaldo Oliveira,R,178,BRA,25.202,824,0,6-4 6-3,3,R32,,,,,,,,,,,,,,,,,,,
1989-201,Guaruja,Hard,32,A,19890206,11,C008,,Q,Ricardo Camargo,R,180,BRA,20.715,652,0,K013,,,Ivan Kley,R,183,BRA,30.59,184,0,3-6 6-3 6-4,3,R32,,,,,,,,,,,,,,,,,,,
1989-201,Guaruja,Hard,32,A,19890206,12,M092,4,,Cassio Motta,R,180,BRA,28.939,73,0,R036,,,Fernando Roese,R,190,BRA,23.436,153,0,6-3 6-2,3,R32,,,,,,,,,,,,,,,,,,,
1989-201,Guaruja,Hard,32,A,19890206,13,M028,8,,Danilo Marcelino,R,193,BRA,22.899,139,0,A134,,,Malcolm Allen,R,178,USA,21.552,227,0,6-3 7-6,3,R32,,,,,,,,,,,,,,,,,,,
1989-201,Guaruja,Hard,32,A,19890206,14,H027,,WC,Alexandre Hocevar,R,190,BRA,25.947,301,0,A040,,,Roberto Azar,L,185,ARG,22.864,165,0,6-2 5-7 6-1,3,R32,,,,,,,,,,,,,,,,,,,
1989-201,Guaruja,Hard,32,A,19890206,15,V034,,,Raul Antonio Viver,L,190,ECU,27.874,171,0,B330,,,Peter Ballauff,R,188,GER,25.339,275,0,7-6 6-4,3,R32,,,,,,,,,,,,,,,,,,,
1989-201,Guaruja,Hard,32,A,19890206,16,A018,,,Christer Allgardh,R,190,SWE,21.944,157,0,D044,2,,Lawson Duncan,R,185,USA,24.263,60,0,7-5 6-0,3,R32,,,,,,,,,,,,,,,,,,,
1989-201,Guaruja,Hard,32,A,19890206,17,M035,1,,Luiz Mattar,R,183,BRA,25.454,55,0,B015,,LL,Givaldo Barbosa,R,183,BRA,35.014,399,0,7-6 6-1,3,R16,,,,,,,,,,,,,,,,,,,
1989-201,Guaruja,Hard,32,A,19890206,18,W029,7,,Todd Witsken,R,183,USA,25.24,101,0,J085,,WC,Roberto Jabali,R,190,BRA,18.71,441,0,6-2 6-2,3,R16,,,,,,,,,,,,,,,,,,,
1989-201,Guaruja,Hard,32,A,19890206,19,Y017,3,,Jaime Yzaga,R,170,PER,21.273,68,0,W038,,,Martin Wostenholme,R,183,CAN,26.305,392,0,6-3 6-2,3,R16,,,,,,,,,,,,,,,,,,,
1989-201,Guaruja,Hard,32,A,19890206,20,B035,6,,Eduardo Bengoechea,R,185,ARG,29.582,92,0,M059,,,Mauro Menezes,R,193,BRA,25.514,220,0,6-4 6-4,3,R16,,,,,,,,,,,,,,,,,,,
1989-201,Guaruja,Hard,32,A,19890206,21,B074,,,Jimmy Brown,R,180,USA,23.759,189,0,H012,,,Marcelo Hennemann,R,170,BRA,26.891,257,0,6-0 6-0,3,R16,,,,,,,,,,,,,,,,,,,
1989-201,Guaruja,Hard,32,A,19890206,22,M092,4,,Cassio Motta,R,180,BRA,28.939,73,0,C008,,Q,Ricardo Camargo,R,180,BRA,20.715,652,0,6-1 6-1,3,R16,,,,,,,,,,,,,,,,,,,
1989-201,Guaruja,Hard,32,A,19890206,23,M028,8,,Danilo Marcelino,R,193,BRA,22.899,139,0,H027,,WC,Alexandre Hocevar,R,190,BRA,25.947,301,0,6-4 7-6,3,R16,,,,,,,,,,,,,,,,,,,
1989-201,Guaruja,Hard,32,A,19890206,24,A018,,,Christer Allgardh,R,190,SWE,21.944,157,0,V034,,,Raul Antonio Viver,L,190,ECU,27.874,171,0,6-2 6-4,3,R16,,,,,,,,,,,,,,,,,,,
1989-201,Guaruja,Hard,32,A,19890206,25,M035,1,,Luiz Mattar,R,183,BRA,25.454,55,0,W029,7,,Todd Witsken,R,183,USA,25.24,101,0,7-5 7-5,3,QF,,,,,,,,,,,,,,,,,,,
1989-201,Guaruja,Hard,32,A,19890206,26,Y017,3,,Jaime Yzaga,R,170,PER,21.273,68,0,B035,6,,Eduardo Bengoechea,R,185,ARG,29.582,92,0,3-6 6-2 6-4,3,QF,,,,,,,,,,,,,,,,,,,
1989-201,Guaruja,Hard,32,A,19890206,27,B074,,,Jimmy Brown,R,180,USA,23.759,189,0,M092,4,,Cassio Motta,R,180,BRA,28.939,73,0,6-4 6-7 7-5,3,QF,,,,,,,,,,,,,,,,,,,
1989-201,Guaruja,Hard,32,A,19890206,28,M028,8,,Danilo Marcelino,R,193,BRA,22.899,139,0,A018,,,Christer Allgardh,R,190,SWE,21.944,157,0,6-3 6-2,3,QF,,,,,,,,,,,,,,,,,,,
1989-201,Guaruja,Hard,32,A,19890206,29,M035,1,,Luiz Mattar,R,183,BRA,25.454,55,0,Y017,3,,Jaime Yzaga,R,170,PER,21.273,68,0,6-3 6-2,3,SF,,,,,,,,,,,,,,,,,,,
1989-201,Guaruja,Hard,32,A,19890206,30,B074,,,Jimmy Brown,R,180,USA,23.759,189,0,M028,8,,Danilo Marcelino,R,193,BRA,22.899,139,0,1-6 6-1 6-2,3,SF,,,,,,,,,,,,,,,,,,,
1989-201,Guaruja,Hard,32,A,19890206,31,M035,1,,Luiz Mattar,R,183,BRA,25.454,55,0,B074,,,Jimmy Brown,R,180,USA,23.759,189,0,7-6 6-4,3,F,,,,,,,,,,,,,,,,,,,
1989-407,Rotterdam,Carpet,32,A,19890206,1,K030,,WC,Patrik Kuhnen,R,190,GER,22.968,62,0,M052,1,,Miloslav Mecir Sr.,R,190,SVK,24.701,8,0,7-5 6-1,3,R32,,,,,,,,,,,,,,,,,,,
1989-407,Rotterdam,Carpet,32,A,19890206,2,S021,,,Michiel Schapers,R,201,NED,29.306,57,0,O025,,Q,Marko Ostoja,R,175,CRO,28.279,199,0,6-3 6-2,3,R32,,,,,,,,,,,,,,,,,,,
1989-407,Rotterdam,Carpet,32,A,19890206,3,M030,,,Wally Masur,R,180,AUS,25.719,50,0,G053,,,Jan Gunnarsson,R,185,SWE,26.672,49,0,6-3 6-4,3,R32,,,,,,,,,,,,,,,,,,,
1989-407,Rotterdam,Carpet,32,A,19890206,4,J006,7,,Anders Jarryd,R,180,SWE,27.551,39,0,K016,,WC,Mark Koevermans,R,185,NED,20.991,138,0,6-3 6-1,3,R32,,,,,,,,,,,,,,,,,,,
1989-407,Rotterdam,Carpet,32,A,19890206,5,D005,,,Marty Davis,R,183,USA,30.209,91,0,S101,4,,Jonas Svensson,R,188,SWE,22.278,18,0,6-2 6-4,3,R32,,,,,,,,,,,,,,,,,,,
1989-407,Rotterdam,Carpet,32,A,19890206,6,L009,,,Leonardo Lavalle,L,188,MEX,21.55,61,0,W014,,Q,Michael Westphal,R,190,GER,23.945,137,0,7-5 7-6,3,R32,,,,,,,,,,,,,,,,,,,
1989-407,Rotterdam,Carpet,32,A,19890206,7,S288,,,Christian Saceanu,R,190,GER,20.564,84,0,M063,,,Claudio Mezzadri,R,180,SUI,23.641,107,0,6-7 6-2 6-2,3,R32,,,,,,,,,,,,,,,,,,,
1989-407,Rotterdam,Carpet,32,A,19890206,8,C001,6,,Darren Cahill,R,185,AUS,23.329,26,0,L041,,,Jorge Lozano,R,180,MEX,25.708,67,0,6-2 6-7 6-3,3,R32,,,,,,,,,,,,,,,,,,,
1989-407,Rotterdam,Carpet,32,A,19890206,9,R006,,,Olli Rahnasto,R,183,FIN,23.091,98,0,F028,5,,John Fitzgerald,R,183,AUS,28.09,25,0,6-3 3-6 6-2,3,R32,,,,,,,,,,,,,,,,,,,
1989-407,Rotterdam,Carpet,32,A,19890206,10,R023,,,Udo Riglewski,R,185,GER,22.511,117,0,M031,,,Eduardo Masso,L,178,BEL,25.054,85,0,6-3 6-0,3,R32,,,,,,,,,,,,,,,,,,,
1989-407,Rotterdam,Carpet,32,A,19890206,11,B040,,,Christian Bergstrom,R,180,SWE,21.536,65,0,S072,,,Milan Srejber,R,203,CZE,25.087,46,0,6-4 4-6 6-3,3,R32,,,,,,,,,,,,,,,,,,,
1989-407,Rotterdam,Carpet,32,A,19890206,12,N022,3,,Yannick Noah,R,193,FRA,28.704,13,0,N018,,WC,Tom Nijssen,R,175,NED,24.331,100,0,6-3 6-2,3,R32,,,,,,,,,,,,,,,,,,,
1989-407,Rotterdam,Carpet,32,A,19890206,13,G182,8,,Magnus Gustafsson,R,185,SWE,22.075,43,0,N109,,,Diego Nargiso,L,188,ITA,18.88,103,0,6-4 6-4,3,R32,,,,,,,,,,,,,,,,,,,
1989-407,Rotterdam,Carpet,32,A,19890206,14,J008,,,Eric Jelen,R,180,GER,23.89,75,0,L189,,Q,Andreas Lesch,L,196,GER,23.072,380,0,6-2 6-4,3,R32,,,,,,,,,,,,,,,,,,,
1989-407,Rotterdam,Carpet,32,A,19890206,15,C012,,,Paolo Cane,R,180,ITA,23.811,79,0,K162,,Q,Ralph Kok,R,,NED,21.305955,414,0,6-3 3-6 7-6,3,R32,,,,,,,,,,,,,,,,,,,
1989-407,Rotterdam,Carpet,32,A,19890206,16,H025,2,,Jakob Hlasek,R,188,SUI,24.216,10,0,S347,,,Tobias Svantesson,R,193,SWE,25.834,97,0,7-6 6-2,3,R32,,,,,,,,,,,,,,,,,,,
1989-407,Rotterdam,Carpet,32,A,19890206,17,S021,,,Michiel Schapers,R,201,NED,29.306,57,0,K030,,WC,Patrik Kuhnen,R,190,GER,22.968,62,0,6-0 7-6,3,R16,,,,,,,,,,,,,,,,,,,
1989-407,Rotterdam,Carpet,32,A,19890206,18,J006,7,,Anders Jarryd,R,180,SWE,27.551,39,0,M030,,,Wally Masur,R,180,AUS,25.719,50,0,6-2 6-1,3,R16,,,,,,,,,,,,,,,,,,,
1989-407,Rotterdam,Carpet,32,A,19890206,19,D005,,,Marty Davis,R,183,USA,30.209,91,0,L009,,,Leonardo Lavalle,L,188,MEX,21.55,61,0,6-2 6-3,3,R16,,,,,,,,,,,,,,,,,,,
1989-407,Rotterdam,Carpet,32,A,19890206,20,C001,6,,Darren Cahill,R,185,AUS,23.329,26,0,S288,,,Christian Saceanu,R,190,GER,20.564,84,0,7-6 7-6,3,R16,,,,,,,,,,,,,,,,,,,
1989-407,Rotterdam,Carpet,32,A,19890206,21,R023,,,Udo Riglewski,R,185,GER,22.511,117,0,R006,,,Olli Rahnasto,R,183,FIN,23.091,98,0,6-3 2-6 6-1,3,R16,,,,,,,,,,,,,,,,,,,
1989-407,Rotterdam,Carpet,32,A,19890206,22,N022,3,,Yannick Noah,R,193,FRA,28.704,13,0,B040,,,Christian Bergstrom,R,180,SWE,21.536,65,0,6-3 7-5,3,R16,,,,,,,,,,,,,,,,,,,
1989-407,Rotterdam,Carpet,32,A,19890206,23,J008,,,Eric Jelen,R,180,GER,23.89,75,0,G182,8,,Magnus Gustafsson,R,185,SWE,22.075,43,0,6-3 6-2,3,R16,,,,,,,,,,,,,,,,,,,
1989-407,Rotterdam,Carpet,32,A,19890206,24,H025,2,,Jakob Hlasek,R,188,SUI,24.216,10,0,C012,,,Paolo Cane,R,180,ITA,23.811,79,0,6-2 6-1,3,R16,,,,,,,,,,,,,,,,,,,
1989-407,Rotterdam,Carpet,32,A,19890206,25,J006,7,,Anders Jarryd,R,180,SWE,27.551,39,0,S021,,,Michiel Schapers,R,201,NED,29.306,57,0,6-7 6-1 6-3,3,QF,,,,,,,,,,,,,,,,,,,
1989-407,Rotterdam,Carpet,32,A,19890206,26,C001,6,,Darren Cahill,R,185,AUS,23.329,26,0,D005,,,Marty Davis,R,183,USA,30.209,91,0,6-3 7-6,3,QF,,,,,,,,,,,,,,,,,,,
1989-407,Rotterdam,Carpet,32,A,19890206,27,N022,3,,Yannick Noah,R,193,FRA,28.704,13,0,R023,,,Udo Riglewski,R,185,GER,22.511,117,0,6-1 7-5,3,QF,,,,,,,,,,,,,,,,,,,
1989-407,Rotterdam,Carpet,32,A,19890206,28,H025,2,,Jakob Hlasek,R,188,SUI,24.216,10,0,J008,,,Eric Jelen,R,180,GER,23.89,75,0,6-1 6-1,3,QF,,,,,,,,,,,,,,,,,,,
1989-407,Rotterdam,Carpet,32,A,19890206,29,J006,7,,Anders Jarryd,R,180,SWE,27.551,39,0,C001,6,,Darren Cahill,R,185,AUS,23.329,26,0,6-2 6-4,3,SF,,,,,,,,,,,,,,,,,,,
1989-407,Rotterdam,Carpet,32,A,19890206,30,H025,2,,Jakob Hlasek,R,188,SUI,24.216,10,0,N022,3,,Yannick Noah,R,193,FRA,28.704,13,0,7-6 6-2,3,SF,,,,,,,,,,,,,,,,,,,
1989-407,Rotterdam,Carpet,32,A,19890206,31,H025,2,,Jakob Hlasek,R,188,SUI,24.216,10,0,J006,7,,Anders Jarryd,R,180,SWE,27.551,39,0,6-1 7-5,3,F,,,,,,,,,,,,,,,,,,,
1989-402,Memphis,Hard,48,A,19890213,1,P052,,,Jim Pugh,R,193,USA,25.024,71,0,P012,,,David Pate,R,183,USA,26.831,46,0,6-1 7-6,3,R64,,,,,,,,,,,,,,,,,,,
1989-402,Memphis,Hard,48,A,19890213,2,S017,,Q,Bill Scanlon,R,185,USA,32.252,217,0,G013,,,Sammy Giammalva Jr.,R,178,USA,25.895,86,0,6-3 6-1,3,R64,,,,,,,,,,,,,,,,,,,
1989-402,Memphis,Hard,48,A,19890213,3,R016,,Q,Richey Reneberg,R,180,USA,23.359,100,0,M028,,,Danilo Marcelino,R,193,BRA,22.938,128,0,6-3 6-0,3,R64,,,,,,,,,,,,,,,,,,,
1989-402,Memphis,Hard,48,A,19890213,4,S045,,,Leif Shiras,R,183,USA,29.484,127,0,A025,,,Matt Anger,R,188,USA,25.654,122,0,7-6 6-4,3,R64,,,,,,,,,,,,,,,,,,,
1989-402,Memphis,Hard,48,A,19890213,5,G039,,,Jim Grabb,R,193,USA,24.835,103,0,R029,,,Joey Rive,L,185,USA,25.604,94,0,6-4 6-2,3,R64,,,,,,,,,,,,,,,,,,,
1989-402,Memphis,Hard,48,A,19890213,6,D049,,,Broderick Dyke,L,183,AUS,28.12,206,0,P218,,WC,Nicolas Pereira,R,188,VEN,18.376,153,0,6-4 6-2,3,R64,,,,,,,,,,,,,,,,,,,
1989-402,Memphis,Hard,48,A,19890213,7,N018,,,Tom Nijssen,R,175,NED,24.37,101,0,M076,,,Barry Moir,R,180,RSA,25.706,115,0,6-1 6-4,3,R64,,,,,,,,,,,,,,,,,,,
1989-402,Memphis,Hard,48,A,19890213,8,S402,,,Pete Sampras,R,185,USA,17.509,91,0,W019,,,Tim Wilkison,L,180,USA,29.227,106,0,6-3 6-2,3,R64,,,,,,,,,,,,,,,,,,,
1989-402,Memphis,Hard,48,A,19890213,9,D004,,,Scott Davis,R,188,USA,26.467,113,0,C243,,,Jim Courier,R,185,USA,18.494,44,0,7-6 7-6,3,R64,,,,,,,,,,,,,,,,,,,
1989-402,Memphis,Hard,48,A,19890213,10,M338,,,Shuzo Matsuoka,R,185,JPN,21.273,60,0,J009,,Q,Luke Jensen,U,190,USA,22.658,274,0,6-7 7-6 6-4,3,R64,,,,,,,,,,,,,,,,,,,
1989-402,Memphis,Hard,48,A,19890213,11,A031,,Q,Jimmy Arias,R,175,USA,24.496,107,0,F029,,WC,Ken Flach,R,185,USA,25.728,203,0,6-3 6-3,3,R64,,,,,,,,,,,,,,,,,,,
1989-402,Memphis,Hard,48,A,19890213,12,Y002,,,Simon Youl,R,185,AUS,23.622,117,0,K033,,Q,Michael Kures,R,185,USA,24.556,185,0,7-6 6-1,3,R64,,,,,,,,,,,,,,,,,,,
1989-402,Memphis,Hard,48,A,19890213,13,M032,,,Richard Matuszewski,R,188,USA,24.435,63,0,P048,,Q,Chris Pridham,R,183,CAN,23.844,181,0,6-4 7-6,3,R64,,,,,,,,,,,,,,,,,,,
1989-402,Memphis,Hard,48,A,19890213,14,M064,,,Glenn Michibata,R,175,CAN,26.672,83,0,K024,,,Ramesh Krishnan,R,170,IND,27.693,49,0,7-5 7-6,3,R64,,,,,,,,,,,,,,,,,,,
1989-402,Memphis,Hard,48,A,19890213,15,A066,,,Pieter Aldrich,R,180,RSA,23.436,73,0,D044,,,Lawson Duncan,R,185,USA,24.301,65,0,6-3 1-6 6-3,3,R64,,,,,,,,,,,,,,,,,,,
1989-402,Memphis,Hard,48,A,19890213,16,S331,,,Jason Stoltenberg,R,185,AUS,18.864,72,0,W014,,,Michael Westphal,R,190,GER,23.984,143,0,7-6 6-2,3,R64,,,,,,,,,,,,,,,,,,,
1989-402,Memphis,Hard,48,A,19890213,17,A092,1,,Andre Agassi,R,180,USA,18.795,3,0,P052,,,Jim Pugh,R,193,USA,25.024,71,0,6-2 6-3,3,R32,,,,,,,,,,,,,,,,,,,
1989-402,Memphis,Hard,48,A,19890213,18,K022,16,,Johan Kriek,R,175,USA,30.861,40,0,S017,,Q,Bill Scanlon,R,185,USA,32.252,217,0,6-1 6-3,3,R32,,,,,,,,,,,,,,,,,,,
1989-402,Memphis,Hard,48,A,19890213,19,R016,,Q,Richey Reneberg,R,180,USA,23.359,100,0,G022,10,,Dan Goldie,R,188,USA,25.366,28,0,6-3 6-3,3,R32,,,,,,,,,,,,,,,,,,,
1989-402,Memphis,Hard,48,A,19890213,20,S045,,,Leif Shiras,R,183,USA,29.484,127,0,G023,8,,Andres Gomez,L,193,ECU,28.964,23,0,6-3 3-6 7-5,3,R32,,,,,,,,,,,,,,,,,,,
1989-402,Memphis,Hard,48,A,19890213,21,G039,,,Jim Grabb,R,193,USA,24.835,103,0,K023,4,,Aaron Krickstein,R,183,USA,21.536,16,0,7-6 6-3,3,R32,,,,,,,,,,,,,,,,,,,
1989-402,Memphis,Hard,48,A,19890213,22,D049,,,Broderick Dyke,L,183,AUS,28.12,206,0,A027,14,,Paul Annacone,R,185,USA,25.906,37,0,7-6 6-3,3,R32,,,,,,,,,,,,,,,,,,,
1989-402,Memphis,Hard,48,A,19890213,23,C274,11,,Michael Chang,R,175,USA,16.977,30,0,N018,,,Tom Nijssen,R,175,NED,24.37,101,0,6-1 6-3,3,R32,,,,,,,,,,,,,,,,,,,
1989-402,Memphis,Hard,48,A,19890213,24,P024,5,,Mikael Pernfors,R,173,SWE,25.582,18,0,S402,,,Pete Sampras,R,185,USA,17.509,91,0,6-2 6-2,3,R32,,,,,,,,,,,,,,,,,,,
1989-402,Memphis,Hard,48,A,19890213,25,G016,6,,Brad Gilbert,R,185,USA,27.515,19,0,D004,,,Scott Davis,R,188,USA,26.467,113,0,6-2 6-1,3,R32,,,,,,,,,,,,,,,,,,,
1989-402,Memphis,Hard,48,A,19890213,26,M338,,,Shuzo Matsuoka,R,185,JPN,21.273,60,0,V014,12,,Christo Van Rensburg,R,185,RSA,26.311,33,0,7-6 2-6 7-5,3,R32,,,,,,,,,,,,,,,,,,,
1989-402,Memphis,Hard,48,A,19890213,27,A031,,Q,Jimmy Arias,R,175,USA,24.496,107,0,S034,13,,Robert Seguso,R,190,USA,25.791,36,0,6-2 7-6,3,R32,,,,,,,,,,,,,,,,,,,
1989-402,Memphis,Hard,48,A,19890213,28,M041,3,,Tim Mayotte,R,190,USA,28.531,12,0,Y002,,,Simon Youl,R,185,AUS,23.622,117,0,6-2 6-3,3,R32,,,,,,,,,,,,,,,,,,,
1989-402,Memphis,Hard,48,A,19890213,29,C057,7,,Kevin Curren,R,185,USA,30.954,22,0,M032,,,Richard Matuszewski,R,188,USA,24.435,63,0,6-3 4-6 6-3,3,R32,,,,,,,,,,,,,,,,,,,
1989-402,Memphis,Hard,48,A,19890213,30,M012,9,,Amos Mansdorf,R,175,ISR,23.318,25,0,M064,,,Glenn Michibata,R,175,CAN,26.672,83,0,5-7 6-1 6-1,3,R32,,,,,,,,,,,,,,,,,,,
1989-402,Memphis,Hard,48,A,19890213,31,A066,,,Pieter Aldrich,R,180,RSA,23.436,73,0,R043,15,,Derrick Rostagno,R,185,USA,23.305,38,0,7-5 6-2,3,R32,,,,,,,,,,,,,,,,,,,
1989-402,Memphis,Hard,48,A,19890213,32,C044,2,,Jimmy Connors,L,178,USA,36.449,7,0,S331,,,Jason Stoltenberg,R,185,AUS,18.864,72,0,6-3 7-5,3,R32,,,,,,,,,,,,,,,,,,,
1989-402,Memphis,Hard,48,A,19890213,33,K022,16,,Johan Kriek,R,175,USA,30.861,40,0,A092,1,,Andre Agassi,R,180,USA,18.795,3,0,6-7 7-5 6-3,3,R16,,,,,,,,,,,,,,,,,,,
1989-402,Memphis,Hard,48,A,19890213,34,R016,,Q,Richey Reneberg,R,180,USA,23.359,100,0,S045,,,Leif Shiras,R,183,USA,29.484,127,0,6-1 6-3,3,R16,,,,,,,,,,,,,,,,,,,
1989-402,Memphis,Hard,48,A,19890213,35,D049,,,Broderick Dyke,L,183,AUS,28.12,206,0,G039,,,Jim Grabb,R,193,USA,24.835,103,0,6-1 6-4,3,R16,,,,,,,,,,,,,,,,,,,
1989-402,Memphis,Hard,48,A,19890213,36,C274,11,,Michael Chang,R,175,USA,16.977,30,0,P024,5,,Mikael Pernfors,R,173,SWE,25.582,18,0,7-5 6-1,3,R16,,,,,,,,,,,,,,,,,,,
1989-402,Memphis,Hard,48,A,19890213,37,G016,6,,Brad Gilbert,R,185,USA,27.515,19,0,M338,,,Shuzo Matsuoka,R,185,JPN,21.273,60,0,6-2 6-0,3,R16,,,,,,,,,,,,,,,,,,,
1989-402,Memphis,Hard,48,A,19890213,38,A031,,Q,Jimmy Arias,R,175,USA,24.496,107,0,M041,3,,Tim Mayotte,R,190,USA,28.531,12,0,7-6 6-7 7-6,3,R16,,,,,,,,,,,,,,,,,,,
1989-402,Memphis,Hard,48,A,19890213,39,C057,7,,Kevin Curren,R,185,USA,30.954,22,0,M012,9,,Amos Mansdorf,R,175,ISR,23.318,25,0,6-4 6-0,3,R16,,,,,,,,,,,,,,,,,,,
1989-402,Memphis,Hard,48,A,19890213,40,C044,2,,Jimmy Connors,L,178,USA,36.449,7,0,A066,,,Pieter Aldrich,R,180,RSA,23.436,73,0,6-2 6-2,3,R16,,,,,,,,,,,,,,,,,,,
1989-402,Memphis,Hard,48,A,19890213,41,K022,16,,Johan Kriek,R,175,USA,30.861,40,0,R016,,Q,Richey Reneberg,R,180,USA,23.359,100,0,6-3 6-3,3,QF,,,,,,,,,,,,,,,,,,,
1989-402,Memphis,Hard,48,A,19890213,42,C274,11,,Michael Chang,R,175,USA,16.977,30,0,D049,,,Broderick Dyke,L,183,AUS,28.12,206,0,6-3 6-2,3,QF,,,,,,,,,,,,,,,,,,,
1989-402,Memphis,Hard,48,A,19890213,43,G016,6,,Brad Gilbert,R,185,USA,27.515,19,0,A031,,Q,Jimmy Arias,R,175,USA,24.496,107,0,6-4 1-6 6-2,3,QF,,,,,,,,,,,,,,,,,,,
1989-402,Memphis,Hard,48,A,19890213,44,C057,7,,Kevin Curren,R,185,USA,30.954,22,0,C044,2,,Jimmy Connors,L,178,USA,36.449,7,0,6-2 6-2,3,QF,,,,,,,,,,,,,,,,,,,
1989-402,Memphis,Hard,48,A,19890213,45,K022,16,,Johan Kriek,R,175,USA,30.861,40,0,C274,11,,Michael Chang,R,175,USA,16.977,30,0,6-1 1-6 6-3,3,SF,,,,,,,,,,,,,,,,,,,
1989-402,Memphis,Hard,48,A,19890213,46,G016,6,,Brad Gilbert,R,185,USA,27.515,19,0,C057,7,,Kevin Curren,R,185,USA,30.954,22,0,7-6 6-4,3,SF,,,,,,,,,,,,,,,,,,,
1989-402,Memphis,Hard,48,A,19890213,47,G016,6,,Brad Gilbert,R,185,USA,27.515,19,0,K022,16,,Johan Kriek,R,175,USA,30.861,40,0,6-2 6-2 RET,5,F,,,,,,,,,,,,,,,,,,,
1989-408,Milan,Carpet,32,A,19890213,1,B028,1,,Boris Becker,R,190,GER,21.229,4,0,A006,,,Ronald Agenor,R,180,USA,24.252,27,0,6-7 6-2 6-1,3,R32,,,,,,,,,,,,,,,,,,,
1989-408,Milan,Carpet,32,A,19890213,2,F035,,,Guy Forget,L,190,FRA,24.11,47,0,J006,,,Anders Jarryd,R,180,SWE,27.589,29,0,6-7 6-3 6-4,3,R32,,,,,,,,,,,,,,,,,,,
1989-408,Milan,Carpet,32,A,19890213,3,B040,,,Christian Bergstrom,R,180,SWE,21.574,62,0,K030,,,Patrik Kuhnen,R,190,GER,23.006,57,0,6-4 6-4,3,R32,,,,,,,,,,,,,,,,,,,
1989-408,Milan,Carpet,32,A,19890213,4,S072,,,Milan Srejber,R,203,CZE,25.125,50,0,M031,,LL,Eduardo Masso,L,178,BEL,25.092,120,0,7-5 6-2,3,R32,,,,,,,,,,,,,,,,,,,
1989-408,Milan,Carpet,32,A,19890213,5,M047,3,,John McEnroe,L,180,USA,29.993,9,0,S080,,,Carl-Uwe Steeb,L,180,GER,21.454,76,0,6-3 6-2,3,R32,,,,,,,,,,,,,,,,,,,
1989-408,Milan,Carpet,32,A,19890213,6,S021,,,Michiel Schapers,R,201,NED,29.344,64,0,E061,,Q,David Engel,R,180,SWE,21.328,278,0,6-4 6-4,3,R32,,,,,,,,,,,,,,,,,,,
1989-408,Milan,Carpet,32,A,19890213,7,M030,,,Wally Masur,R,180,AUS,25.758,48,0,N030,,,Joakim Nystrom,R,188,SWE,25.982,80,0,6-1 1-6 6-1,3,R32,,,,,,,,,,,,,,,,,,,
1989-408,Milan,Carpet,32,A,19890213,8,C260,,Q,Andrei Cherkasov,R,180,RUS,18.615,130,0,L014,5,,Henri Leconte,L,185,FRA,25.615,11,0,7-6 4-6 6-3,3,R32,,,,,,,,,,,,,,,,,,,
1989-408,Milan,Carpet,32,A,19890213,9,N022,6,,Yannick Noah,R,193,FRA,28.742,13,0,O009,,,Andrei Olhovskiy,R,185,RUS,22.834,85,0,6-3 6-7 7-6,3,R32,,,,,,,,,,,,,,,,,,,
1989-408,Milan,Carpet,32,A,19890213,10,Z006,,,Slobodan Zivojinovic,R,198,YUG,25.563,35,0,D098,,,Yahiya Doumbia,R,185,SEN,25.473,154,0,3-6 6-3 6-4,3,R32,,,,,,,,,,,,,,,,,,,
1989-408,Milan,Carpet,32,A,19890213,11,V037,,,Alexander Volkov,L,188,RUS,21.952,61,0,I034,,WC,Goran Ivanisevic,L,193,CRO,17.421,124,0,6-4 3-6 6-4,3,R32,,,,,,,,,,,,,,,,,,,
1989-408,Milan,Carpet,32,A,19890213,12,H025,4,,Jakob Hlasek,R,188,SUI,24.255,8,0,O025,,Q,Marko Ostoja,R,175,CRO,28.318,189,0,7-6 6-1,3,R32,,,,,,,,,,,,,,,,,,,
1989-408,Milan,Carpet,32,A,19890213,13,S101,7,,Jonas Svensson,R,188,SWE,22.316,21,0,N006,,WC,Massimiliano Narducci,R,185,ITA,24.969,183,0,6-4 6-2,3,R32,,,,,,,,,,,,,,,,,,,
1989-408,Milan,Carpet,32,A,19890213,14,J008,,,Eric Jelen,R,180,GER,23.929,68,0,G182,,,Magnus Gustafsson,R,185,SWE,22.114,43,0,6-4 6-2,3,R32,,,,,,,,,,,,,,,,,,,
1989-408,Milan,Carpet,32,A,19890213,15,C012,,,Paolo Cane,R,180,ITA,23.849,74,0,C216,,Q,Tomas Carbonell,R,178,ESP,20.52,209,0,6-3 6-2,3,R32,,,,,,,,,,,,,,,,,,,
1989-408,Milan,Carpet,32,A,19890213,16,C009,,WC,Omar Camporese,R,188,ITA,20.769,204,0,M052,2,,Miloslav Mecir Sr.,R,190,SVK,24.739,10,0,6-4 7-6,3,R32,,,,,,,,,,,,,,,,,,,
1989-408,Milan,Carpet,32,A,19890213,17,B028,1,,Boris Becker,R,190,GER,21.229,4,0,F035,,,Guy Forget,L,190,FRA,24.11,47,0,6-3 7-6,3,R16,,,,,,,,,,,,,,,,,,,
1989-408,Milan,Carpet,32,A,19890213,18,B040,,,Christian Bergstrom,R,180,SWE,21.574,62,0,S072,,,Milan Srejber,R,203,CZE,25.125,50,0,6-3 2-6 6-4,3,R16,,,,,,,,,,,,,,,,,,,
1989-408,Milan,Carpet,32,A,19890213,19,M047,3,,John McEnroe,L,180,USA,29.993,9,0,S021,,,Michiel Schapers,R,201,NED,29.344,64,0,6-2 6-3,3,R16,,,,,,,,,,,,,,,,,,,
1989-408,Milan,Carpet,32,A,19890213,20,C260,,Q,Andrei Cherkasov,R,180,RUS,18.615,130,0,M030,,,Wally Masur,R,180,AUS,25.758,48,0,7-6 5-7 7-6,3,R16,,,,,,,,,,,,,,,,,,,
1989-408,Milan,Carpet,32,A,19890213,21,Z006,,,Slobodan Zivojinovic,R,198,YUG,25.563,35,0,N022,6,,Yannick Noah,R,193,FRA,28.742,13,0,7-6 7-6,3,R16,,,,,,,,,,,,,,,,,,,
1989-408,Milan,Carpet,32,A,19890213,22,V037,,,Alexander Volkov,L,188,RUS,21.952,61,0,H025,4,,Jakob Hlasek,R,188,SUI,24.255,8,0,7-6 7-5,3,R16,,,,,,,,,,,,,,,,,,,
1989-408,Milan,Carpet,32,A,19890213,23,J008,,,Eric Jelen,R,180,GER,23.929,68,0,S101,7,,Jonas Svensson,R,188,SWE,22.316,21,0,6-4 6-0,3,R16,,,,,,,,,,,,,,,,,,,
1989-408,Milan,Carpet,32,A,19890213,24,C012,,,Paolo Cane,R,180,ITA,23.849,74,0,C009,,WC,Omar Camporese,R,188,ITA,20.769,204,0,6-4 6-3,3,R16,,,,,,,,,,,,,,,,,,,
1989-408,Milan,Carpet,32,A,19890213,25,B028,1,,Boris Becker,R,190,GER,21.229,4,0,B040,,,Christian Bergstrom,R,180,SWE,21.574,62,0,7-6 7-5,3,QF,,,,,,,,,,,,,,,,,,,
1989-408,Milan,Carpet,32,A,19890213,26,M047,3,,John McEnroe,L,180,USA,29.993,9,0,C260,,Q,Andrei Cherkasov,R,180,RUS,18.615,130,0,6-2 6-2,3,QF,,,,,,,,,,,,,,,,,,,
1989-408,Milan,Carpet,32,A,19890213,27,V037,,,Alexander Volkov,L,188,RUS,21.952,61,0,Z006,,,Slobodan Zivojinovic,R,198,YUG,25.563,35,0,7-6 6-3,3,QF,,,,,,,,,,,,,,,,,,,
1989-408,Milan,Carpet,32,A,19890213,28,J008,,,Eric Jelen,R,180,GER,23.929,68,0,C012,,,Paolo Cane,R,180,ITA,23.849,74,0,6-1 6-2,3,QF,,,,,,,,,,,,,,,,,,,
1989-408,Milan,Carpet,32,A,19890213,29,B028,1,,Boris Becker,R,190,GER,21.229,4,0,M047,3,,John McEnroe,L,180,USA,29.993,9,0,6-2 6-3,3,SF,,,,,,,,,,,,,,,,,,,
1989-408,Milan,Carpet,32,A,19890213,30,V037,,,Alexander Volkov,L,188,RUS,21.952,61,0,J008,,,Eric Jelen,R,180,GER,23.929,68,0,6-2 2-6 7-6,3,SF,,,,,,,,,,,,,,,,,,,
1989-408,Milan,Carpet,32,A,19890213,31,B028,1,,Boris Becker,R,190,GER,21.229,4,0,V037,,,Alexander Volkov,L,188,RUS,21.952,61,0,6-1 6-2,3,F,,,,,,,,,,,,,,,,,,,
1989-7309,Lyon,Carpet,32,A,19890220,1,H025,1,,Jakob Hlasek,R,188,SUI,24.274,9,0,D098,,,Yahiya Doumbia,R,185,SEN,25.492,156,0,6-4 7-6,3,R32,,,,,,,,,,,,,,,,,,,
1989-7309,Lyon,Carpet,32,A,19890220,2,W026,,WC,Eric Winogradsky,R,188,FRA,22.834,153,0,L044,,,Peter Lundgren,R,185,SWE,24.06,62,0,6-4 6-4,3,R32,,,,,,,,,,,,,,,,,,,
1989-7309,Lyon,Carpet,32,A,19890220,3,K133,,Q,Niclas Kroon,R,183,SWE,23.042,192,0,C028,,,Thierry Champion,R,183,FRA,22.475,127,0,3-6 6-4 6-2,3,R32,,,,,,,,,,,,,,,,,,,
1989-7309,Lyon,Carpet,32,A,19890220,4,K030,8,,Patrik Kuhnen,R,190,GER,23.025,61,0,D015,,WC,Olivier Delaitre,R,170,FRA,21.725,82,0,4-6 6-1 7-5,3,R32,,,,,,,,,,,,,,,,,,,
1989-7309,Lyon,Carpet,32,A,19890220,5,L014,3,,Henri Leconte,L,185,FRA,25.634,10,0,T032,,,Thierry Tulasne,R,178,FRA,25.613,77,0,6-3 6-2,3,R32,,,,,,,,,,,,,,,,,,,
1989-7309,Lyon,Carpet,32,A,19890220,6,B267,,Q,Rikard Bergh,L,188,SWE,22.689,229,0,M031,,,Eduardo Masso,L,178,BEL,25.112,132,0,6-4 6-4,3,R32,,,,,,,,,,,,,,,,,,,
1989-7309,Lyon,Carpet,32,A,19890220,7,B037,,Q,Tarik Benhabiles,R,175,FRA,24.041,270,0,S288,,,Christian Saceanu,R,190,GER,20.621,100,0,5-7 6-3 6-4,3,R32,,,,,,,,,,,,,,,,,,,
1989-7309,Lyon,Carpet,32,A,19890220,8,J006,5,,Anders Jarryd,R,180,SWE,27.608,33,0,S021,,,Michiel Schapers,R,201,NED,29.363,70,0,6-3 6-2,3,R32,,,,,,,,,,,,,,,,,,,
1989-7309,Lyon,Carpet,32,A,19890220,9,G182,6,,Magnus Gustafsson,R,185,SWE,22.133,46,0,R006,,,Olli Rahnasto,R,183,FIN,23.149,90,0,6-3 6-3,3,R32,,,,,,,,,,,,,,,,,,,
1989-7309,Lyon,Carpet,32,A,19890220,10,K016,,,Mark Koevermans,R,185,NED,21.049,138,0,N013,,,Todd Nelson,R,185,USA,27.929,222,0,1-6 7-6 6-3,3,R32,,,,,,,,,,,,,,,,,,,
1989-7309,Lyon,Carpet,32,A,19890220,11,J008,,,Eric Jelen,R,180,GER,23.948,53,0,B293,,Q,Patrick Baur,R,188,GER,23.803,178,0,6-1 6-1,3,R32,,,,,,,,,,,,,,,,,,,
1989-7309,Lyon,Carpet,32,A,19890220,12,S101,4,,Jonas Svensson,R,188,SWE,22.335,19,0,R186,,WC,Guillaume Raoux,R,180,FRA,19.017,431,0,6-3 6-3,3,R32,,,,,,,,,,,,,,,,,,,
1989-7309,Lyon,Carpet,32,A,19890220,13,F035,7,,Guy Forget,L,190,FRA,24.129,41,0,C029,,,Paul Chamberlin,R,178,USA,26.908,107,0,7-5 6-3,3,R32,,,,,,,,,,,,,,,,,,,
1989-7309,Lyon,Carpet,32,A,19890220,14,S080,,,Carl-Uwe Steeb,L,180,GER,21.473,92,0,L009,,,Leonardo Lavalle,L,188,MEX,21.607,59,0,6-0 3-6 6-0,3,R32,,,,,,,,,,,,,,,,,,,
1989-7309,Lyon,Carpet,32,A,19890220,15,B040,,,Christian Bergstrom,R,180,SWE,21.593,58,0,N109,,,Diego Nargiso,L,188,ITA,18.938,104,0,6-4 7-6,3,R32,,,,,,,,,,,,,,,,,,,
1989-7309,Lyon,Carpet,32,A,19890220,16,M047,2,,John McEnroe,L,180,USA,30.012,8,0,M032,,,Richard Matuszewski,R,188,USA,24.454,64,0,7-6 6-2,3,R32,,,,,,,,,,,,,,,,,,,
1989-7309,Lyon,Carpet,32,A,19890220,17,H025,1,,Jakob Hlasek,R,188,SUI,24.274,9,0,W026,,WC,Eric Winogradsky,R,188,FRA,22.834,153,0,3-6 6-4 6-3,3,R16,,,,,,,,,,,,,,,,,,,
1989-7309,Lyon,Carpet,32,A,19890220,18,K030,8,,Patrik Kuhnen,R,190,GER,23.025,61,0,K133,,Q,Niclas Kroon,R,183,SWE,23.042,192,0,2-6 6-1 6-3,3,R16,,,,,,,,,,,,,,,,,,,
1989-7309,Lyon,Carpet,32,A,19890220,19,L014,3,,Henri Leconte,L,185,FRA,25.634,10,0,B267,,Q,Rikard Bergh,L,188,SWE,22.689,229,0,4-6 6-3 6-1,3,R16,,,,,,,,,,,,,,,,,,,
1989-7309,Lyon,Carpet,32,A,19890220,20,J006,5,,Anders Jarryd,R,180,SWE,27.608,33,0,B037,,Q,Tarik Benhabiles,R,175,FRA,24.041,270,0,6-1 6-1,3,R16,,,,,,,,,,,,,,,,,,,
1989-7309,Lyon,Carpet,32,A,19890220,21,G182,6,,Magnus Gustafsson,R,185,SWE,22.133,46,0,K016,,,Mark Koevermans,R,185,NED,21.049,138,0,6-4 6-2,3,R16,,,,,,,,,,,,,,,,,,,
1989-7309,Lyon,Carpet,32,A,19890220,22,S101,4,,Jonas Svensson,R,188,SWE,22.335,19,0,J008,,,Eric Jelen,R,180,GER,23.948,53,0,6-2 7-6,3,R16,,,,,,,,,,,,,,,,,,,
1989-7309,Lyon,Carpet,32,A,19890220,23,S080,,,Carl-Uwe Steeb,L,180,GER,21.473,92,0,F035,7,,Guy Forget,L,190,FRA,24.129,41,0,4-6 7-5 6-3,3,R16,,,,,,,,,,,,,,,,,,,
1989-7309,Lyon,Carpet,32,A,19890220,24,M047,2,,John McEnroe,L,180,USA,30.012,8,0,B040,,,Christian Bergstrom,R,180,SWE,21.593,58,0,6-3 6-2,3,R16,,,,,,,,,,,,,,,,,,,
1989-7309,Lyon,Carpet,32,A,19890220,25,H025,1,,Jakob Hlasek,R,188,SUI,24.274,9,0,K030,8,,Patrik Kuhnen,R,190,GER,23.025,61,0,6-3 7-6,3,QF,,,,,,,,,,,,,,,,,,,
1989-7309,Lyon,Carpet,32,A,19890220,26,J006,5,,Anders Jarryd,R,180,SWE,27.608,33,0,L014,3,,Henri Leconte,L,185,FRA,25.634,10,0,4-6 7-5 6-3,3,QF,,,,,,,,,,,,,,,,,,,
1989-7309,Lyon,Carpet,32,A,19890220,27,S101,4,,Jonas Svensson,R,188,SWE,22.335,19,0,G182,6,,Magnus Gustafsson,R,185,SWE,22.133,46,0,6-2 6-0,3,QF,,,,,,,,,,,,,,,,,,,
1989-7309,Lyon,Carpet,32,A,19890220,28,M047,2,,John McEnroe,L,180,USA,30.012,8,0,S080,,,Carl-Uwe Steeb,L,180,GER,21.473,92,0,6-2 6-2,3,QF,,,,,,,,,,,,,,,,,,,
1989-7309,Lyon,Carpet,32,A,19890220,29,H025,1,,Jakob Hlasek,R,188,SUI,24.274,9,0,J006,5,,Anders Jarryd,R,180,SWE,27.608,33,0,6-3 6-3,3,SF,,,,,,,,,,,,,,,,,,,
1989-7309,Lyon,Carpet,32,A,19890220,30,M047,2,,John McEnroe,L,180,USA,30.012,8,0,S101,4,,Jonas Svensson,R,188,SWE,22.335,19,0,6-3 7-5,3,SF,,,,,,,,,,,,,,,,,,,
1989-7309,Lyon,Carpet,32,A,19890220,31,M047,2,,John McEnroe,L,180,USA,30.012,8,0,H025,1,,Jakob Hlasek,R,188,SUI,24.274,9,0,6-3 7-6,3,F,,,,,,,,,,,,,,,,,,,
1989-401,Philadelphia,Carpet,48,A,19890220,1,P004,,,Veli Paloheimo,R,183,FIN,21.191,98,0,Y002,,,Simon Youl,R,185,AUS,23.641,122,0,6-4 6-4,3,R64,,,,,,,,,,,,,,,,,,,
1989-401,Philadelphia,Carpet,48,A,19890220,2,K024,,,Ramesh Krishnan,R,170,IND,27.713,47,0,D005,,,Marty Davis,R,183,USA,30.267,76,0,1-6 7-6 3-0 RET,3,R64,,,,,,,,,,,,,,,,,,,
1989-401,Philadelphia,Carpet,48,A,19890220,3,R016,,WC,Richey Reneberg,R,180,USA,23.379,80,0,G039,,,Jim Grabb,R,193,USA,24.854,128,0,6-3 3-6 7-6,3,R64,,,,,,,,,,,,,,,,,,,
1989-401,Philadelphia,Carpet,48,A,19890220,4,P218,,Q,Nicolas Pereira,R,188,VEN,18.396,147,0,K033,,Q,Michael Kures,R,185,USA,24.575,207,0,7-6 6-3,3,R64,,,,,,,,,,,,,,,,,,,
1989-401,Philadelphia,Carpet,48,A,19890220,5,N018,,,Tom Nijssen,R,175,NED,24.389,102,0,C011,,Q,Jonathan Canter,R,185,USA,23.715,176,0,6-2 6-2,3,R64,,,,,,,,,,,,,,,,,,,
1989-401,Philadelphia,Carpet,48,A,19890220,6,S072,,,Milan Srejber,R,203,CZE,25.144,66,0,M338,,,Shuzo Matsuoka,R,185,JPN,21.292,63,0,3-6 6-3 6-4,3,R64,,,,,,,,,,,,,,,,,,,
1989-401,Philadelphia,Carpet,48,A,19890220,7,R029,,,Joey Rive,L,185,USA,25.624,101,0,T125,,Q,Kenny Thorne,R,188,USA,23.075,439,0,6-4 6-2,3,R64,,,,,,,,,,,,,,,,,,,
1989-401,Philadelphia,Carpet,48,A,19890220,8,F029,,WC,Ken Flach,R,185,USA,25.747,206,0,L041,,,Jorge Lozano,R,180,MEX,25.766,71,0,4-6 6-3 7-6,3,R64,,,,,,,,,,,,,,,,,,,
1989-401,Philadelphia,Carpet,48,A,19890220,9,S045,,,Leif Shiras,R,183,USA,29.503,110,0,M028,,,Danilo Marcelino,R,193,BRA,22.957,126,0,7-5 6-4,3,R64,,,,,,,,,,,,,,,,,,,
1989-401,Philadelphia,Carpet,48,A,19890220,10,D004,,,Scott Davis,R,188,USA,26.486,114,0,I034,,WC,Goran Ivanisevic,L,193,CRO,17.44,123,0,6-3 6-4,3,R64,,,,,,,,,,,,,,,,,,,
1989-401,Philadelphia,Carpet,48,A,19890220,11,W014,,,Michael Westphal,R,190,GER,24.003,154,0,A066,,,Pieter Aldrich,R,180,RSA,23.455,72,0,6-1 6-2,3,R64,,,,,,,,,,,,,,,,,,,
1989-401,Philadelphia,Carpet,48,A,19890220,12,P052,,,Jim Pugh,R,193,USA,25.043,73,0,W019,,,Tim Wilkison,L,180,USA,29.246,109,0,6-3 7-6,3,R64,,,,,,,,,,,,,,,,,,,
1989-401,Philadelphia,Carpet,48,A,19890220,13,L021,,Q,John Letts,R,185,USA,24.78,305,0,W011,,Q,Robbie Weiss,R,183,USA,22.223,355,0,7-5 6-3,3,R64,,,,,,,,,,,,,,,,,,,
1989-401,Philadelphia,Carpet,48,A,19890220,14,G013,,,Sammy Giammalva Jr.,R,178,USA,25.914,93,0,M064,,,Glenn Michibata,R,175,CAN,26.691,84,0,6-0 6-1,3,R64,,,,,,,,,,,,,,,,,,,
1989-401,Philadelphia,Carpet,48,A,19890220,15,S402,,,Pete Sampras,R,185,USA,17.528,99,0,D008,,,Horacio De La Pena,L,180,ARG,22.557,57,0,6-3 6-4,3,R64,,,,,,,,,,,,,,,,,,,
1989-401,Philadelphia,Carpet,48,A,19890220,16,W123,,WC,David Wheaton,R,193,USA,19.721,321,0,S331,,,Jason Stoltenberg,R,185,AUS,18.883,75,0,6-4 6-2,3,R64,,,,,,,,,,,,,,,,,,,
1989-401,Philadelphia,Carpet,48,A,19890220,17,A092,1,,Andre Agassi,R,180,USA,18.815,4,0,P004,,,Veli Paloheimo,R,183,FIN,21.191,98,0,6-3 6-2,3,R32,,,,,,,,,,,,,,,,,,,
1989-401,Philadelphia,Carpet,48,A,19890220,18,C243,15,,Jim Courier,R,185,USA,18.513,48,0,K024,,,Ramesh Krishnan,R,170,IND,27.713,47,0,W/O,3,R32,,,,,,,,,,,,,,,,,,,
1989-401,Philadelphia,Carpet,48,A,19890220,19,C274,9,,Michael Chang,R,175,USA,16.997,25,0,R016,,WC,Richey Reneberg,R,180,USA,23.379,80,0,6-1 7-5,3,R32,,,,,,,,,,,,,,,,,,,
1989-401,Philadelphia,Carpet,48,A,19890220,20,G022,8,,Dan Goldie,R,188,USA,25.385,29,0,P218,,Q,Nicolas Pereira,R,188,VEN,18.396,147,0,6-2 7-6,3,R32,,,,,,,,,,,,,,,,,,,
1989-401,Philadelphia,Carpet,48,A,19890220,21,M041,3,,Tim Mayotte,R,190,USA,28.55,12,0,N018,,,Tom Nijssen,R,175,NED,24.389,102,0,6-4 6-2,3,R32,,,,,,,,,,,,,,,,,,,
1989-401,Philadelphia,Carpet,48,A,19890220,22,S072,,,Milan Srejber,R,203,CZE,25.144,66,0,R043,13,,Derrick Rostagno,R,185,USA,23.324,39,0,6-3 6-4,3,R32,,,,,,,,,,,,,,,,,,,
1989-401,Philadelphia,Carpet,48,A,19890220,23,A027,12,,Paul Annacone,R,185,USA,25.925,40,0,R029,,,Joey Rive,L,185,USA,25.624,101,0,6-0 6-3,3,R32,,,,,,,,,,,,,,,,,,,
1989-401,Philadelphia,Carpet,48,A,19890220,24,G016,5,,Brad Gilbert,R,185,USA,27.535,15,0,F029,,WC,Ken Flach,R,185,USA,25.747,206,0,6-2 7-6,3,R32,,,,,,,,,,,,,,,,,,,
1989-401,Philadelphia,Carpet,48,A,19890220,25,C057,6,,Kevin Curren,R,185,USA,30.973,21,0,S045,,,Leif Shiras,R,183,USA,29.503,110,0,4-1 RET,3,R32,,,,,,,,,,,,,,,,,,,
1989-401,Philadelphia,Carpet,48,A,19890220,26,S034,11,,Robert Seguso,R,190,USA,25.81,49,0,D004,,,Scott Davis,R,188,USA,26.486,114,0,6-2 6-2,3,R32,,,,,,,,,,,,,,,,,,,
1989-401,Philadelphia,Carpet,48,A,19890220,27,S340,,LL,Roger Smith,R,185,BAH,25.087,116,0,W014,,,Michael Westphal,R,190,GER,24.003,154,0,6-4 0-6 6-4,3,R32,,,,,,,,,,,,,,,,,,,
1989-401,Philadelphia,Carpet,48,A,19890220,28,P024,4,,Mikael Pernfors,R,173,SWE,25.602,22,0,P052,,,Jim Pugh,R,193,USA,25.043,73,0,6-3 7-5,3,R32,,,,,,,,,,,,,,,,,,,
1989-401,Philadelphia,Carpet,48,A,19890220,29,M012,7,,Amos Mansdorf,R,175,ISR,23.337,26,0,L021,,Q,John Letts,R,185,USA,24.78,305,0,6-4 6-3,3,R32,,,,,,,,,,,,,,,,,,,
1989-401,Philadelphia,Carpet,48,A,19890220,30,V014,10,,Christo Van Rensburg,R,185,RSA,26.33,36,0,G013,,,Sammy Giammalva Jr.,R,178,USA,25.914,93,0,6-3 5-7 7-6,3,R32,,,,,,,,,,,,,,,,,,,
1989-401,Philadelphia,Carpet,48,A,19890220,31,P012,16,,David Pate,R,183,USA,26.85,51,0,S402,,,Pete Sampras,R,185,USA,17.528,99,0,2-6 7-6 6-3,3,R32,,,,,,,,,,,,,,,,,,,
1989-401,Philadelphia,Carpet,48,A,19890220,32,B028,2,,Boris Becker,R,190,GER,21.248,3,0,W123,,WC,David Wheaton,R,193,USA,19.721,321,0,6-1 6-4,3,R32,,,,,,,,,,,,,,,,,,,
1989-401,Philadelphia,Carpet,48,A,19890220,33,A092,1,,Andre Agassi,R,180,USA,18.815,4,0,C243,15,,Jim Courier,R,185,USA,18.513,48,0,6-3 7-6,3,R16,,,,,,,,,,,,,,,,,,,
1989-401,Philadelphia,Carpet,48,A,19890220,34,G022,8,,Dan Goldie,R,188,USA,25.385,29,0,C274,9,,Michael Chang,R,175,USA,16.997,25,0,2-6 6-4 6-2,3,R16,,,,,,,,,,,,,,,,,,,
1989-401,Philadelphia,Carpet,48,A,19890220,35,M041,3,,Tim Mayotte,R,190,USA,28.55,12,0,S072,,,Milan Srejber,R,203,CZE,25.144,66,0,6-3 6-4,3,R16,,,,,,,,,,,,,,,,,,,
1989-401,Philadelphia,Carpet,48,A,19890220,36,G016,5,,Brad Gilbert,R,185,USA,27.535,15,0,A027,12,,Paul Annacone,R,185,USA,25.925,40,0,7-6 7-5,3,R16,,,,,,,,,,,,,,,,,,,
1989-401,Philadelphia,Carpet,48,A,19890220,37,S034,11,,Robert Seguso,R,190,USA,25.81,49,0,C057,6,,Kevin Curren,R,185,USA,30.973,21,0,6-3 6-7 7-5,3,R16,,,,,,,,,,,,,,,,,,,
1989-401,Philadelphia,Carpet,48,A,19890220,38,P024,4,,Mikael Pernfors,R,173,SWE,25.602,22,0,S340,,LL,Roger Smith,R,185,BAH,25.087,116,0,6-1 6-3,3,R16,,,,,,,,,,,,,,,,,,,
1989-401,Philadelphia,Carpet,48,A,19890220,39,V014,10,,Christo Van Rensburg,R,185,RSA,26.33,36,0,M012,7,,Amos Mansdorf,R,175,ISR,23.337,26,0,6-7 6-4 6-4,3,R16,,,,,,,,,,,,,,,,,,,
1989-401,Philadelphia,Carpet,48,A,19890220,40,B028,2,,Boris Becker,R,190,GER,21.248,3,0,P012,16,,David Pate,R,183,USA,26.85,51,0,6-1 6-1,3,R16,,,,,,,,,,,,,,,,,,,
1989-401,Philadelphia,Carpet,48,A,19890220,41,A092,1,,Andre Agassi,R,180,USA,18.815,4,0,G022,8,,Dan Goldie,R,188,USA,25.385,29,0,6-1 6-4,3,QF,,,,,,,,,,,,,,,,,,,
1989-401,Philadelphia,Carpet,48,A,19890220,42,M041,3,,Tim Mayotte,R,190,USA,28.55,12,0,G016,5,,Brad Gilbert,R,185,USA,27.535,15,0,6-4 5-7 6-4,3,QF,,,,,,,,,,,,,,,,,,,
1989-401,Philadelphia,Carpet,48,A,19890220,43,P024,4,,Mikael Pernfors,R,173,SWE,25.602,22,0,S034,11,,Robert Seguso,R,190,USA,25.81,49,0,6-4 6-3,3,QF,,,,,,,,,,,,,,,,,,,
1989-401,Philadelphia,Carpet,48,A,19890220,44,B028,2,,Boris Becker,R,190,GER,21.248,3,0,V014,10,,Christo Van Rensburg,R,185,RSA,26.33,36,0,3-6 6-1 6-4,3,QF,,,,,,,,,,,,,,,,,,,
1989-401,Philadelphia,Carpet,48,A,19890220,45,M041,3,,Tim Mayotte,R,190,USA,28.55,12,0,A092,1,,Andre Agassi,R,180,USA,18.815,4,0,6-4 4-6 6-4,3,SF,,,,,,,,,,,,,,,,,,,
1989-401,Philadelphia,Carpet,48,A,19890220,46,B028,2,,Boris Becker,R,190,GER,21.248,3,0,P024,4,,Mikael Pernfors,R,173,SWE,25.602,22,0,6-2 6-3,3,SF,,,,,,,,,,,,,,,,,,,
1989-401,Philadelphia,Carpet,48,A,19890220,47,B028,2,,Boris Becker,R,190,GER,21.248,3,0,M041,3,,Tim Mayotte,R,190,USA,28.55,12,0,7-6 6-1 6-3,5,F,,,,,,,,,,,,,,,,,,,
1989-304,Nancy,Carpet,32,A,19890227,1,C001,1,,Darren Cahill,R,185,AUS,23.406,23,0,W026,,,Eric Winogradsky,R,188,FRA,22.853,143,0,4-6 6-3 7-6,3,R32,,,,,,,,,,,,,,,,,,,
1989-304,Nancy,Carpet,32,A,19890227,2,C018,,,Johan Carlsson,R,183,SWE,23.08,154,0,G055,,,Steve Guy,R,188,NZL,29.958,169,0,6-4 3-6 6-3,3,R32,,,,,,,,,,,,,,,,,,,
1989-304,Nancy,Carpet,32,A,19890227,3,M031,,,Eduardo Masso,L,178,BEL,25.131,138,0,D049,,,Broderick Dyke,L,183,AUS,28.159,158,0,6-4 7-6,3,R32,,,,,,,,,,,,,,,,,,,
1989-304,Nancy,Carpet,32,A,19890227,4,T032,8,,Thierry Tulasne,R,178,FRA,25.632,76,0,D098,,,Yahiya Doumbia,R,185,SEN,25.511,153,0,7-6 6-1,3,R32,,,,,,,,,,,,,,,,,,,
1989-304,Nancy,Carpet,32,A,19890227,5,F035,3,,Guy Forget,L,190,FRA,24.148,42,0,N013,,,Todd Nelson,R,185,USA,27.948,231,0,6-2 6-2,3,R32,,,,,,,,,,,,,,,,,,,
1989-304,Nancy,Carpet,32,A,19890227,6,M063,,,Claudio Mezzadri,R,180,SUI,23.718,124,0,B001,,WC,Mansour Bahrami,R,178,IRI,32.841,356,0,6-1 7-6,3,R32,,,,,,,,,,,,,,,,,,,
1989-304,Nancy,Carpet,32,A,19890227,7,B053,,Q,Arnaud Boetsch,R,183,FRA,19.91,272,0,P008,,,Claudio Panatta,R,178,ITA,29.07,111,0,6-4 6-4,3,R32,,,,,,,,,,,,,,,,,,,
1989-304,Nancy,Carpet,32,A,19890227,8,D015,,,Olivier Delaitre,R,170,FRA,21.744,79,0,M032,6,,Richard Matuszewski,R,188,USA,24.474,67,0,6-3 6-2,3,R32,,,,,,,,,,,,,,,,,,,
1989-304,Nancy,Carpet,32,A,19890227,9,J008,5,,Eric Jelen,R,180,GER,23.967,59,0,S077,,,Roland Stadler,U,178,SUI,29.708,192,0,5-7 6-4 6-3,3,R32,,,,,,,,,,,,,,,,,,,
1989-304,Nancy,Carpet,32,A,19890227,10,B021,,,Jeremy Bates,R,180,GBR,26.694,214,0,R006,,,Olli Rahnasto,R,183,FIN,23.168,92,0,6-4 7-6,3,R32,,,,,,,,,,,,,,,,,,,
1989-304,Nancy,Carpet,32,A,19890227,11,C029,,,Paul Chamberlin,R,178,USA,26.927,113,0,W122,,,Paul Wekesa,R,188,KEN,21.659,162,0,6-4 6-3,3,R32,,,,,,,,,,,,,,,,,,,
1989-304,Nancy,Carpet,32,A,19890227,12,P043,,,Jerome Potier,L,180,FRA,26.615,177,0,G053,4,,Jan Gunnarsson,R,185,SWE,26.749,50,0,7-5 7-6,3,R32,,,,,,,,,,,,,,,,,,,
1989-304,Nancy,Carpet,32,A,19890227,13,S021,7,,Michiel Schapers,R,201,NED,29.383,82,0,K181,,,Nicklas Kulti,R,190,SWE,17.854,142,0,6-3 6-4,3,R32,,,,,,,,,,,,,,,,,,,
1989-304,Nancy,Carpet,32,A,19890227,14,R186,,Q,Guillaume Raoux,R,180,FRA,19.036,425,0,R023,,,Udo Riglewski,R,185,GER,22.587,122,0,6-3 6-4,3,R32,,,,,,,,,,,,,,,,,,,
1989-304,Nancy,Carpet,32,A,19890227,15,D208,,Q,Dominic Durand,R,,FRA,,617,0,O025,,Q,Marko Ostoja,R,175,CRO,28.356,185,0,6-3 6-7 6-1,3,R32,,,,,,,,,,,,,,,,,,,
1989-304,Nancy,Carpet,32,A,19890227,16,A006,2,,Ronald Agenor,R,180,USA,24.29,27,0,M089,,,Heiner Moraing,R,190,GER,24.569,246,0,7-5 6-4,3,R32,,,,,,,,,,,,,,,,,,,
1989-304,Nancy,Carpet,32,A,19890227,17,C018,,,Johan Carlsson,R,183,SWE,23.08,154,0,C001,1,,Darren Cahill,R,185,AUS,23.406,23,0,6-4 6-1,3,R16,,,,,,,,,,,,,,,,,,,
1989-304,Nancy,Carpet,32,A,19890227,18,M031,,,Eduardo Masso,L,178,BEL,25.131,138,0,T032,8,,Thierry Tulasne,R,178,FRA,25.632,76,0,6-4 2-6 7-6,3,R16,,,,,,,,,,,,,,,,,,,
1989-304,Nancy,Carpet,32,A,19890227,19,F035,3,,Guy Forget,L,190,FRA,24.148,42,0,M063,,,Claudio Mezzadri,R,180,SUI,23.718,124,0,7-5 6-4,3,R16,,,,,,,,,,,,,,,,,,,
1989-304,Nancy,Carpet,32,A,19890227,20,D015,,,Olivier Delaitre,R,170,FRA,21.744,79,0,B053,,Q,Arnaud Boetsch,R,183,FRA,19.91,272,0,6-4 1-6 6-2,3,R16,,,,,,,,,,,,,,,,,,,
1989-304,Nancy,Carpet,32,A,19890227,21,B021,,,Jeremy Bates,R,180,GBR,26.694,214,0,J008,5,,Eric Jelen,R,180,GER,23.967,59,0,6-1 6-2,3,R16,,,,,,,,,,,,,,,,,,,
1989-304,Nancy,Carpet,32,A,19890227,22,C029,,,Paul Chamberlin,R,178,USA,26.927,113,0,P043,,,Jerome Potier,L,180,FRA,26.615,177,0,7-6 6-4,3,R16,,,,,,,,,,,,,,,,,,,
1989-304,Nancy,Carpet,32,A,19890227,23,S021,7,,Michiel Schapers,R,201,NED,29.383,82,0,R186,,Q,Guillaume Raoux,R,180,FRA,19.036,425,0,6-3 7-5,3,R16,,,,,,,,,,,,,,,,,,,
1989-304,Nancy,Carpet,32,A,19890227,24,A006,2,,Ronald Agenor,R,180,USA,24.29,27,0,D208,,Q,Dominic Durand,R,,FRA,,617,0,6-2 6-3,3,R16,,,,,,,,,,,,,,,,,,,
1989-304,Nancy,Carpet,32,A,19890227,25,M031,,,Eduardo Masso,L,178,BEL,25.131,138,0,C018,,,Johan Carlsson,R,183,SWE,23.08,154,0,6-4 5-7 6-3,3,QF,,,,,,,,,,,,,,,,,,,
1989-304,Nancy,Carpet,32,A,19890227,26,F035,3,,Guy Forget,L,190,FRA,24.148,42,0,D015,,,Olivier Delaitre,R,170,FRA,21.744,79,0,6-4 6-3,3,QF,,,,,,,,,,,,,,,,,,,
1989-304,Nancy,Carpet,32,A,19890227,27,C029,,,Paul Chamberlin,R,178,USA,26.927,113,0,B021,,,Jeremy Bates,R,180,GBR,26.694,214,0,6-4 6-4,3,QF,,,,,,,,,,,,,,,,,,,
1989-304,Nancy,Carpet,32,A,19890227,28,S021,7,,Michiel Schapers,R,201,NED,29.383,82,0,A006,2,,Ronald Agenor,R,180,USA,24.29,27,0,7-6 7-6,3,QF,,,,,,,,,,,,,,,,,,,
1989-304,Nancy,Carpet,32,A,19890227,29,F035,3,,Guy Forget,L,190,FRA,24.148,42,0,M031,,,Eduardo Masso,L,178,BEL,25.131,138,0,6-3 7-5,3,SF,,,,,,,,,,,,,,,,,,,
1989-304,Nancy,Carpet,32,A,19890227,30,S021,7,,Michiel Schapers,R,201,NED,29.383,82,0,C029,,,Paul Chamberlin,R,178,USA,26.927,113,0,6-2 1-0 RET,3,SF,,,,,,,,,,,,,,,,,,,
1989-304,Nancy,Carpet,32,A,19890227,31,F035,3,,Guy Forget,L,190,FRA,24.148,42,0,S021,7,,Michiel Schapers,R,201,NED,29.383,82,0,6-3 7-6,3,F,,,,,,,,,,,,,,,,,,,
1989-610,Dallas WCT,Carpet,8,A,19890228,1,M047,1,,John McEnroe,L,180,USA,30.031,6,0,A092,,,Andre Agassi,R,180,USA,18.834,4,0,4-6 3-0 RET,3,QF,,,,,,,,,,,,,,,,,,,
1989-610,Dallas WCT,Carpet,8,A,19890228,2,L018,3,,Ivan Lendl,R,188,USA,28.977,1,0,H025,,,Jakob Hlasek,R,188,SUI,24.293,9,0,7-6 1-6 7-6 6-2 7-5,5,QF,,,,,,,,,,,,,,,,,,,
1989-610,Dallas WCT,Carpet,8,A,19890228,3,G016,,,Brad Gilbert,R,185,USA,27.554,16,0,E004,4,,Stefan Edberg,R,188,SWE,23.107,5,0,7-6 6-1 6-3,5,QF,,,,,,,,,,,,,,,,,,,
1989-610,Dallas WCT,Carpet,8,A,19890228,4,P024,,,Mikael Pernfors,R,173,SWE,25.621,19,0,W023,2,,Mats Wilander,R,183,SWE,24.520192,2,0,2-6 6-1 3-6 6-2 6-3,5,QF,,,,,,,,,,,,,,,,,,,
1989-610,Dallas WCT,Carpet,8,A,19890228,5,M047,1,,John McEnroe,L,180,USA,30.031,6,0,L018,3,,Ivan Lendl,R,188,USA,28.977,1,0,6-7 7-6 6-2 7-5,5,SF,,,,,,,,,,,,,,,,,,,
1989-610,Dallas WCT,Carpet,8,A,19890228,6,G016,,,Brad Gilbert,R,185,USA,27.554,16,0,P024,,,Mikael Pernfors,R,173,SWE,25.621,19,0,6-3 6-7 6-3 6-3,5,SF,,,,,,,,,,,,,,,,,,,
1989-610,Dallas WCT,Carpet,8,A,19890228,7,M047,1,,John McEnroe,L,180,USA,30.031,6,0,G016,,,Brad Gilbert,R,185,USA,27.554,16,0,6-3 6-3 7-6,5,F,,,,,,,,,,,,,,,,,,,
1989-433,Scottsdale,Hard,32,A,19890306,1,L018,1,,Ivan Lendl,R,188,USA,28.997,1,0,A027,,,Paul Annacone,R,185,USA,25.963,38,0,6-2 6-4,3,R32,,,,,,,,,,,,,,,,,,,
1989-433,Scottsdale,Hard,32,A,19890306,2,V014,,,Christo Van Rensburg,R,185,RSA,26.368,37,0,M030,,,Wally Masur,R,180,AUS,25.815,43,0,6-3 6-4,3,R32,,,,,,,,,,,,,,,,,,,
1989-433,Scottsdale,Hard,32,A,19890306,3,I034,,WC,Goran Ivanisevic,L,193,CRO,17.478,119,0,P012,,,David Pate,R,183,USA,26.888,55,0,7-6 6-3,3,R32,,,,,,,,,,,,,,,,,,,
1989-433,Scottsdale,Hard,32,A,19890306,4,C031,8,,Andrei Chesnokov,R,188,RUS,23.088,19,0,D008,,,Horacio De La Pena,L,180,ARG,22.595,51,0,6-4 6-4,3,R32,,,,,,,,,,,,,,,,,,,
1989-433,Scottsdale,Hard,32,A,19890306,5,K022,,,Johan Kriek,R,175,USA,30.919,39,0,C044,3,,Jimmy Connors,L,178,USA,36.507,8,0,6-4 4-6 6-4,3,R32,,,,,,,,,,,,,,,,,,,
1989-433,Scottsdale,Hard,32,A,19890306,6,C243,,,Jim Courier,R,185,USA,18.552,49,0,P052,,Q,Jim Pugh,R,193,USA,25.081,70,0,6-4 4-6 6-3,3,R32,,,,,,,,,,,,,,,,,,,
1989-433,Scottsdale,Hard,32,A,19890306,7,W035,,,Mark Woodforde,L,188,AUS,23.45,36,0,C029,,,Paul Chamberlin,R,178,USA,26.946,98,0,6-1 1-0 RET,3,R32,,,,,,,,,,,,,,,,,,,
1989-433,Scottsdale,Hard,32,A,19890306,8,S014,5,,Emilio Sanchez,R,180,ESP,23.77,17,0,K024,,,Ramesh Krishnan,R,170,IND,27.751,47,0,6-3 6-1,3,R32,,,,,,,,,,,,,,,,,,,
1989-433,Scottsdale,Hard,32,A,19890306,9,G016,6,,Brad Gilbert,R,185,USA,27.573,15,0,S034,,,Robert Seguso,R,190,USA,25.848,45,0,4-6 6-4 6-4,3,R32,,,,,,,,,,,,,,,,,,,
1989-433,Scottsdale,Hard,32,A,19890306,10,D004,,Q,Scott Davis,R,188,USA,26.524,102,0,R043,,,Derrick Rostagno,R,185,USA,23.362,35,0,7-5 6-2,3,R32,,,,,,,,,,,,,,,,,,,
1989-433,Scottsdale,Hard,32,A,19890306,11,M012,,,Amos Mansdorf,R,175,ISR,23.376,26,0,V002,,Q,Marian Vajda,R,173,SVK,23.951,67,0,7-6 6-2,3,R32,,,,,,,,,,,,,,,,,,,
1989-433,Scottsdale,Hard,32,A,19890306,12,M099,4,,Thomas Muster,L,180,AUT,21.426,13,0,M035,,,Luiz Mattar,R,183,BRA,25.55,42,0,6-3 6-2,3,R32,,,,,,,,,,,,,,,,,,,
1989-433,Scottsdale,Hard,32,A,19890306,13,C057,,,Kevin Curren,R,185,USA,31.012,21,0,P024,7,,Mikael Pernfors,R,173,SWE,25.64,22,0,3-6 6-3 6-3,3,R32,,,,,,,,,,,,,,,,,,,
1989-433,Scottsdale,Hard,32,A,19890306,14,B281,,,Jay Berger,R,180,USA,22.275,31,0,G039,,WC,Jim Grabb,R,193,USA,24.893,157,0,6-0 6-4,3,R32,,,,,,,,,,,,,,,,,,,
1989-433,Scottsdale,Hard,32,A,19890306,15,S055,,,Horst Skoff,R,175,AUT,20.537,41,0,L013,,Q,Rick Leach,L,188,USA,24.186,275,0,7-5 6-4,3,R32,,,,,,,,,,,,,,,,,,,
1989-433,Scottsdale,Hard,32,A,19890306,16,E004,2,,Stefan Edberg,R,188,SWE,23.127,4,0,C274,,,Michael Chang,R,175,USA,17.035,24,0,6-2 6-4,3,R32,,,,,,,,,,,,,,,,,,,
1989-433,Scottsdale,Hard,32,A,19890306,17,L018,1,,Ivan Lendl,R,188,USA,28.997,1,0,V014,,,Christo Van Rensburg,R,185,RSA,26.368,37,0,6-0 6-2,3,R16,,,,,,,,,,,,,,,,,,,
1989-433,Scottsdale,Hard,32,A,19890306,18,I034,,WC,Goran Ivanisevic,L,193,CRO,17.478,119,0,C031,8,,Andrei Chesnokov,R,188,RUS,23.088,19,0,4-6 6-3 6-3,3,R16,,,,,,,,,,,,,,,,,,,
1989-433,Scottsdale,Hard,32,A,19890306,19,C243,,,Jim Courier,R,185,USA,18.552,49,0,K022,,,Johan Kriek,R,175,USA,30.919,39,0,6-1 6-1,3,R16,,,,,,,,,,,,,,,,,,,
1989-433,Scottsdale,Hard,32,A,19890306,20,S014,5,,Emilio Sanchez,R,180,ESP,23.77,17,0,W035,,,Mark Woodforde,L,188,AUS,23.45,36,0,6-3 6-3,3,R16,,,,,,,,,,,,,,,,,,,
1989-433,Scottsdale,Hard,32,A,19890306,21,G016,6,,Brad Gilbert,R,185,USA,27.573,15,0,D004,,Q,Scott Davis,R,188,USA,26.524,102,0,2-6 6-3 6-4,3,R16,,,,,,,,,,,,,,,,,,,
1989-433,Scottsdale,Hard,32,A,19890306,22,M012,,,Amos Mansdorf,R,175,ISR,23.376,26,0,M099,4,,Thomas Muster,L,180,AUT,21.426,13,0,7-5 6-2,3,R16,,,,,,,,,,,,,,,,,,,
1989-433,Scottsdale,Hard,32,A,19890306,23,C057,,,Kevin Curren,R,185,USA,31.012,21,0,B281,,,Jay Berger,R,180,USA,22.275,31,0,7-6 6-3,3,R16,,,,,,,,,,,,,,,,,,,
1989-433,Scottsdale,Hard,32,A,19890306,24,E004,2,,Stefan Edberg,R,188,SWE,23.127,4,0,S055,,,Horst Skoff,R,175,AUT,20.537,41,0,7-5 6-3,3,R16,,,,,,,,,,,,,,,,,,,
1989-433,Scottsdale,Hard,32,A,19890306,25,L018,1,,Ivan Lendl,R,188,USA,28.997,1,0,I034,,WC,Goran Ivanisevic,L,193,CRO,17.478,119,0,6-4 6-4,3,QF,,,,,,,,,,,,,,,,,,,
1989-433,Scottsdale,Hard,32,A,19890306,26,S014,5,,Emilio Sanchez,R,180,ESP,23.77,17,0,C243,,,Jim Courier,R,185,USA,18.552,49,0,6-3 6-3,3,QF,,,,,,,,,,,,,,,,,,,
1989-433,Scottsdale,Hard,32,A,19890306,27,M012,,,Amos Mansdorf,R,175,ISR,23.376,26,0,G016,6,,Brad Gilbert,R,185,USA,27.573,15,0,5-7 6-3 6-0,3,QF,,,,,,,,,,,,,,,,,,,
1989-433,Scottsdale,Hard,32,A,19890306,28,E004,2,,Stefan Edberg,R,188,SWE,23.127,4,0,C057,,,Kevin Curren,R,185,USA,31.012,21,0,6-3 3-6 7-6,3,QF,,,,,,,,,,,,,,,,,,,
1989-433,Scottsdale,Hard,32,A,19890306,29,L018,1,,Ivan Lendl,R,188,USA,28.997,1,0,S014,5,,Emilio Sanchez,R,180,ESP,23.77,17,0,6-2 3-6 6-3,3,SF,,,,,,,,,,,,,,,,,,,
1989-433,Scottsdale,Hard,32,A,19890306,30,E004,2,,Stefan Edberg,R,188,SWE,23.127,4,0,M012,,,Amos Mansdorf,R,175,ISR,23.376,26,0,6-7 6-4 6-1,3,SF,,,,,,,,,,,,,,,,,,,
1989-433,Scottsdale,Hard,32,A,19890306,31,L018,1,,Ivan Lendl,R,188,USA,28.997,1,0,E004,2,,Stefan Edberg,R,188,SWE,23.127,4,0,6-2 6-3,3,F,,,,,,,,,,,,,,,,,,,
1989-404,Indian Wells,Hard,56,A,19890313,1,V032,,WC,Danie Visser,L,180,RSA,27.63,132,0,M035,,,Luiz Mattar,R,183,BRA,25.569,46,0,3-6 6-3 6-1,3,R64,,,,,,,,,,,,,,,,,,,
1989-404,Indian Wells,Hard,56,A,19890313,2,B281,,,Jay Berger,R,180,USA,22.294,39,0,P052,,WC,Jim Pugh,R,193,USA,25.101,73,0,6-4 4-6 6-2,3,R64,,,,,,,,,,,,,,,,,,,
1989-404,Indian Wells,Hard,56,A,19890313,3,G023,15,,Andres Gomez,L,193,ECU,29.04,22,0,R043,,,Derrick Rostagno,R,185,USA,23.381,35,0,0-6 6-3 6-3,3,R64,,,,,,,,,,,,,,,,,,,
1989-404,Indian Wells,Hard,56,A,19890313,4,G016,10,,Brad Gilbert,R,185,USA,27.592,16,0,G053,,,Jan Gunnarsson,R,185,SWE,26.787,53,0,6-4 6-1,3,R64,,,,,,,,,,,,,,,,,,,
1989-404,Indian Wells,Hard,56,A,19890313,5,C001,,,Darren Cahill,R,185,AUS,23.444,24,0,Y017,,Q,Jaime Yzaga,R,170,PER,21.388,57,0,3-6 6-3 6-1,3,R64,,,,,,,,,,,,,,,,,,,
1989-404,Indian Wells,Hard,56,A,19890313,6,M372,,,Alberto Mancini,R,180,ARG,19.814,44,0,M030,,,Wally Masur,R,180,AUS,25.834,42,0,6-4 6-2,3,R64,,,,,,,,,,,,,,,,,,,
1989-404,Indian Wells,Hard,56,A,19890313,7,V014,,,Christo Van Rensburg,R,185,RSA,26.387,38,0,D044,,,Lawson Duncan,R,185,USA,24.378,61,0,6-1 6-2,3,R64,,,,,,,,,,,,,,,,,,,
1989-404,Indian Wells,Hard,56,A,19890313,8,S034,,,Robert Seguso,R,190,USA,25.867,48,0,Z006,,,Slobodan Zivojinovic,R,198,YUG,25.64,27,0,7-5 6-3,3,R64,,,,,,,,,,,,,,,,,,,
1989-404,Indian Wells,Hard,56,A,19890313,9,C057,14,,Kevin Curren,R,185,USA,31.031,20,0,C243,,,Jim Courier,R,185,USA,18.571,43,0,7-6 4-6 6-3,3,R64,,,,,,,,,,,,,,,,,,,
1989-404,Indian Wells,Hard,56,A,19890313,10,N022,12,,Yannick Noah,R,193,FRA,28.819,18,0,P218,,Q,Nicolas Pereira,R,188,VEN,18.453,136,0,7-6 6-3,3,R64,,,,,,,,,,,,,,,,,,,
1989-404,Indian Wells,Hard,56,A,19890313,11,S015,,,Javier Sanchez,R,178,ESP,21.112,66,0,D008,,,Horacio De La Pena,L,180,ARG,22.615,58,0,6-2 6-3,3,R64,,,,,,,,,,,,,,,,,,,
1989-404,Indian Wells,Hard,56,A,19890313,12,M012,,,Amos Mansdorf,R,175,ISR,23.395,23,0,J004,,,Martin Jaite,R,178,ARG,24.424,52,0,6-7 6-4 7-6,3,R64,,,,,,,,,,,,,,,,,,,
1989-404,Indian Wells,Hard,56,A,19890313,13,P012,,,David Pate,R,183,USA,26.908,84,0,I034,,Q,Goran Ivanisevic,L,193,CRO,17.498,80,0,7-5 6-3,3,R64,,,,,,,,,,,,,,,,,,,
1989-404,Indian Wells,Hard,56,A,19890313,14,F035,,,Guy Forget,L,190,FRA,24.186,31,0,L009,,,Leonardo Lavalle,L,188,MEX,21.665,59,0,6-3 6-2,3,R64,,,,,,,,,,,,,,,,,,,
1989-404,Indian Wells,Hard,56,A,19890313,15,S014,11,,Emilio Sanchez,R,180,ESP,23.789,17,0,G022,,,Dan Goldie,R,188,USA,25.443,30,0,7-6 6-1,3,R64,,,,,,,,,,,,,,,,,,,
1989-404,Indian Wells,Hard,56,A,19890313,16,C031,13,,Andrei Chesnokov,R,188,RUS,23.107,29,0,K024,,,Ramesh Krishnan,R,170,IND,27.77,49,0,3-6 6-4 6-1,3,R64,,,,,,,,,,,,,,,,,,,
1989-404,Indian Wells,Hard,56,A,19890313,17,C011,,Q,Jonathan Canter,R,185,USA,23.773,173,0,D004,,Q,Scott Davis,R,188,USA,26.543,98,0,6-4 6-4,3,R64,,,,,,,,,,,,,,,,,,,
1989-404,Indian Wells,Hard,56,A,19890313,18,A031,,WC,Jimmy Arias,R,175,USA,24.572,69,0,K022,,,Johan Kriek,R,175,USA,30.938,33,0,6-3 1-6 6-2,3,R64,,,,,,,,,,,,,,,,,,,
1989-404,Indian Wells,Hard,56,A,19890313,19,W035,,,Mark Woodforde,L,188,AUS,23.469,36,0,H030,,Q,Greg Holmes,R,178,USA,25.539,184,0,6-7 6-3 6-4,3,R64,,,,,,,,,,,,,,,,,,,
1989-404,Indian Wells,Hard,56,A,19890313,20,J006,,,Anders Jarryd,R,180,SWE,27.666,28,0,A027,,,Paul Annacone,R,185,USA,25.982,37,0,6-0 6-4,3,R64,,,,,,,,,,,,,,,,,,,
1989-404,Indian Wells,Hard,56,A,19890313,21,S402,,WC,Pete Sampras,R,185,USA,17.585,113,0,K023,9,,Aaron Krickstein,R,183,USA,21.613,15,0,5-7 7-6 7-6,3,R64,,,,,,,,,,,,,,,,,,,
1989-404,Indian Wells,Hard,56,A,19890313,22,C274,16,,Michael Chang,R,175,USA,17.054,25,0,V037,,,Alexander Volkov,L,188,RUS,22.029,32,0,6-4 7-5,3,R64,,,,,,,,,,,,,,,,,,,
1989-404,Indian Wells,Hard,56,A,19890313,23,B401,,WC,Steve Bryan,R,178,USA,18.59,,,P014,,Q,Brad Pearce,R,175,USA,22.979,295,0,3-6 6-4 6-2,3,R64,,,,,,,,,,,,,,,,,,,
1989-404,Indian Wells,Hard,56,A,19890313,24,S055,,,Horst Skoff,R,175,AUT,20.556,40,0,O018,,,Bruno Oresar,R,175,CRO,21.895,47,0,6-4 6-1,3,R64,,,,,,,,,,,,,,,,,,,
1989-404,Indian Wells,Hard,56,A,19890313,25,B028,1,,Boris Becker,R,190,GER,21.306,3,0,V032,,WC,Danie Visser,L,180,RSA,27.63,132,0,6-3 6-4,3,R32,,,,,,,,,,,,,,,,,,,
1989-404,Indian Wells,Hard,56,A,19890313,26,B281,,,Jay Berger,R,180,USA,22.294,39,0,G023,15,,Andres Gomez,L,193,ECU,29.04,22,0,6-2 6-4,3,R32,,,,,,,,,,,,,,,,,,,
1989-404,Indian Wells,Hard,56,A,19890313,27,G016,10,,Brad Gilbert,R,185,USA,27.592,16,0,C001,,,Darren Cahill,R,185,AUS,23.444,24,0,6-4 6-4,3,R32,,,,,,,,,,,,,,,,,,,
1989-404,Indian Wells,Hard,56,A,19890313,28,M372,,,Alberto Mancini,R,180,ARG,19.814,44,0,M099,8,,Thomas Muster,L,180,AUT,21.446,12,0,6-7 6-3 7-5,3,R32,,,,,,,,,,,,,,,,,,,
1989-404,Indian Wells,Hard,56,A,19890313,29,A092,3,,Andre Agassi,R,180,USA,18.872,4,0,V014,,,Christo Van Rensburg,R,185,RSA,26.387,38,0,2-6 6-1 6-2,3,R32,,,,,,,,,,,,,,,,,,,
1989-404,Indian Wells,Hard,56,A,19890313,30,S034,,,Robert Seguso,R,190,USA,25.867,48,0,C057,14,,Kevin Curren,R,185,USA,31.031,20,0,4-6 6-4 6-3,3,R32,,,,,,,,,,,,,,,,,,,
1989-404,Indian Wells,Hard,56,A,19890313,31,N022,12,,Yannick Noah,R,193,FRA,28.819,18,0,S015,,,Javier Sanchez,R,178,ESP,21.112,66,0,6-1 6-2,3,R32,,,,,,,,,,,,,,,,,,,
1989-404,Indian Wells,Hard,56,A,19890313,32,H025,5,,Jakob Hlasek,R,188,SUI,24.331,9,0,M012,,,Amos Mansdorf,R,175,ISR,23.395,23,0,6-3 7-5,3,R32,,,,,,,,,,,,,,,,,,,
1989-404,Indian Wells,Hard,56,A,19890313,33,M041,6,,Tim Mayotte,R,190,USA,28.608,10,0,P012,,,David Pate,R,183,USA,26.908,84,0,6-4 7-6,3,R32,,,,,,,,,,,,,,,,,,,
1989-404,Indian Wells,Hard,56,A,19890313,34,S014,11,,Emilio Sanchez,R,180,ESP,23.789,17,0,F035,,,Guy Forget,L,190,FRA,24.186,31,0,6-4 6-4,3,R32,,,,,,,,,,,,,,,,,,,
1989-404,Indian Wells,Hard,56,A,19890313,35,C031,13,,Andrei Chesnokov,R,188,RUS,23.107,29,0,C011,,Q,Jonathan Canter,R,185,USA,23.773,173,0,6-4 6-7 6-3,3,R32,,,,,,,,,,,,,,,,,,,
1989-404,Indian Wells,Hard,56,A,19890313,36,C044,4,,Jimmy Connors,L,178,USA,36.526,8,0,A031,,WC,Jimmy Arias,R,175,USA,24.572,69,0,6-1 6-1,3,R32,,,,,,,,,,,,,,,,,,,
1989-404,Indian Wells,Hard,56,A,19890313,37,M052,7,,Miloslav Mecir Sr.,R,190,SVK,24.816,13,0,W035,,,Mark Woodforde,L,188,AUS,23.469,36,0,3-6 6-3 6-1,3,R32,,,,,,,,,,,,,,,,,,,
1989-404,Indian Wells,Hard,56,A,19890313,38,S402,,WC,Pete Sampras,R,185,USA,17.585,113,0,J006,,,Anders Jarryd,R,180,SWE,27.666,28,0,7-5 6-2,3,R32,,,,,,,,,,,,,,,,,,,
1989-404,Indian Wells,Hard,56,A,19890313,39,C274,16,,Michael Chang,R,175,USA,17.054,25,0,B401,,WC,Steve Bryan,R,178,USA,18.59,,,6-3 6-4,3,R32,,,,,,,,,,,,,,,,,,,
1989-404,Indian Wells,Hard,56,A,19890313,40,E004,2,,Stefan Edberg,R,188,SWE,23.146,5,0,S055,,,Horst Skoff,R,175,AUT,20.556,40,0,6-4 6-4,3,R32,,,,,,,,,,,,,,,,,,,
1989-404,Indian Wells,Hard,56,A,19890313,41,B281,,,Jay Berger,R,180,USA,22.294,39,0,B028,1,,Boris Becker,R,190,GER,21.306,3,0,6-1 6-1,3,R16,,,,,,,,,,,,,,,,,,,
1989-404,Indian Wells,Hard,56,A,19890313,42,G016,10,,Brad Gilbert,R,185,USA,27.592,16,0,M372,,,Alberto Mancini,R,180,ARG,19.814,44,0,7-6 7-6,3,R16,,,,,,,,,,,,,,,,,,,
1989-404,Indian Wells,Hard,56,A,19890313,43,A092,3,,Andre Agassi,R,180,USA,18.872,4,0,S034,,,Robert Seguso,R,190,USA,25.867,48,0,5-7 6-4 2-0 DEF,3,R16,,,,,,,,,,,,,,,,,,,
1989-404,Indian Wells,Hard,56,A,19890313,44,N022,12,,Yannick Noah,R,193,FRA,28.819,18,0,H025,5,,Jakob Hlasek,R,188,SUI,24.331,9,0,5-7 7-6 6-3,3,R16,,,,,,,,,,,,,,,,,,,
1989-404,Indian Wells,Hard,56,A,19890313,45,M041,6,,Tim Mayotte,R,190,USA,28.608,10,0,S014,11,,Emilio Sanchez,R,180,ESP,23.789,17,0,7-5 6-2,3,R16,,,,,,,,,,,,,,,,,,,
1989-404,Indian Wells,Hard,56,A,19890313,46,C044,4,,Jimmy Connors,L,178,USA,36.526,8,0,C031,13,,Andrei Chesnokov,R,188,RUS,23.107,29,0,7-5 7-5,3,R16,,,,,,,,,,,,,,,,,,,
1989-404,Indian Wells,Hard,56,A,19890313,47,M052,7,,Miloslav Mecir Sr.,R,190,SVK,24.816,13,0,S402,,WC,Pete Sampras,R,185,USA,17.585,113,0,6-0 6-1,3,R16,,,,,,,,,,,,,,,,,,,
1989-404,Indian Wells,Hard,56,A,19890313,48,C274,16,,Michael Chang,R,175,USA,17.054,25,0,E004,2,,Stefan Edberg,R,188,SWE,23.146,5,0,6-3 6-2,3,R16,,,,,,,,,,,,,,,,,,,
1989-404,Indian Wells,Hard,56,A,19890313,49,B281,,,Jay Berger,R,180,USA,22.294,39,0,G016,10,,Brad Gilbert,R,185,USA,27.592,16,0,6-4 6-4,3,QF,,,,,,,,,,,,,,,,,,,
1989-404,Indian Wells,Hard,56,A,19890313,50,N022,12,,Yannick Noah,R,193,FRA,28.819,18,0,A092,3,,Andre Agassi,R,180,USA,18.872,4,0,7-5 6-4,3,QF,,,,,,,,,,,,,,,,,,,
1989-404,Indian Wells,Hard,56,A,19890313,51,C044,4,,Jimmy Connors,L,178,USA,36.526,8,0,M041,6,,Tim Mayotte,R,190,USA,28.608,10,0,6-3 6-3,3,QF,,,,,,,,,,,,,,,,,,,
1989-404,Indian Wells,Hard,56,A,19890313,52,M052,7,,Miloslav Mecir Sr.,R,190,SVK,24.816,13,0,C274,16,,Michael Chang,R,175,USA,17.054,25,0,6-2 3-6 6-4,3,QF,,,,,,,,,,,,,,,,,,,
1989-404,Indian Wells,Hard,56,A,19890313,53,N022,12,,Yannick Noah,R,193,FRA,28.819,18,0,B281,,,Jay Berger,R,180,USA,22.294,39,0,6-3 6-4,3,SF,,,,,,,,,,,,,,,,,,,
1989-404,Indian Wells,Hard,56,A,19890313,54,M052,7,,Miloslav Mecir Sr.,R,190,SVK,24.816,13,0,C044,4,,Jimmy Connors,L,178,USA,36.526,8,0,6-2 6-4,3,SF,,,,,,,,,,,,,,,,,,,
1989-404,Indian Wells,Hard,56,A,19890313,55,M052,7,,Miloslav Mecir Sr.,R,190,SVK,24.816,13,0,N022,12,,Yannick Noah,R,193,FRA,28.819,18,0,3-6 2-6 6-1 6-2 6-3,5,F,,,,,,,,,,,,,,,,,,,
1989-403,Key Biscayne,Hard,128,A,19890320,1,L018,1,,Ivan Lendl,R,188,USA,29.035,1,0,W136,,Q,Todd Woodbridge,R,178,AUS,17.966,228,0,6-2 6-2 6-3,5,R128,,,,,,,,,,,,,,,,,,,
1989-403,Key Biscayne,Hard,128,A,19890320,2,P052,,,Jim Pugh,R,193,USA,25.12,75,0,O009,,,Andrei Olhovskiy,R,185,RUS,22.93,142,0,6-2 6-3 6-2,5,R128,,,,,,,,,,,,,,,,,,,
1989-403,Key Biscayne,Hard,128,A,19890320,3,C012,,,Paolo Cane,R,180,ITA,23.945,67,0,K181,,,Nicklas Kulti,R,190,SWE,17.911,146,0,6-2 6-3 6-2,5,R128,,,,,,,,,,,,,,,,,,,
1989-403,Key Biscayne,Hard,128,A,19890320,4,G182,32,,Magnus Gustafsson,R,185,SWE,22.209,44,0,S058,,,Tomas Smid,R,190,CZE,32.832,111,0,2-6 3-6 6-2 6-3 6-2,5,R128,,,,,,,,,,,,,,,,,,,
1989-403,Key Biscayne,Hard,128,A,19890320,5,Z006,18,,Slobodan Zivojinovic,R,198,YUG,25.659,30,0,P057,,Q,Mel Purcell,R,178,USA,29.673,306,0,6-2 7-6 3-6 6-4,5,R128,,,,,,,,,,,,,,,,,,,
1989-403,Key Biscayne,Hard,128,A,19890320,6,C011,,Q,Jonathan Canter,R,185,USA,23.792,148,0,P008,,,Claudio Panatta,R,178,ITA,29.128,131,0,2-6 7-5 6-1 6-2,5,R128,,,,,,,,,,,,,,,,,,,
1989-403,Key Biscayne,Hard,128,A,19890320,7,A066,,,Pieter Aldrich,R,180,RSA,23.532,71,0,P218,,,Nicolas Pereira,R,188,VEN,18.472,130,0,6-2 1-6 6-4 2-6 7-6,5,R128,,,,,,,,,,,,,,,,,,,
1989-403,Key Biscayne,Hard,128,A,19890320,8,G023,15,,Andres Gomez,L,193,ECU,29.06,23,0,G053,,,Jan Gunnarsson,R,185,SWE,26.806,52,0,6-7 7-6 6-2 3-6 6-1,5,R128,,,,,,,,,,,,,,,,,,,
1989-403,Key Biscayne,Hard,128,A,19890320,9,K023,10,,Aaron Krickstein,R,183,USA,21.632,17,0,M035,,,Luiz Mattar,R,183,BRA,25.588,47,0,4-6 3-6 7-6 6-0 7-6,5,R128,,,,,,,,,,,,,,,,,,,
1989-403,Key Biscayne,Hard,128,A,19890320,10,W122,,,Paul Wekesa,R,188,KEN,21.717,178,0,B051,,Q,Gilad Bloom,L,173,ISR,22.053,204,0,6-1 6-3 6-3,5,R128,,,,,,,,,,,,,,,,,,,
1989-403,Key Biscayne,Hard,128,A,19890320,11,A025,,,Matt Anger,R,188,USA,25.749,138,0,V032,,,Danie Visser,L,180,RSA,27.65,109,0,6-3 6-3 6-3,5,R128,,,,,,,,,,,,,,,,,,,
1989-403,Key Biscayne,Hard,128,A,19890320,12,M093,,Q,Alexander Mronz,R,188,GER,23.951,290,0,R043,24,,Derrick Rostagno,R,185,USA,23.4,35,0,6-4 6-3 6-2,5,R128,,,,,,,,,,,,,,,,,,,
1989-403,Key Biscayne,Hard,128,A,19890320,13,W035,25,,Mark Woodforde,L,188,AUS,23.488,34,0,S021,,,Michiel Schapers,R,201,NED,29.44,70,0,7-6 6-2 6-3,5,R128,,,,,,,,,,,,,,,,,,,
1989-403,Key Biscayne,Hard,128,A,19890320,14,D008,,,Horacio De La Pena,L,180,ARG,22.634,60,0,P004,,,Veli Paloheimo,R,183,FIN,21.268,102,0,6-4 6-3 6-4,5,R128,,,,,,,,,,,,,,,,,,,
1989-403,Key Biscayne,Hard,128,A,19890320,15,Y017,,,Jaime Yzaga,R,170,PER,21.407,59,0,P014,,Q,Brad Pearce,R,175,USA,22.998,297,0,0-6 7-6 2-6 6-1 6-4,5,R128,,,,,,,,,,,,,,,,,,,
1989-403,Key Biscayne,Hard,128,A,19890320,16,M052,8,,Miloslav Mecir Sr.,R,190,SVK,24.835,10,0,P037,,,Claudio Pistolesi,R,180,ITA,21.569,103,0,6-3 6-2 6-4,5,R128,,,,,,,,,,,,,,,,,,,
1989-403,Key Biscayne,Hard,128,A,19890320,17,C044,4,,Jimmy Connors,L,178,USA,36.545,8,0,M032,,LL,Richard Matuszewski,R,188,USA,24.531,65,0,6-3 7-5 6-4,5,R128,,,,,,,,,,,,,,,,,,,
1989-403,Key Biscayne,Hard,128,A,19890320,18,B053,,Q,Arnaud Boetsch,R,183,FRA,19.967,262,0,D015,,,Olivier Delaitre,R,170,FRA,21.802,73,0,7-5 2-6 6-3 6-2,5,R128,,,,,,,,,,,,,,,,,,,
1989-403,Key Biscayne,Hard,128,A,19890320,19,M063,,,Claudio Mezzadri,R,180,SUI,23.775,136,0,B293,,,Patrick Baur,R,188,GER,23.88,176,0,6-3 7-5 6-4,5,R128,,,,,,,,,,,,,,,,,,,
1989-403,Key Biscayne,Hard,128,A,19890320,20,S055,29,,Horst Skoff,R,175,AUT,20.575,40,0,M028,,,Danilo Marcelino,R,193,BRA,23.034,139,0,6-1 7-5 6-3,5,R128,,,,,,,,,,,,,,,,,,,
1989-403,Key Biscayne,Hard,128,A,19890320,21,C031,20,,Andrei Chesnokov,R,188,RUS,23.127,28,0,C009,,,Omar Camporese,R,188,ITA,20.865,128,0,6-3 6-2 6-4,5,R128,,,,,,,,,,,,,,,,,,,
1989-403,Key Biscayne,Hard,128,A,19890320,22,D004,,,Scott Davis,R,188,USA,26.563,101,0,C024,,,Sergio Casal,R,185,ESP,26.53,82,0,6-4 6-3 7-6,5,R128,,,,,,,,,,,,,,,,,,,
1989-403,Key Biscayne,Hard,128,A,19890320,23,S331,,,Jason Stoltenberg,R,185,AUS,18.96,89,0,S347,,,Tobias Svantesson,R,193,SWE,25.969,104,0,6-2 7-6 4-6 6-3,5,R128,,,,,,,,,,,,,,,,,,,
1989-403,Key Biscayne,Hard,128,A,19890320,24,C057,13,,Kevin Curren,R,185,USA,31.05,21,0,L010,,,Glenn Layendecker,L,185,USA,27.863,97,0,6-7 4-6 6-1 6-2 6-2,5,R128,,,,,,,,,,,,,,,,,,,
1989-403,Key Biscayne,Hard,128,A,19890320,25,S014,11,,Emilio Sanchez,R,180,ESP,23.808,18,0,B074,,Q,Jimmy Brown,R,180,USA,23.893,134,0,6-0 6-1 6-3,5,R128,,,,,,,,,,,,,,,,,,,
1989-403,Key Biscayne,Hard,128,A,19890320,26,M338,,,Shuzo Matsuoka,R,185,JPN,21.369,62,0,M076,,,Barry Moir,R,180,RSA,25.802,125,0,6-4 3-6 6-4 7-5,5,R128,,,,,,,,,,,,,,,,,,,
1989-403,Key Biscayne,Hard,128,A,19890320,27,B040,,,Christian Bergstrom,R,180,SWE,21.67,54,0,S402,,,Pete Sampras,R,185,USA,17.604,85,0,6-4 6-1 6-1,5,R128,,,,,,,,,,,,,,,,,,,
1989-403,Key Biscayne,Hard,128,A,19890320,28,C028,,,Thierry Champion,R,183,FRA,22.552,141,0,F035,21,,Guy Forget,L,190,FRA,24.205,32,0,6-4 6-7 6-2 6-0,5,R128,,,,,,,,,,,,,,,,,,,
1989-403,Key Biscayne,Hard,128,A,19890320,29,V014,27,,Christo Van Rensburg,R,185,RSA,26.407,39,0,L008,,Q,Martin Laurendeau,R,190,CAN,24.693,195,0,7-6 6-4 6-3,5,R128,,,,,,,,,,,,,,,,,,,
1989-403,Key Biscayne,Hard,128,A,19890320,30,D044,,,Lawson Duncan,R,185,USA,24.397,63,0,I034,,,Goran Ivanisevic,L,193,CRO,17.517,78,0,6-0 6-4 6-2,5,R128,,,,,,,,,,,,,,,,,,,
1989-403,Key Biscayne,Hard,128,A,19890320,31,N018,,,Tom Nijssen,R,175,NED,24.465,100,0,S045,,,Leif Shiras,R,183,USA,29.58,113,0,6-2 6-4 6-4,5,R128,,,,,,,,,,,,,,,,,,,
1989-403,Key Biscayne,Hard,128,A,19890320,32,E025,,,Kelly Evernden,R,175,NZL,27.493,84,0,M041,6,,Tim Mayotte,R,190,USA,28.627,11,0,6-3 6-4 3-6 6-2,5,R128,,,,,,,,,,,,,,,,,,,
1989-403,Key Biscayne,Hard,128,A,19890320,33,H025,5,,Jakob Hlasek,R,188,SUI,24.35,9,0,S015,,,Javier Sanchez,R,178,ESP,21.131,61,0,2-6 6-1 3-6 6-3 6-2,5,R128,,,,,,,,,,,,,,,,,,,
1989-403,Key Biscayne,Hard,128,A,19890320,34,N109,,,Diego Nargiso,L,188,ITA,19.014,110,0,C013,,,Francesco Cancellotti,R,183,ITA,26.059,112,0,6-4 1-6 7-6 6-1,5,R128,,,,,,,,,,,,,,,,,,,
1989-403,Key Biscayne,Hard,128,A,19890320,35,K021,,,Mark Kratzmann,L,178,AUS,22.842,156,0,A165,,,Zeeshan Ali,R,180,IND,19.214,144,0,6-1 RET,3,R128,,,,,,,,,,,,,,,,,,,
1989-403,Key Biscayne,Hard,128,A,19890320,36,F031,,,Jean-Philippe Fleurian,R,185,FRA,23.521,121,0,B281,28,,Jay Berger,R,180,USA,22.313,27,0,6-0 6-3 4-6 6-1,5,R128,,,,,,,,,,,,,,,,,,,
1989-403,Key Biscayne,Hard,128,A,19890320,37,V037,22,,Alexander Volkov,L,188,RUS,22.048,37,0,S288,,,Christian Saceanu,R,190,GER,20.698,106,0,5-7 6-2 6-2 6-2,5,R128,,,,,,,,,,,,,,,,,,,
1989-403,Key Biscayne,Hard,128,A,19890320,38,F164,,,Richard Fromberg,R,196,AUS,18.894,129,0,F041,,,Javier Frana,L,185,ARG,22.234,91,0,4-6 6-3 6-4 6-1,5,R128,,,,,,,,,,,,,,,,,,,
1989-403,Key Biscayne,Hard,128,A,19890320,39,S017,,Q,Bill Scanlon,R,185,USA,32.348,216,0,C268,,Q,Shelby Cannon,L,180,USA,22.585,821,0,4-6 6-2 7-5 7-5,5,R128,,,,,,,,,,,,,,,,,,,
1989-403,Key Biscayne,Hard,128,A,19890320,40,N022,12,,Yannick Noah,R,193,FRA,28.838,13,0,S340,,,Roger Smith,R,185,BAH,25.164,107,0,7-5 6-2 6-4,5,R128,,,,,,,,,,,,,,,,,,,
1989-403,Key Biscayne,Hard,128,A,19890320,41,P024,14,,Mikael Pernfors,R,173,SWE,25.678,20,0,T125,,Q,Kenny Thorne,R,188,USA,23.151,438,0,6-3 6-1 7-6,5,R128,,,,,,,,,,,,,,,,,,,
1989-403,Key Biscayne,Hard,128,A,19890320,42,H030,,Q,Greg Holmes,R,178,USA,25.558,192,0,L044,,,Peter Lundgren,R,185,SWE,24.137,53,0,6-3 6-4 6-2,5,R128,,,,,,,,,,,,,,,,,,,
1989-403,Key Biscayne,Hard,128,A,19890320,43,L009,,,Leonardo Lavalle,L,188,MEX,21.684,66,0,V002,,,Marian Vajda,R,173,SVK,23.989,68,0,5-7 6-2 6-4 6-4,5,R128,,,,,,,,,,,,,,,,,,,
1989-403,Key Biscayne,Hard,128,A,19890320,44,J006,19,,Anders Jarryd,R,180,SWE,27.685,29,0,D006,,,Franco Davin,L,173,ARG,19.187,99,0,6-0 6-2 6-1,5,R128,,,,,,,,,,,,,,,,,,,
1989-403,Key Biscayne,Hard,128,A,19890320,45,C243,30,,Jim Courier,R,185,USA,18.59,46,0,F040,,,John Frawley,R,173,AUS,23.71,72,0,6-3 1-6 6-3 7-6,5,R128,,,,,,,,,,,,,,,,,,,
1989-403,Key Biscayne,Hard,128,A,19890320,46,R029,,,Joey Rive,L,185,USA,25.7,124,0,R023,,,Udo Riglewski,R,185,GER,22.645,123,0,4-6 7-6 6-2 3-6 7-5,5,R128,,,,,,,,,,,,,,,,,,,
1989-403,Key Biscayne,Hard,128,A,19890320,47,G013,,,Sammy Giammalva Jr.,R,178,USA,25.99,126,0,A031,,,Jimmy Arias,R,175,USA,24.591,69,0,3-6 6-3 6-3 6-7 6-2,5,R128,,,,,,,,,,,,,,,,,,,
1989-403,Key Biscayne,Hard,128,A,19890320,48,S080,,,Carl-Uwe Steeb,L,180,GER,21.55,96,0,A092,3,,Andre Agassi,R,180,USA,18.891,4,0,6-4 7-5 6-0,5,R128,,,,,,,,,,,,,,,,,,,
1989-403,Key Biscayne,Hard,128,A,19890320,49,M099,7,,Thomas Muster,L,180,AUT,21.465,14,0,O006,,LL,Nduka Odizor,R,183,NGR,30.612,206,0,7-5 7-5 6-3,5,R128,,,,,,,,,,,,,,,,,,,
1989-403,Key Biscayne,Hard,128,A,19890320,50,M064,,,Glenn Michibata,R,175,CAN,26.768,83,0,M096,,,Gary Muller,L,190,RSA,24.227,145,0,7-5 6-3 6-2,5,R128,,,,,,,,,,,,,,,,,,,
1989-403,Key Biscayne,Hard,128,A,19890320,51,S102,,,Andrew Sznajder,R,175,CAN,21.821,115,0,W026,,,Eric Winogradsky,R,188,FRA,22.91,155,0,7-6 7-6 6-4,5,R128,,,,,,,,,,,,,,,,,,,
1989-403,Key Biscayne,Hard,128,A,19890320,52,C022,,Q,Dan Cassidy,R,178,USA,27.89,237,0,A027,26,,Paul Annacone,R,185,USA,26.001,42,0,7-6 6-3 0-6 6-2,5,R128,,,,,,,,,,,,,,,,,,,
1989-403,Key Biscayne,Hard,128,A,19890320,53,K024,,,Ramesh Krishnan,R,170,IND,27.789,51,0,K022,23,,Johan Kriek,R,175,USA,30.957,36,0,7-6 7-6 7-6,5,R128,,,,,,,,,,,,,,,,,,,
1989-403,Key Biscayne,Hard,128,A,19890320,54,W019,,,Tim Wilkison,L,180,USA,29.322,108,0,L030,,,Carl Limberger,R,170,AUS,25.153,133,0,6-4 6-2 2-0 RET,5,R128,,,,,,,,,,,,,,,,,,,
1989-403,Key Biscayne,Hard,128,A,19890320,55,B035,,,Eduardo Bengoechea,R,185,ARG,29.717,98,0,M031,,,Eduardo Masso,L,178,BEL,25.188,120,0,6-3 6-1 6-0,5,R128,,,,,,,,,,,,,,,,,,,
1989-403,Key Biscayne,Hard,128,A,19890320,56,P190,9,,Guillermo Perez-Roldan,R,178,ARG,19.414,16,0,M092,,,Cassio Motta,R,180,BRA,29.073,74,0,7-6 6-4 3-6 4-6 6-3,5,R128,,,,,,,,,,,,,,,,,,,
1989-403,Key Biscayne,Hard,128,A,19890320,57,C001,16,,Darren Cahill,R,185,AUS,23.463,25,0,D098,,,Yahiya Doumbia,R,185,SEN,25.569,173,0,3-6 7-6 6-4 6-2,5,R128,,,,,,,,,,,,,,,,,,,
1989-403,Key Biscayne,Hard,128,A,19890320,58,D040,,,Brad Drewett,L,185,AUS,30.669,118,0,S034,,,Robert Seguso,R,190,USA,25.886,43,0,7-5 6-0 6-3,5,R128,,,,,,,,,,,,,,,,,,,
1989-403,Key Biscayne,Hard,128,A,19890320,59,T032,,,Thierry Tulasne,R,178,FRA,25.689,76,0,M089,,,Heiner Moraing,R,190,GER,24.627,256,0,4-6 6-1 6-4 6-3,5,R128,,,,,,,,,,,,,,,,,,,
1989-403,Key Biscayne,Hard,128,A,19890320,60,G039,,,Jim Grabb,R,193,USA,24.931,172,0,A006,17,,Ronald Agenor,R,180,USA,24.348,26,0,6-4 7-6 3-6 7-6,5,R128,,,,,,,,,,,,,,,,,,,
1989-403,Key Biscayne,Hard,128,A,19890320,61,M372,31,,Alberto Mancini,R,180,ARG,19.833,41,0,G196,,Q,Chris Garner,R,180,USA,19.951,307,0,7-6 6-2 4-6 6-3,5,R128,,,,,,,,,,,,,,,,,,,
1989-403,Key Biscayne,Hard,128,A,19890320,62,D005,,,Marty Davis,R,183,USA,30.344,88,0,C046,,,Grant Connell,L,185,CAN,23.337,122,0,6-1 2-6 6-4 1-6 6-4,5,R128,,,,,,,,,,,,,,,,,,,
1989-403,Key Biscayne,Hard,128,A,19890320,63,W114,,Q,Scott Warner,R,196,USA,23.242,340,0,J004,,,Martin Jaite,R,178,ARG,24.444,56,0,6-4 3-6 6-3 7-6,5,R128,,,,,,,,,,,,,,,,,,,
1989-403,Key Biscayne,Hard,128,A,19890320,64,W023,2,,Mats Wilander,R,183,SWE,24.574949,2,0,P012,,,David Pate,R,183,USA,26.927,87,0,4-6 7-5 6-2 7-6,5,R128,,,,,,,,,,,,,,,,,,,
1989-403,Key Biscayne,Hard,128,A,19890320,65,L018,1,,Ivan Lendl,R,188,USA,29.035,1,0,P052,,,Jim Pugh,R,193,USA,25.12,75,0,6-3 6-1 6-1,5,R64,,,,,,,,,,,,,,,,,,,
1989-403,Key Biscayne,Hard,128,A,19890320,66,C012,,,Paolo Cane,R,180,ITA,23.945,67,0,G182,32,,Magnus Gustafsson,R,185,SWE,22.209,44,0,7-6 5-7 6-0 6-4,5,R64,,,,,,,,,,,,,,,,,,,
1989-403,Key Biscayne,Hard,128,A,19890320,67,C011,,Q,Jonathan Canter,R,185,USA,23.792,148,0,Z006,18,,Slobodan Zivojinovic,R,198,YUG,25.659,30,0,6-2 4-6 6-4 6-0,5,R64,,,,,,,,,,,,,,,,,,,
1989-403,Key Biscayne,Hard,128,A,19890320,68,G023,15,,Andres Gomez,L,193,ECU,29.06,23,0,A066,,,Pieter Aldrich,R,180,RSA,23.532,71,0,3-6 7-5 6-3 7-6,5,R64,,,,,,,,,,,,,,,,,,,
1989-403,Key Biscayne,Hard,128,A,19890320,69,K023,10,,Aaron Krickstein,R,183,USA,21.632,17,0,W122,,,Paul Wekesa,R,188,KEN,21.717,178,0,6-3 6-1 7-6,5,R64,,,,,,,,,,,,,,,,,,,
1989-403,Key Biscayne,Hard,128,A,19890320,70,M093,,Q,Alexander Mronz,R,188,GER,23.951,290,0,A025,,,Matt Anger,R,188,USA,25.749,138,0,6-7 7-6 5-7 6-1 6-4,5,R64,,,,,,,,,,,,,,,,,,,
1989-403,Key Biscayne,Hard,128,A,19890320,71,D008,,,Horacio De La Pena,L,180,ARG,22.634,60,0,W035,25,,Mark Woodforde,L,188,AUS,23.488,34,0,4-6 2-6 6-1 6-1 6-3,5,R64,,,,,,,,,,,,,,,,,,,
1989-403,Key Biscayne,Hard,128,A,19890320,72,Y017,,,Jaime Yzaga,R,170,PER,21.407,59,0,M052,8,,Miloslav Mecir Sr.,R,190,SVK,24.835,10,0,W/O,3,R64,,,,,,,,,,,,,,,,,,,
1989-403,Key Biscayne,Hard,128,A,19890320,73,C044,4,,Jimmy Connors,L,178,USA,36.545,8,0,B053,,Q,Arnaud Boetsch,R,183,FRA,19.967,262,0,7-6 6-1 6-1,5,R64,,,,,,,,,,,,,,,,,,,
1989-403,Key Biscayne,Hard,128,A,19890320,74,S055,29,,Horst Skoff,R,175,AUT,20.575,40,0,M063,,,Claudio Mezzadri,R,180,SUI,23.775,136,0,6-3 6-2 2-6 6-1,5,R64,,,,,,,,,,,,,,,,,,,
1989-403,Key Biscayne,Hard,128,A,19890320,75,D004,,,Scott Davis,R,188,USA,26.563,101,0,C031,20,,Andrei Chesnokov,R,188,RUS,23.127,28,0,7-6 6-3 6-1,5,R64,,,,,,,,,,,,,,,,,,,
1989-403,Key Biscayne,Hard,128,A,19890320,76,C057,13,,Kevin Curren,R,185,USA,31.05,21,0,S331,,,Jason Stoltenberg,R,185,AUS,18.96,89,0,6-2 6-2 6-0,5,R64,,,,,,,,,,,,,,,,,,,
1989-403,Key Biscayne,Hard,128,A,19890320,77,S014,11,,Emilio Sanchez,R,180,ESP,23.808,18,0,M338,,,Shuzo Matsuoka,R,185,JPN,21.369,62,0,7-5 6-3 6-4,5,R64,,,,,,,,,,,,,,,,,,,
1989-403,Key Biscayne,Hard,128,A,19890320,78,B040,,,Christian Bergstrom,R,180,SWE,21.67,54,0,C028,,,Thierry Champion,R,183,FRA,22.552,141,0,7-5 6-4 6-2,5,R64,,,,,,,,,,,,,,,,,,,
1989-403,Key Biscayne,Hard,128,A,19890320,79,V014,27,,Christo Van Rensburg,R,185,RSA,26.407,39,0,D044,,,Lawson Duncan,R,185,USA,24.397,63,0,6-2 6-3 7-5,5,R64,,,,,,,,,,,,,,,,,,,
1989-403,Key Biscayne,Hard,128,A,19890320,80,N018,,,Tom Nijssen,R,175,NED,24.465,100,0,E025,,,Kelly Evernden,R,175,NZL,27.493,84,0,7-6 6-4 6-7 6-2,5,R64,,,,,,,,,,,,,,,,,,,
1989-403,Key Biscayne,Hard,128,A,19890320,81,H025,5,,Jakob Hlasek,R,188,SUI,24.35,9,0,N109,,,Diego Nargiso,L,188,ITA,19.014,110,0,6-3 6-1 4-6 6-1,5,R64,,,,,,,,,,,,,,,,,,,
1989-403,Key Biscayne,Hard,128,A,19890320,82,K021,,,Mark Kratzmann,L,178,AUS,22.842,156,0,F031,,,Jean-Philippe Fleurian,R,185,FRA,23.521,121,0,4-6 7-6 6-4 7-6,5,R64,,,,,,,,,,,,,,,,,,,
1989-403,Key Biscayne,Hard,128,A,19890320,83,V037,22,,Alexander Volkov,L,188,RUS,22.048,37,0,F164,,,Richard Fromberg,R,196,AUS,18.894,129,0,6-3 6-1 7-5,5,R64,,,,,,,,,,,,,,,,,,,
1989-403,Key Biscayne,Hard,128,A,19890320,84,N022,12,,Yannick Noah,R,193,FRA,28.838,13,0,S017,,Q,Bill Scanlon,R,185,USA,32.348,216,0,4-6 7-5 3-6 6-1 6-3,5,R64,,,,,,,,,,,,,,,,,,,
1989-403,Key Biscayne,Hard,128,A,19890320,85,P024,14,,Mikael Pernfors,R,173,SWE,25.678,20,0,H030,,Q,Greg Holmes,R,178,USA,25.558,192,0,6-4 7-6 6-3,5,R64,,,,,,,,,,,,,,,,,,,
1989-403,Key Biscayne,Hard,128,A,19890320,86,L009,,,Leonardo Lavalle,L,188,MEX,21.684,66,0,J006,19,,Anders Jarryd,R,180,SWE,27.685,29,0,2-6 6-2 6-3 6-2,5,R64,,,,,,,,,,,,,,,,,,,
1989-403,Key Biscayne,Hard,128,A,19890320,87,C243,30,,Jim Courier,R,185,USA,18.59,46,0,R029,,,Joey Rive,L,185,USA,25.7,124,0,6-7 6-2 7-6 6-4,5,R64,,,,,,,,,,,,,,,,,,,
1989-403,Key Biscayne,Hard,128,A,19890320,88,S080,,,Carl-Uwe Steeb,L,180,GER,21.55,96,0,G013,,,Sammy Giammalva Jr.,R,178,USA,25.99,126,0,6-3 6-3 6-3,5,R64,,,,,,,,,,,,,,,,,,,
1989-403,Key Biscayne,Hard,128,A,19890320,89,M099,7,,Thomas Muster,L,180,AUT,21.465,14,0,M064,,,Glenn Michibata,R,175,CAN,26.768,83,0,7-5 7-6 6-2,5,R64,,,,,,,,,,,,,,,,,,,
1989-403,Key Biscayne,Hard,128,A,19890320,90,S102,,,Andrew Sznajder,R,175,CAN,21.821,115,0,C022,,Q,Dan Cassidy,R,178,USA,27.89,237,0,6-2 4-6 2-6 6-2 6-4,5,R64,,,,,,,,,,,,,,,,,,,
1989-403,Key Biscayne,Hard,128,A,19890320,91,K024,,,Ramesh Krishnan,R,170,IND,27.789,51,0,W019,,,Tim Wilkison,L,180,USA,29.322,108,0,6-3 7-5 6-4,5,R64,,,,,,,,,,,,,,,,,,,
1989-403,Key Biscayne,Hard,128,A,19890320,92,B035,,,Eduardo Bengoechea,R,185,ARG,29.717,98,0,P190,9,,Guillermo Perez-Roldan,R,178,ARG,19.414,16,0,6-7 6-2 6-3 6-2,5,R64,,,,,,,,,,,,,,,,,,,
1989-403,Key Biscayne,Hard,128,A,19890320,93,C001,16,,Darren Cahill,R,185,AUS,23.463,25,0,D040,,,Brad Drewett,L,185,AUS,30.669,118,0,6-7 6-1 6-3 3-6 6-4,5,R64,,,,,,,,,,,,,,,,,,,
1989-403,Key Biscayne,Hard,128,A,19890320,94,G039,,,Jim Grabb,R,193,USA,24.931,172,0,T032,,,Thierry Tulasne,R,178,FRA,25.689,76,0,6-1 6-3 6-7 6-4,5,R64,,,,,,,,,,,,,,,,,,,
1989-403,Key Biscayne,Hard,128,A,19890320,95,M372,31,,Alberto Mancini,R,180,ARG,19.833,41,0,D005,,,Marty Davis,R,183,USA,30.344,88,0,7-6 6-3 6-2,5,R64,,,,,,,,,,,,,,,,,,,
1989-403,Key Biscayne,Hard,128,A,19890320,96,W023,2,,Mats Wilander,R,183,SWE,24.574949,2,0,W114,,Q,Scott Warner,R,196,USA,23.242,340,0,6-3 6-4 7-6,5,R64,,,,,,,,,,,,,,,,,,,
1989-403,Key Biscayne,Hard,128,A,19890320,97,L018,1,,Ivan Lendl,R,188,USA,29.035,1,0,C012,,,Paolo Cane,R,180,ITA,23.945,67,0,7-5 6-0 6-4,5,R32,,,,,,,,,,,,,,,,,,,
1989-403,Key Biscayne,Hard,128,A,19890320,98,G023,15,,Andres Gomez,L,193,ECU,29.06,23,0,C011,,Q,Jonathan Canter,R,185,USA,23.792,148,0,7-6 7-6 6-4,5,R32,,,,,,,,,,,,,,,,,,,
1989-403,Key Biscayne,Hard,128,A,19890320,99,K023,10,,Aaron Krickstein,R,183,USA,21.632,17,0,M093,,Q,Alexander Mronz,R,188,GER,23.951,290,0,4-6 6-1 6-2 6-7 7-6,5,R32,,,,,,,,,,,,,,,,,,,
1989-403,Key Biscayne,Hard,128,A,19890320,100,Y017,,,Jaime Yzaga,R,170,PER,21.407,59,0,D008,,,Horacio De La Pena,L,180,ARG,22.634,60,0,6-4 4-6 6-4 7-6,5,R32,,,,,,,,,,,,,,,,,,,
1989-403,Key Biscayne,Hard,128,A,19890320,101,C044,4,,Jimmy Connors,L,178,USA,36.545,8,0,S055,29,,Horst Skoff,R,175,AUT,20.575,40,0,6-2 7-6 6-1,5,R32,,,,,,,,,,,,,,,,,,,
1989-403,Key Biscayne,Hard,128,A,19890320,102,C057,13,,Kevin Curren,R,185,USA,31.05,21,0,D004,,,Scott Davis,R,188,USA,26.563,101,0,6-3 3-6 4-6 7-6 6-4,5,R32,,,,,,,,,,,,,,,,,,,
1989-403,Key Biscayne,Hard,128,A,19890320,103,S014,11,,Emilio Sanchez,R,180,ESP,23.808,18,0,B040,,,Christian Bergstrom,R,180,SWE,21.67,54,0,4-6 7-5 6-3 6-3,5,R32,,,,,,,,,,,,,,,,,,,
1989-403,Key Biscayne,Hard,128,A,19890320,104,N018,,,Tom Nijssen,R,175,NED,24.465,100,0,V014,27,,Christo Van Rensburg,R,185,RSA,26.407,39,0,3-6 6-2 7-5 6-7 6-4,5,R32,,,,,,,,,,,,,,,,,,,
1989-403,Key Biscayne,Hard,128,A,19890320,105,H025,5,,Jakob Hlasek,R,188,SUI,24.35,9,0,K021,,,Mark Kratzmann,L,178,AUS,22.842,156,0,6-4 6-0 6-4,5,R32,,,,,,,,,,,,,,,,,,,
1989-403,Key Biscayne,Hard,128,A,19890320,106,N022,12,,Yannick Noah,R,193,FRA,28.838,13,0,V037,22,,Alexander Volkov,L,188,RUS,22.048,37,0,5-7 6-7 7-5 6-3 6-4,5,R32,,,,,,,,,,,,,,,,,,,
1989-403,Key Biscayne,Hard,128,A,19890320,107,P024,14,,Mikael Pernfors,R,173,SWE,25.678,20,0,L009,,,Leonardo Lavalle,L,188,MEX,21.684,66,0,1-6 6-2 6-1 6-4,5,R32,,,,,,,,,,,,,,,,,,,
1989-403,Key Biscayne,Hard,128,A,19890320,108,S080,,,Carl-Uwe Steeb,L,180,GER,21.55,96,0,C243,30,,Jim Courier,R,185,USA,18.59,46,0,6-4 4-6 7-5 4-6 6-4,5,R32,,,,,,,,,,,,,,,,,,,
1989-403,Key Biscayne,Hard,128,A,19890320,109,M099,7,,Thomas Muster,L,180,AUT,21.465,14,0,S102,,,Andrew Sznajder,R,175,CAN,21.821,115,0,6-1 3-6 6-3 7-6,5,R32,,,,,,,,,,,,,,,,,,,
1989-403,Key Biscayne,Hard,128,A,19890320,110,B035,,,Eduardo Bengoechea,R,185,ARG,29.717,98,0,K024,,,Ramesh Krishnan,R,170,IND,27.789,51,0,6-4 6-4 6-3,5,R32,,,,,,,,,,,,,,,,,,,
1989-403,Key Biscayne,Hard,128,A,19890320,111,G039,,,Jim Grabb,R,193,USA,24.931,172,0,C001,16,,Darren Cahill,R,185,AUS,23.463,25,0,6-4 0-6 7-6 6-1,5,R32,,,,,,,,,,,,,,,,,,,
1989-403,Key Biscayne,Hard,128,A,19890320,112,M372,31,,Alberto Mancini,R,180,ARG,19.833,41,0,W023,2,,Mats Wilander,R,183,SWE,24.574949,2,0,3-6 6-3 6-4 6-3,5,R32,,,,,,,,,,,,,,,,,,,
1989-403,Key Biscayne,Hard,128,A,19890320,113,L018,1,,Ivan Lendl,R,188,USA,29.035,1,0,G023,15,,Andres Gomez,L,193,ECU,29.06,23,0,6-4 6-2 6-4,5,R16,,,,,,,,,,,,,,,,,,,
1989-403,Key Biscayne,Hard,128,A,19890320,114,K023,10,,Aaron Krickstein,R,183,USA,21.632,17,0,Y017,,,Jaime Yzaga,R,170,PER,21.407,59,0,3-6 7-6 6-3 6-3,5,R16,,,,,,,,,,,,,,,,,,,
1989-403,Key Biscayne,Hard,128,A,19890320,115,C057,13,,Kevin Curren,R,185,USA,31.05,21,0,C044,4,,Jimmy Connors,L,178,USA,36.545,8,0,4-6 4-6 6-3 6-4 6-2,5,R16,,,,,,,,,,,,,,,,,,,
1989-403,Key Biscayne,Hard,128,A,19890320,116,S014,11,,Emilio Sanchez,R,180,ESP,23.808,18,0,N018,,,Tom Nijssen,R,175,NED,24.465,100,0,6-3 7-5 6-2,5,R16,,,,,,,,,,,,,,,,,,,
1989-403,Key Biscayne,Hard,128,A,19890320,117,N022,12,,Yannick Noah,R,193,FRA,28.838,13,0,H025,5,,Jakob Hlasek,R,188,SUI,24.35,9,0,6-4 3-6 6-4 2-6 7-5,5,R16,,,,,,,,,,,,,,,,,,,
1989-403,Key Biscayne,Hard,128,A,19890320,118,S080,,,Carl-Uwe Steeb,L,180,GER,21.55,96,0,P024,14,,Mikael Pernfors,R,173,SWE,25.678,20,0,6-7 6-0 6-1 6-4,5,R16,,,,,,,,,,,,,,,,,,,
1989-403,Key Biscayne,Hard,128,A,19890320,119,M099,7,,Thomas Muster,L,180,AUT,21.465,14,0,B035,,,Eduardo Bengoechea,R,185,ARG,29.717,98,0,6-1 6-1 6-1,5,R16,,,,,,,,,,,,,,,,,,,
1989-403,Key Biscayne,Hard,128,A,19890320,120,G039,,,Jim Grabb,R,193,USA,24.931,172,0,M372,31,,Alberto Mancini,R,180,ARG,19.833,41,0,6-7 6-4 7-6 6-7 6-4,5,R16,,,,,,,,,,,,,,,,,,,
1989-403,Key Biscayne,Hard,128,A,19890320,121,L018,1,,Ivan Lendl,R,188,USA,29.035,1,0,K023,10,,Aaron Krickstein,R,183,USA,21.632,17,0,6-2 6-2 6-2,5,QF,,,,,,,,,,,,,,,,,,,
1989-403,Key Biscayne,Hard,128,A,19890320,122,C057,13,,Kevin Curren,R,185,USA,31.05,21,0,S014,11,,Emilio Sanchez,R,180,ESP,23.808,18,0,6-3 6-1 6-4,5,QF,,,,,,,,,,,,,,,,,,,
1989-403,Key Biscayne,Hard,128,A,19890320,123,N022,12,,Yannick Noah,R,193,FRA,28.838,13,0,S080,,,Carl-Uwe Steeb,L,180,GER,21.55,96,0,6-4 6-1 6-4,5,QF,,,,,,,,,,,,,,,,,,,
1989-403,Key Biscayne,Hard,128,A,19890320,124,M099,7,,Thomas Muster,L,180,AUT,21.465,14,0,G039,,,Jim Grabb,R,193,USA,24.931,172,0,7-5 7-6 1-6 6-0,5,QF,,,,,,,,,,,,,,,,,,,
1989-403,Key Biscayne,Hard,128,A,19890320,125,L018,1,,Ivan Lendl,R,188,USA,29.035,1,0,C057,13,,Kevin Curren,R,185,USA,31.05,21,0,6-2 6-2 6-3,5,SF,,,,,,,,,,,,,,,,,,,
1989-403,Key Biscayne,Hard,128,A,19890320,126,M099,7,,Thomas Muster,L,180,AUT,21.465,14,0,N022,12,,Yannick Noah,R,193,FRA,28.838,13,0,5-7 3-6 6-3 6-3 6-2,5,SF,,,,,,,,,,,,,,,,,,,
1989-403,Key Biscayne,Hard,128,A,19890320,127,L018,1,,Ivan Lendl,R,188,USA,29.035,1,0,M099,7,,Thomas Muster,L,180,AUT,21.465,14,0,W/O,3,F,,,,,,,,,,,,,,,,,,,
1989-D001,Davis Cup G2 QF: ALG vs MAR,Clay,4,D,19890404,1,108056,,,Reda Galou,R,,ALG,,,,106576,,,Arafat Chekrouni,R,,MAR,,,,6-3 4-6 6-3 6-3,5,RR,,,,,,,,,,,,,,,,,,,
1989-D001,Davis Cup G2 QF: ALG vs MAR,Clay,4,D,19890404,2,O088,,,Khalid Outaleb,R,183,MAR,25.938398,,,107827,,,Moncef Zehar,R,,ALG,,,,7-6(7) 2-6 6-4 6-1,5,RR,,,,,,,,,,,,,,,,,,,
1989-D001,Davis Cup G2 QF: ALG vs MAR,Clay,4,D,19890404,3,O088,,,Khalid Outaleb,R,183,MAR,25.938398,,,108056,,,Reda Galou,R,,ALG,,,,7-6(5) 6-4 2-6 7-6(4),5,RR,,,,,,,,,,,,,,,,,,,
1989-D003,Davis Cup G1 SF: ARG vs CAN,Clay,4,D,19890407,1,M372,,,Alberto Mancini,R,180,ARG,19.882272,,,S102,,,Andrew Sznajder,R,175,CAN,21.869952,,,6-4 6-3 6-3,5,RR,,,,,,,,,,,,,,,,,,,
1989-D003,Davis Cup G1 SF: ARG vs CAN,Clay,4,D,19890407,2,P190,,,Guillermo Perez-Roldan,R,178,ARG,19.463381,,,L008,,,Martin Laurendeau,R,190,CAN,24.741958,,,6-1 6-4 6-0,5,RR,,,,,,,,,,,,,,,,,,,
1989-D007,Davis Cup WG QF: AUT vs SWE,Clay,4,D,19890407,1,E004,,,Stefan Edberg,R,188,SWE,23.214237,,,A028,,,Alex Antonitsch,R,188,AUT,23.15948,,,6-3 6-2 6-4,5,RR,,,,,,,,,,,,,,,,,,,
1989-D007,Davis Cup WG QF: AUT vs SWE,Clay,4,D,19890407,2,S055,,,Horst Skoff,R,175,AUT,20.62423,,,W023,,,Mats Wilander,R,183,SWE,24.62423,,,6-7(5) 7-6(7) 1-6 6-4 9-7,5,RR,,,,,,,,,,,,,,,,,,,
1989-D007,Davis Cup WG QF: AUT vs SWE,Clay,4,D,19890407,3,E004,,,Stefan Edberg,R,188,SWE,23.214237,,,S055,,,Horst Skoff,R,175,AUT,20.62423,,,6-3 6-2 6-1,5,RR,,,,,,,,,,,,,,,,,,,
1989-D007,Davis Cup WG QF: AUT vs SWE,Clay,4,D,19890407,4,A028,,,Alex Antonitsch,R,188,AUT,23.15948,,,W023,,,Mats Wilander,R,183,SWE,24.62423,,,6-3 7-5,3,RR,,,,,,,,,,,,,,,,,,,
1989-D009,Davis Cup G2 SF: BAH vs DOM,Hard,4,D,19890407,1,S340,,,Roger Smith,R,185,BAH,25.212868,,,110812,,,Alexander Schad,U,,DOM,,,,7-6(3) 6-0 6-1,5,RR,,,,,,,,,,,,,,,,,,,
1989-D009,Davis Cup G2 SF: BAH vs DOM,Hard,4,D,19890407,2,K171,,,Mark Knowles,R,190,BAH,17.590691,,,110813,,,Rafael Moreno,U,,DOM,,,,7-6(5) 6-1 4-6 6-2,5,RR,,,,,,,,,,,,,,,,,,,
1989-D009,Davis Cup G2 SF: BAH vs DOM,Hard,4,D,19890407,3,K171,,,Mark Knowles,R,190,BAH,17.590691,,,110812,,,Alexander Schad,U,,DOM,,,,6-2 6-2,3,RR,,,,,,,,,,,,,,,,,,,
1989-D009,Davis Cup G2 SF: BAH vs DOM,Hard,4,D,19890407,4,S340,,,Roger Smith,R,185,BAH,25.212868,,,110813,,,Rafael Moreno,U,,DOM,,,,6-2 6-3,3,RR,,,,,,,,,,,,,,,,,,,
1989-D013,Davis Cup G2 QF: BAN vs SIN,Hard,4,D,19890407,1,110818,,,Shovon Jamaly,U,,BAN,,,,110827,,,Sunny Liu,U,,SIN,,,,6-7(5) 4-6 7-5 6-3 6-2,5,RR,,,,,,,,,,,,,,,,,,,
1989-D013,Davis Cup G2 QF: BAN vs SIN,Hard,4,D,19890407,2,110822,,,Faisal Rahman,U,,BAN,,,,110828,,,Wai Yaw Liu,U,,SIN,,,,3-6 6-4 1-0 RET,5,RR,,,,,,,,,,,,,,,,,,,
1989-D013,Davis Cup G2 QF: BAN vs SIN,Hard,4,D,19890407,3,110827,,,Sunny Liu,U,,SIN,,,,110829,,,Barunur Rashid Bhuiyan,U,,BAN,,,,6-3 6-3 7-6(3),5,RR,,,,,,,,,,,,,,,,,,,
1989-D013,Davis Cup G2 QF: BAN vs SIN,Hard,4,D,19890407,4,110820,,,Mahtabur Rahman,U,,BAN,,,,110830,,,Chee Leong Wong,U,,SIN,,,,6-4 6-3 6-2,5,RR,,,,,,,,,,,,,,,,,,,
1989-D018,Davis Cup G1 SF: PER vs BRA,Clay,4,D,19890407,1,M092,,,Cassio Motta,R,180,BRA,29.122519,,,Y017,,,Jaime Yzaga,R,170,PER,21.456537,,,4-6 6-4 6-4 4-6 6-3,5,RR,,,,,,,,,,,,,,,,,,,
1989-D018,Davis Cup G1 SF: PER vs BRA,Clay,4,D,19890407,2,M035,,,Luiz Mattar,R,183,BRA,25.637235,,,108686,,,Alejandro Aramburu Acuna,U,,PER,,,,4-6 6-2 6-2 7-6(5),5,RR,,,,,,,,,,,,,,,,,,,
1989-D018,Davis Cup G1 SF: PER vs BRA,Clay,4,D,19890407,3,108686,,,Alejandro Aramburu Acuna,U,,PER,,,,M092,,,Cassio Motta,R,180,BRA,29.122519,,,6-4 6-1 2-6 4-6 6-3,5,RR,,,,,,,,,,,,,,,,,,,
1989-D018,Davis Cup G1 SF: PER vs BRA,Clay,4,D,19890407,4,Y017,,,Jaime Yzaga,R,170,PER,21.456537,,,M035,,,Luiz Mattar,R,183,BRA,25.637235,,,6-2 6-0 6-4,5,RR,,,,,,,,,,,,,,,,,,,
1989-D020,Davis Cup G2 QF: THA vs BRN,Hard,4,D,19890407,1,108532,,,Worapol Thongkamcho,R,,THA,,,,108754,,,Esam Abdulaal,U,,BRN,,,,6-3 6-1 6-0,5,RR,,,,,,,,,,,,,,,,,,,
1989-D020,Davis Cup G2 QF: THA vs BRN,Hard,4,D,19890407,2,S478,,,Tanakorn Srichaphan,R,,THA,20.881588,,,110856,,,Abdul Rahman Shehab,U,,BRN,,,,6-1 6-1 6-0,5,RR,,,,,,,,,,,,,,,,,,,
1989-D020,Davis Cup G2 QF: THA vs BRN,Hard,4,D,19890407,3,108532,,,Worapol Thongkamcho,R,,THA,,,,110856,,,Abdul Rahman Shehab,U,,BRN,,,,6-0 6-3,3,RR,,,,,,,,,,,,,,,,,,,
1989-D020,Davis Cup G2 QF: THA vs BRN,Hard,4,D,19890407,4,S478,,,Tanakorn Srichaphan,R,,THA,20.881588,,,108754,,,Esam Abdulaal,U,,BRN,,,,6-2 6-1,3,RR,,,,,,,,,,,,,,,,,,,
1989-D023,Davis Cup G2 SF: CUB vs CHI,Hard,4,D,19890407,1,A002,,,Ricardo Acuna,R,175,CHI,31.230664,,,101156,,,Juan Pino,R,185,CUB,,,,7-5 6-4 1-6 6-1,5,RR,,,,,,,,,,,,,,,,,,,
1989-D023,Davis Cup G2 SF: CUB vs CHI,Hard,4,D,19890407,2,100898,,,Robinson Ureta,R,,CHI,,,,T129,,,Mario Tabares,R,180,CUB,23.709788,,,6-2 6-7(5) 6-3 6-4,5,RR,,,,,,,,,,,,,,,,,,,
1989-D023,Davis Cup G2 SF: CUB vs CHI,Hard,4,D,19890407,3,101156,,,Juan Pino,R,185,CUB,,,,100898,,,Robinson Ureta,R,,CHI,,,,6-1 6-4,3,RR,,,,,,,,,,,,,,,,,,,
1989-D023,Davis Cup G2 SF: CUB vs CHI,Hard,4,D,19890407,4,A002,,,Ricardo Acuna,R,175,CHI,31.230664,,,T129,,,Mario Tabares,R,180,CUB,23.709788,,,7-6(7) 6-4,3,RR,,,,,,,,,,,,,,,,,,,
1989-D025,Davis Cup G1 QF: PHI vs CHN,Hard,4,D,19890407,1,101605,,,Jiu Hua Zhang,R,,CHN,,,,101103,,,Miguel Dungo,R,,PHI,,,,6-4 6-3 4-6 6-4,5,RR,,,,,,,,,,,,,,,,,,,
1989-D025,Davis Cup G1 QF: PHI vs CHN,Hard,4,D,19890407,2,B168,,,Felix Barrientos,R,178,PHI,21.379877,,,X002,,,Jia-Ping Xia,R,165,CHN,20.1013,,,6-4 6-2 6-2,5,RR,,,,,,,,,,,,,,,,,,,
1989-D025,Davis Cup G1 QF: PHI vs CHN,Hard,4,D,19890407,3,B168,,,Felix Barrientos,R,178,PHI,21.379877,,,101605,,,Jiu Hua Zhang,R,,CHN,,,,6-3 6-3 6-4,5,RR,,,,,,,,,,,,,,,,,,,
1989-D025,Davis Cup G1 QF: PHI vs CHN,Hard,4,D,19890407,4,101103,,,Miguel Dungo,R,,PHI,,,,X002,,,Jia-Ping Xia,R,165,CHN,20.1013,,,6-4 6-3,3,RR,,,,,,,,,,,,,,,,,,,
1989-D028,Davis Cup G2 QF: LBA vs CMR,Hard,4,D,19890407,1,110900,,,Jean Yves Job,U,,CMR,,,,110902,,,Khaled Ezankouli,U,,LBA,,,,6-3 6-0 6-2,5,RR,,,,,,,,,,,,,,,,,,,
1989-D028,Davis Cup G2 QF: LBA vs CMR,Hard,4,D,19890407,2,110903,,,Zacharie Moungnol,U,,CMR,,,,110904,,,Abdul Hakim Jteli,U,,LBA,,,,6-2 6-2 6-0,5,RR,,,,,,,,,,,,,,,,,,,
1989-D028,Davis Cup G2 QF: LBA vs CMR,Hard,4,D,19890407,3,110900,,,Jean Yves Job,U,,CMR,,,,110904,,,Abdul Hakim Jteli,U,,LBA,,,,1-6 6-4 7-5,3,RR,,,,,,,,,,,,,,,,,,,
1989-D028,Davis Cup G2 QF: LBA vs CMR,Hard,4,D,19890407,4,110903,,,Zacharie Moungnol,U,,CMR,,,,110902,,,Khaled Ezankouli,U,,LBA,,,,6-3 3-0 RET,5,RR,,,,,,,,,,,,,,,,,,,
1989-D030,Davis Cup G2 R1: MON vs CYP,Clay,4,D,19890407,1,110794,,,Jerome Seguin,U,,MON,,,,108552,,,Yannos Hadjigeorgiou,R,,CYP,,,,7-6(5) 6-1 6-2,5,RR,,,,,,,,,,,,,,,,,,,
1989-D030,Davis Cup G2 R1: MON vs CYP,Clay,4,D,19890407,2,107097,,,Gilles Ganancia,R,,MON,,,,106506,,,Alkis Papamichael,R,,CYP,,,,6-4 1-6 6-4 6-7(4) 6-4,5,RR,,,,,,,,,,,,,,,,,,,
1989-D030,Davis Cup G2 R1: MON vs CYP,Clay,4,D,19890407,3,107097,,,Gilles Ganancia,R,,MON,,,,110916,,,Neoclis Neocleous,U,,CYP,,,,6-0 6-0,3,RR,,,,,,,,,,,,,,,,,,,
1989-D030,Davis Cup G2 R1: MON vs CYP,Clay,4,D,19890407,4,110794,,,Jerome Seguin,U,,MON,,,,106506,,,Alkis Papamichael,R,,CYP,,,,6-2 6-1,3,RR,,,,,,,,,,,,,,,,,,,
1989-D035,Davis Cup G2 QF: GHA vs EGY,Hard,4,D,19890407,1,108815,,,Kojo Atiso,U,,GHA,,,,E146,,,Tamer El Sawy,R,188,EGY,17.152635,,,6-4 6-3 6-3,5,RR,,,,,,,,,,,,,,,,,,,
1989-D035,Davis Cup G2 QF: GHA vs EGY,Hard,4,D,19890407,2,E012,,,Ahmed El Mehelmy,R,183,EGY,27.19781,,,101884,,,Frank Ofori,R,,GHA,,,,6-4 6-0 6-2,5,RR,,,,,,,,,,,,,,,,,,,
1989-D035,Davis Cup G2 QF: GHA vs EGY,Hard,4,D,19890407,3,101884,,,Frank Ofori,R,,GHA,,,,E146,,,Tamer El Sawy,R,188,EGY,17.152635,,,6-7(3) 6-7(5) 6-2 6-3 6-4,5,RR,,,,,,,,,,,,,,,,,,,
1989-D035,Davis Cup G2 QF: GHA vs EGY,Hard,4,D,19890407,4,108815,,,Kojo Atiso,U,,GHA,,,,E012,,,Ahmed El Mehelmy,R,183,EGY,27.19781,,,6-3 6-4,3,RR,,,,,,,,,,,,,,,,,,,
1989-D037,Davis Cup WG QF: YUG vs ESP,Carpet,4,D,19890407,1,I034,,,Goran Ivanisevic,L,193,CRO,17.566051,,,C024,,,Sergio Casal,R,185,ESP,26.579055,,,6-3 2-6 7-5 6-3,5,RR,,,,,,,,,,,,,,,,,,,
1989-D037,Davis Cup WG QF: YUG vs ESP,Carpet,4,D,19890407,2,Z006,,,Slobodan Zivojinovic,R,198,YUG,25.708419,,,S014,,,Emilio Sanchez,R,180,ESP,23.857632,,,6-4 6-3 7-6(5),5,RR,,,,,,,,,,,,,,,,,,,
1989-D037,Davis Cup WG QF: YUG vs ESP,Carpet,4,D,19890407,3,C024,,,Sergio Casal,R,185,ESP,26.579055,,,Z006,,,Slobodan Zivojinovic,R,198,YUG,25.708419,,,7-6(5) 1-6 6-3,3,RR,,,,,,,,,,,,,,,,,,,
1989-D037,Davis Cup WG QF: YUG vs ESP,Carpet,4,D,19890407,4,I034,,,Goran Ivanisevic,L,193,CRO,17.566051,,,S015,,,Javier Sanchez,R,178,ESP,21.180014,,,7-5 6-1,3,RR,,,,,,,,,,,,,,,,,,,
1989-D040,Davis Cup WG QF: USA vs FRA,Carpet,4,D,19890407,1,M047,,,John McEnroe,L,180,USA,30.138261,,,N022,,,Yannick Noah,R,193,FRA,28.887064,,,6-3 6-4 6-1,5,RR,,,,,,,,,,,,,,,,,,,
1989-D040,Davis Cup WG QF: USA vs FRA,Carpet,4,D,19890407,2,A092,,,Andre Agassi,R,180,USA,18.940452,,,L014,,,Henri Leconte,L,185,FRA,25.760438,,,6-1 6-2 5-7 6-1,5,RR,,,,,,,,,,,,,,,,,,,
1989-D040,Davis Cup WG QF: USA vs FRA,Carpet,4,D,19890407,3,A092,,,Andre Agassi,R,180,USA,18.940452,,,N022,,,Yannick Noah,R,193,FRA,28.887064,,,6-3 7-6(7),3,RR,,,,,,,,,,,,,,,,,,,
1989-D040,Davis Cup WG QF: USA vs FRA,Carpet,4,D,19890407,4,M047,,,John McEnroe,L,180,USA,30.138261,,,L014,,,Henri Leconte,L,185,FRA,25.760438,,,6-3 6-1,3,RR,,,,,,,,,,,,,,,,,,,
1989-D043,Davis Cup WG QF: TCH vs FRG,Carpet,4,D,19890407,1,B028,,,Boris Becker,R,190,GER,21.374,,,N025,,,Karel Novacek,R,190,CZE,24.021903,,,7-6(5) 6-4 6-4,5,RR,,,,,,,,,,,,,,,,,,,
1989-D043,Davis Cup WG QF: TCH vs FRG,Carpet,4,D,19890407,2,S072,,,Milan Srejber,R,203,CZE,25.270363,,,S080,,,Carl-Uwe Steeb,L,180,GER,21.598905,,,7-5 6-4 6-3,5,RR,,,,,,,,,,,,,,,,,,,
1989-D043,Davis Cup WG QF: TCH vs FRG,Carpet,4,D,19890407,3,S080,,,Carl-Uwe Steeb,L,180,GER,21.598905,,,N025,,,Karel Novacek,R,190,CZE,24.021903,,,6-3 6-4 6-4,5,RR,,,,,,,,,,,,,,,,,,,
1989-D043,Davis Cup WG QF: TCH vs FRG,Carpet,4,D,19890407,4,B028,,,Boris Becker,R,190,GER,21.374,,,S072,,,Milan Srejber,R,203,CZE,25.270363,,,6-3 6-4 6-3,5,RR,,,,,,,,,,,,,,,,,,,
1989-D057,Davis Cup G1 QF: JPN vs KOR,Hard,4,D,19890407,1,T111,,,Toshihisa Tsuchihashi,R,,JPN,22.469541,,,S213,,,Dong-Wook Song,L,175,KOR,26.631075,,,6-4 6-4 6-4,5,RR,,,,,,,,,,,,,,,,,,,
1989-D057,Davis Cup G1 QF: JPN vs KOR,Hard,4,D,19890407,2,K068,,,Bong-Soo Kim,R,180,KOR,26.351814,,,N003,,,Haruo Nakano,R,,JPN,,,,6-2 7-6(9) 6-0,5,RR,,,,,,,,,,,,,,,,,,,
1989-D057,Davis Cup G1 QF: JPN vs KOR,Hard,4,D,19890407,3,K068,,,Bong-Soo Kim,R,180,KOR,26.351814,,,T111,,,Toshihisa Tsuchihashi,R,,JPN,22.469541,,,6-1 2-6 6-1 6-0,5,RR,,,,,,,,,,,,,,,,,,,
1989-D057,Davis Cup G1 QF: JPN vs KOR,Hard,4,D,19890407,4,S213,,,Dong-Wook Song,L,175,KOR,26.631075,,,N003,,,Haruo Nakano,R,,JPN,,,,6-3 6-4 6-2,5,RR,,,,,,,,,,,,,,,,,,,
1989-D059,Davis Cup G2 QF: KUW vs PAK,Hard,4,D,19890407,1,108844,,,Hamed Ul Haq,U,,PAK,,,,111022,,,Khaled Al Foudari,U,,KUW,,,,6-2 6-4 6-1,5,RR,,,,,,,,,,,,,,,,,,,
1989-D059,Davis Cup G2 QF: KUW vs PAK,Hard,4,D,19890407,2,100890,,,Rashid Malik,R,,PAK,,,,111023,,,Aymen Ibrahim Al Ashwak,U,,KUW,,,,6-1 6-1 6-2,5,RR,,,,,,,,,,,,,,,,,,,
1989-D059,Davis Cup G2 QF: KUW vs PAK,Hard,4,D,19890407,3,108844,,,Hamed Ul Haq,U,,PAK,,,,111023,,,Aymen Ibrahim Al Ashwak,U,,KUW,,,,6-2 6-1,3,RR,,,,,,,,,,,,,,,,,,,
1989-D059,Davis Cup G2 QF: KUW vs PAK,Hard,4,D,19890407,4,100890,,,Rashid Malik,R,,PAK,,,,111022,,,Khaled Al Foudari,U,,KUW,,,,6-2 6-1,3,RR,,,,,,,,,,,,,,,,,,,
1989-D060,Davis Cup G2 R1: LUX vs MLT,Hard,4,D,19890407,1,108867,,,Serge Brueck,U,,LUX,,,,108824,,,Daryl Delicata,U,,MLT,,,,6-1 6-0 6-1,5,RR,,,,,,,,,,,,,,,,,,,
1989-D060,Davis Cup G2 R1: LUX vs MLT,Hard,4,D,19890407,2,G030,,,Johnny Goudenbour,R,178,LUX,25.267625,,,107117,,,Gordon Asciak,R,,MLT,,,,6-2 6-4 6-4,5,RR,,,,,,,,,,,,,,,,,,,
1989-D060,Davis Cup G2 R1: LUX vs MLT,Hard,4,D,19890407,3,G030,,,Johnny Goudenbour,R,178,LUX,25.267625,,,109309,,,Steven Schranz,R,,MLT,,,,6-0 6-0,3,RR,,,,,,,,,,,,,,,,,,,
1989-D060,Davis Cup G2 R1: LUX vs MLT,Hard,4,D,19890407,4,108867,,,Serge Brueck,U,,LUX,,,,107117,,,Gordon Asciak,R,,MLT,,,,6-0 7-6(3),3,RR,,,,,,,,,,,,,,,,,,,
1989-D073,Davis Cup G2 QF: SRI vs TPE,Clay,4,D,19890407,1,106580,,,Arjun Fernando,R,,SRI,,,,110833,,,Huang Jung Hsu,U,,TPE,,,,7-6(1) 6-1 6-4,5,RR,,,,,,,,,,,,,,,,,,,
1989-D073,Davis Cup G2 QF: SRI vs TPE,Clay,4,D,19890407,2,110852,,,Umesha Wallooppillai,U,,SRI,,,,W048,,,Chang-Rung Wu,R,,TPE,,,,6-3 6-0 6-4,5,RR,,,,,,,,,,,,,,,,,,,
1989-D073,Davis Cup G2 QF: SRI vs TPE,Clay,4,D,19890407,3,110833,,,Huang Jung Hsu,U,,TPE,,,,110852,,,Umesha Wallooppillai,U,,SRI,,,,6-4 6-1 6-3,5,RR,,,,,,,,,,,,,,,,,,,
1989-D073,Davis Cup G2 QF: SRI vs TPE,Clay,4,D,19890407,4,106580,,,Arjun Fernando,R,,SRI,,,,W048,,,Chang-Rung Wu,R,,TPE,,,,2-6 7-5 6-3 2-6 6-4,5,RR,,,,,,,,,,,,,,,,,,,
1989-D026,Davis Cup G2 QF: KEN vs CIV,Clay,4,D,19890408,1,107310,,,Jean Nabi,R,,CIV,,,,110876,,,Norbert Oduor,U,,KEN,,,,4-6 6-4 7-6(5) 6-4,5,RR,,,,,,,,,,,,,,,,,,,
1989-D026,Davis Cup G2 QF: KEN vs CIV,Clay,4,D,19890408,2,106941,,,Eno Polo,R,,KEN,,,,110888,,,Jean Jacques Kouassi,U,,CIV,,,,6-2 6-1 6-1,5,RR,,,,,,,,,,,,,,,,,,,
1989-D026,Davis Cup G2 QF: KEN vs CIV,Clay,4,D,19890408,3,106941,,,Eno Polo,R,,KEN,,,,107310,,,Jean Nabi,R,,CIV,,,,6-0 6-1 6-1,5,RR,,,,,,,,,,,,,,,,,,,
1989-D026,Davis Cup G2 QF: KEN vs CIV,Clay,4,D,19890408,4,110888,,,Jean Jacques Kouassi,U,,CIV,,,,110876,,,Norbert Oduor,U,,KEN,,,,6-4 0-6 6-2,3,RR,,,,,,,,,,,,,,,,,,,
1989-215,Rio De Janeiro,Carpet,32,A,19890410,1,M035,1,,Luiz Mattar,R,183,BRA,25.626,49,0,O076,,WC,Jaime Oncins,R,196,BRA,18.798,381,0,6-1 3-6 3-0 RET,3,R32,,,,,,,,,,,,,,,,,,,
1989-215,Rio De Janeiro,Carpet,32,A,19890410,2,D036,,,Peter Doohan,R,190,AUS,27.921,154,0,S358,,Q,John Sobel,R,173,USA,25.131,510,0,6-1 4-6 6-4,3,R32,,,,,,,,,,,,,,,,,,,
1989-215,Rio De Janeiro,Carpet,32,A,19890410,3,H029,,,Thomas Hogstedt,R,190,SWE,25.533,148,0,Y003,,,Francisco Yunis,R,190,ARG,24.641,247,0,6-4 7-5,3,R32,,,,,,,,,,,,,,,,,,,
1989-215,Rio De Janeiro,Carpet,32,A,19890410,4,J085,,Q,Roberto Jabali,R,190,BRA,18.883,359,0,W019,8,,Tim Wilkison,L,180,USA,29.361,104,0,6-3 1-6 7-6,3,R32,,,,,,,,,,,,,,,,,,,
1989-215,Rio De Janeiro,Carpet,32,A,19890410,5,B035,4,,Eduardo Bengoechea,R,185,ARG,29.755,72,0,M059,,,Mauro Menezes,R,193,BRA,25.687,220,0,6-2 6-2,3,R32,,,,,,,,,,,,,,,,,,,
1989-215,Rio De Janeiro,Carpet,32,A,19890410,6,R012,,,Pedro Rebolledo,R,170,CHI,28.293,167,0,A002,,,Ricardo Acuna,R,175,CHI,31.22,224,0,6-2 6-3,3,R32,,,,,,,,,,,,,,,,,,,
1989-215,Rio De Janeiro,Carpet,32,A,19890410,7,K013,,,Ivan Kley,R,183,BRA,30.762,270,0,I003,,,Marcelo Ingaramo,L,178,ARG,26.472,152,0,7-6 6-1,3,R32,,,,,,,,,,,,,,,,,,,
1989-215,Rio De Janeiro,Carpet,32,A,19890410,8,M092,5,,Cassio Motta,R,180,BRA,29.112,75,0,H027,,WC,Alexandre Hocevar,R,190,BRA,26.119,217,0,6-2 5-7 6-2,3,R32,,,,,,,,,,,,,,,,,,,
1989-215,Rio De Janeiro,Carpet,32,A,19890410,9,H012,,WC,Marcelo Hennemann,R,170,BRA,27.064,233,0,F041,6,,Javier Frana,L,185,ARG,22.272,90,0,7-5 7-5,3,R32,,,,,,,,,,,,,,,,,,,
1989-215,Rio De Janeiro,Carpet,32,A,19890410,10,R028,,,Guillermo Rivas,R,183,ARG,25.147,168,0,M028,,,Danilo Marcelino,R,193,BRA,23.072,141,0,3-6 7-6 6-4,3,R32,,,,,,,,,,,,,,,,,,,
1989-215,Rio De Janeiro,Carpet,32,A,19890410,11,R036,,,Fernando Roese,R,190,BRA,23.608,234,0,A030,,,Roberto Arguello,U,173,ARG,25.895,177,0,1-6 7-6 6-3,3,R32,,,,,,,,,,,,,,,,,,,
1989-215,Rio De Janeiro,Carpet,32,A,19890410,12,J004,3,,Martin Jaite,R,178,ARG,24.482,64,0,K156,,,Kent Kinnear,R,196,USA,22.341,225,0,6-7 7-5 7-5,3,R32,,,,,,,,,,,,,,,,,,,
1989-215,Rio De Janeiro,Carpet,32,A,19890410,13,W029,7,,Todd Witsken,R,183,USA,25.413,91,0,C022,,,Dan Cassidy,R,178,USA,27.929,218,0,7-5 4-6 7-5,3,R32,,,,,,,,,,,,,,,,,,,
1989-215,Rio De Janeiro,Carpet,32,A,19890410,14,M063,,,Claudio Mezzadri,R,180,SUI,23.814,139,0,K010,,Q,Cesar Kist,R,180,BRA,24.446,261,0,6-3 6-4,3,R32,,,,,,,,,,,,,,,,,,,
1989-215,Rio De Janeiro,Carpet,32,A,19890410,15,B293,,,Patrick Baur,R,188,GER,23.918,242,0,L041,,,Jorge Lozano,R,180,MEX,25.881,113,0,6-3 6-4,3,R32,,,,,,,,,,,,,,,,,,,
1989-215,Rio De Janeiro,Carpet,32,A,19890410,16,D008,2,,Horacio De La Pena,L,180,ARG,22.672,57,0,P225,,Q,Francisco Pinto,R,,BRA,,1067,0,6-4 6-0,3,R32,,,,,,,,,,,,,,,,,,,
1989-215,Rio De Janeiro,Carpet,32,A,19890410,17,M035,1,,Luiz Mattar,R,183,BRA,25.626,49,0,D036,,,Peter Doohan,R,190,AUS,27.921,154,0,6-3 6-1,3,R16,,,,,,,,,,,,,,,,,,,
1989-215,Rio De Janeiro,Carpet,32,A,19890410,18,H029,,,Thomas Hogstedt,R,190,SWE,25.533,148,0,J085,,Q,Roberto Jabali,R,190,BRA,18.883,359,0,7-5 6-3,3,R16,,,,,,,,,,,,,,,,,,,
1989-215,Rio De Janeiro,Carpet,32,A,19890410,19,B035,4,,Eduardo Bengoechea,R,185,ARG,29.755,72,0,R012,,,Pedro Rebolledo,R,170,CHI,28.293,167,0,6-2 6-2,3,R16,,,,,,,,,,,,,,,,,,,
1989-215,Rio De Janeiro,Carpet,32,A,19890410,20,M092,5,,Cassio Motta,R,180,BRA,29.112,75,0,K013,,,Ivan Kley,R,183,BRA,30.762,270,0,6-2 6-4,3,R16,,,,,,,,,,,,,,,,,,,
1989-215,Rio De Janeiro,Carpet,32,A,19890410,21,R028,,,Guillermo Rivas,R,183,ARG,25.147,168,0,H012,,WC,Marcelo Hennemann,R,170,BRA,27.064,233,0,6-3 6-4,3,R16,,,,,,,,,,,,,,,,,,,
1989-215,Rio De Janeiro,Carpet,32,A,19890410,22,J004,3,,Martin Jaite,R,178,ARG,24.482,64,0,R036,,,Fernando Roese,R,190,BRA,23.608,234,0,6-4 6-4,3,R16,,,,,,,,,,,,,,,,,,,
1989-215,Rio De Janeiro,Carpet,32,A,19890410,23,W029,7,,Todd Witsken,R,183,USA,25.413,91,0,M063,,,Claudio Mezzadri,R,180,SUI,23.814,139,0,6-4 6-3,3,R16,,,,,,,,,,,,,,,,,,,
1989-215,Rio De Janeiro,Carpet,32,A,19890410,24,D008,2,,Horacio De La Pena,L,180,ARG,22.672,57,0,B293,,,Patrick Baur,R,188,GER,23.918,242,0,6-2 7-6,3,R16,,,,,,,,,,,,,,,,,,,
1989-215,Rio De Janeiro,Carpet,32,A,19890410,25,M035,1,,Luiz Mattar,R,183,BRA,25.626,49,0,H029,,,Thomas Hogstedt,R,190,SWE,25.533,148,0,6-4 6-4,3,QF,,,,,,,,,,,,,,,,,,,
1989-215,Rio De Janeiro,Carpet,32,A,19890410,26,M092,5,,Cassio Motta,R,180,BRA,29.112,75,0,B035,4,,Eduardo Bengoechea,R,185,ARG,29.755,72,0,5-7 6-4 6-4,3,QF,,,,,,,,,,,,,,,,,,,
1989-215,Rio De Janeiro,Carpet,32,A,19890410,27,J004,3,,Martin Jaite,R,178,ARG,24.482,64,0,R028,,,Guillermo Rivas,R,183,ARG,25.147,168,0,6-1 6-3,3,QF,,,,,,,,,,,,,,,,,,,
1989-215,Rio De Janeiro,Carpet,32,A,19890410,28,W029,7,,Todd Witsken,R,183,USA,25.413,91,0,D008,2,,Horacio De La Pena,L,180,ARG,22.672,57,0,7-6 6-1,3,QF,,,,,,,,,,,,,,,,,,,
1989-215,Rio De Janeiro,Carpet,32,A,19890410,29,M035,1,,Luiz Mattar,R,183,BRA,25.626,49,0,M092,5,,Cassio Motta,R,180,BRA,29.112,75,0,6-4 6-3,3,SF,,,,,,,,,,,,,,,,,,,
1989-215,Rio De Janeiro,Carpet,32,A,19890410,30,J004,3,,Martin Jaite,R,178,ARG,24.482,64,0,W029,7,,Todd Witsken,R,183,USA,25.413,91,0,4-6 6-4 6-4,3,SF,,,,,,,,,,,,,,,,,,,
1989-215,Rio De Janeiro,Carpet,32,A,19890410,31,M035,1,,Luiz Mattar,R,183,BRA,25.626,49,0,J004,3,,Martin Jaite,R,178,ARG,24.482,64,0,6-4 5-7 6-4,3,F,,,,,,,,,,,,,,,,,,,
1989-367,Athens,Clay,32,A,19890410,1,C019,1,,Kent Carlsson,R,180,SWE,21.248,7,0,S367,,Q,Martin Sinner,R,180,GER,21.153,432,0,6-2 6-0,3,R32,,,,,,,,,,,,,,,,,,,
1989-367,Athens,Clay,32,A,19890410,2,G197,,,Gustavo Giussani,R,180,ARG,21.076,169,0,O027,,,Eduardo Osta,L,160,ESP,29.58,204,0,6-3 2-6 6-3,3,R32,,,,,,,,,,,,,,,,,,,
1989-367,Athens,Clay,32,A,19890410,3,C028,,,Thierry Champion,R,183,FRA,22.59,125,0,D009,,Q,Alessandro De Minicis,R,175,ITA,25.665,383,0,6-1 6-1,3,R32,,,,,,,,,,,,,,,,,,,
1989-367,Athens,Clay,32,A,19890410,4,O026,7,,Ricki Osterthun,R,185,GER,24.92,174,0,B350,,WC,Sergi Bruguera,R,188,ESP,18.212,120,0,6-3 6-2,3,R32,,,,,,,,,,,,,,,,,,,
1989-367,Athens,Clay,32,A,19890410,5,C036,,,Josef Cihak,R,185,CZE,26.042,180,0,L043,4,,Fernando Luna,R,175,ESP,30.943,62,0,7-6 3-6 6-3,3,R32,,,,,,,,,,,,,,,,,,,
1989-367,Athens,Clay,32,A,19890410,6,L091,,,Stefan Lochbihler,R,180,AUT,23.504,182,0,M042,,Q,Edoardo Mazza,R,175,ITA,25.051,379,0,7-5 6-2,3,R32,,,,,,,,,,,,,,,,,,,
1989-367,Athens,Clay,32,A,19890410,7,M057,,,Tore Meinecke,R,180,GER,21.703,122,0,T025,,,Alberto Tous,R,175,ESP,26.667,153,0,6-2 6-1,3,R32,,,,,,,,,,,,,,,,,,,
1989-367,Athens,Clay,32,A,19890410,8,S328,6,,Martin Strelba,R,190,CZE,22.034,94,0,S058,,,Tomas Smid,R,190,CZE,32.871,138,0,2-6 7-5 6-1,3,R32,,,,,,,,,,,,,,,,,,,
1989-367,Athens,Clay,32,A,19890410,9,C259,,Q,George Cosac,R,190,ROU,21.185,651,0,V098,5,,Andres Vysand,R,180,GER,23.066,82,0,6-2 6-2,3,R32,,,,,,,,,,,,,,,,,,,
1989-367,Athens,Clay,32,A,19890410,10,D006,,,Franco Davin,L,173,ARG,19.225,210,0,A007,,,Juan Aguilera,R,183,ESP,27.034,197,0,6-4 6-3,3,R32,,,,,,,,,,,,,,,,,,,
1989-367,Athens,Clay,32,A,19890410,11,C035,,,Massimo Cierro,R,173,ITA,24.906,187,0,R110,,,Markus Rackl,L,180,GER,20.085,175,0,6-4 6-2,3,R32,,,,,,,,,,,,,,,,,,,
1989-367,Athens,Clay,32,A,19890410,12,D044,3,,Lawson Duncan,R,185,USA,24.435,60,0,C041,,,Jesus Colas,R,170,ESP,27.392,196,0,6-3 1-6 6-3,3,R32,,,,,,,,,,,,,,,,,,,
1989-367,Athens,Clay,32,A,19890410,13,C013,8,,Francesco Cancellotti,R,183,ITA,26.097,121,0,M069,,,Christian Miniussi,R,185,ARG,21.747,191,0,7-5 7-6,3,R32,,,,,,,,,,,,,,,,,,,
1989-367,Athens,Clay,32,A,19890410,14,A040,,,Roberto Azar,L,185,ARG,23.036,173,0,B330,,LL,Peter Ballauff,R,188,GER,25.511,292,0,2-6 6-3 6-2,3,R32,,,,,,,,,,,,,,,,,,,
1989-367,Athens,Clay,32,A,19890410,15,C009,,,Omar Camporese,R,188,ITA,20.903,133,0,P008,,,Claudio Panatta,R,178,ITA,29.166,146,0,6-4 6-4,3,R32,,,,,,,,,,,,,,,,,,,
1989-367,Athens,Clay,32,A,19890410,16,A006,2,,Ronald Agenor,R,180,USA,24.386,26,0,K001,,WC,George Kalovelonis,R,190,GRE,29.613,474,0,6-1 6-4,3,R32,,,,,,,,,,,,,,,,,,,
1989-367,Athens,Clay,32,A,19890410,17,C019,1,,Kent Carlsson,R,180,SWE,21.248,7,0,G197,,,Gustavo Giussani,R,180,ARG,21.076,169,0,6-4 7-6,3,R16,,,,,,,,,,,,,,,,,,,
1989-367,Athens,Clay,32,A,19890410,18,C028,,,Thierry Champion,R,183,FRA,22.59,125,0,O026,7,,Ricki Osterthun,R,185,GER,24.92,174,0,6-3 6-3,3,R16,,,,,,,,,,,,,,,,,,,
1989-367,Athens,Clay,32,A,19890410,19,C036,,,Josef Cihak,R,185,CZE,26.042,180,0,L091,,,Stefan Lochbihler,R,180,AUT,23.504,182,0,6-3 6-3,3,R16,,,,,,,,,,,,,,,,,,,
1989-367,Athens,Clay,32,A,19890410,20,S328,6,,Martin Strelba,R,190,CZE,22.034,94,0,M057,,,Tore Meinecke,R,180,GER,21.703,122,0,4-6 7-6 6-4,3,R16,,,,,,,,,,,,,,,,,,,
1989-367,Athens,Clay,32,A,19890410,21,D006,,,Franco Davin,L,173,ARG,19.225,210,0,C259,,Q,George Cosac,R,190,ROU,21.185,651,0,6-2 6-0,3,R16,,,,,,,,,,,,,,,,,,,
1989-367,Athens,Clay,32,A,19890410,22,D044,3,,Lawson Duncan,R,185,USA,24.435,60,0,C035,,,Massimo Cierro,R,173,ITA,24.906,187,0,7-5 6-1,3,R16,,,,,,,,,,,,,,,,,,,
1989-367,Athens,Clay,32,A,19890410,23,C013,8,,Francesco Cancellotti,R,183,ITA,26.097,121,0,A040,,,Roberto Azar,L,185,ARG,23.036,173,0,7-5 6-4,3,R16,,,,,,,,,,,,,,,,,,,
1989-367,Athens,Clay,32,A,19890410,24,A006,2,,Ronald Agenor,R,180,USA,24.386,26,0,C009,,,Omar Camporese,R,188,ITA,20.903,133,0,7-5 6-3,3,R16,,,,,,,,,,,,,,,,,,,
1989-367,Athens,Clay,32,A,19890410,25,C019,1,,Kent Carlsson,R,180,SWE,21.248,7,0,C028,,,Thierry Champion,R,183,FRA,22.59,125,0,6-1 2-6 6-4,3,QF,,,,,,,,,,,,,,,,,,,
1989-367,Athens,Clay,32,A,19890410,26,C036,,,Josef Cihak,R,185,CZE,26.042,180,0,S328,6,,Martin Strelba,R,190,CZE,22.034,94,0,6-4 7-6,3,QF,,,,,,,,,,,,,,,,,,,
1989-367,Athens,Clay,32,A,19890410,27,D006,,,Franco Davin,L,173,ARG,19.225,210,0,D044,3,,Lawson Duncan,R,185,USA,24.435,60,0,6-0 6-1,3,QF,,,,,,,,,,,,,,,,,,,
1989-367,Athens,Clay,32,A,19890410,28,A006,2,,Ronald Agenor,R,180,USA,24.386,26,0,C013,8,,Francesco Cancellotti,R,183,ITA,26.097,121,0,6-3 6-0,3,QF,,,,,,,,,,,,,,,,,,,
1989-367,Athens,Clay,32,A,19890410,29,C019,1,,Kent Carlsson,R,180,SWE,21.248,7,0,C036,,,Josef Cihak,R,185,CZE,26.042,180,0,6-2 5-7 6-4,3,SF,,,,,,,,,,,,,,,,,,,
1989-367,Athens,Clay,32,A,19890410,30,A006,2,,Ronald Agenor,R,180,USA,24.386,26,0,D006,,,Franco Davin,L,173,ARG,19.225,210,0,4-6 6-3 7-5,3,SF,,,,,,,,,,,,,,,,,,,
1989-367,Athens,Clay,32,A,19890410,31,A006,2,,Ronald Agenor,R,180,USA,24.386,26,0,C019,1,,Kent Carlsson,R,180,SWE,21.248,7,0,6-3 6-4,3,F,,,,,,,,,,,,,,,,,,,
1989-434,Seoul,Hard,32,A,19890410,1,F028,1,,John Fitzgerald,R,183,AUS,28.263,36,0,G026,,,Jason Goodall,R,178,GBR,22.193,240,0,7-6 6-0,3,R32,,,,,,,,,,,,,,,,,,,
1989-434,Seoul,Hard,32,A,19890410,2,Y010,,WC,Jin-Sun Yoo,R,185,KOR,26.727,330,0,D049,,,Broderick Dyke,L,183,AUS,28.255,164,0,2-6 6-1 7-6,3,R32,,,,,,,,,,,,,,,,,,,
1989-434,Seoul,Hard,32,A,19890410,3,F031,,,Jean-Philippe Fleurian,R,185,FRA,23.559,115,0,S347,,,Tobias Svantesson,R,193,SWE,26.007,116,0,6-4 3-6 6-2,3,R32,,,,,,,,,,,,,,,,,,,
1989-434,Seoul,Hard,32,A,19890410,4,A025,,,Matt Anger,R,188,USA,25.788,128,0,S288,8,,Christian Saceanu,R,190,GER,20.736,107,0,7-6 7-6,3,R32,,,,,,,,,,,,,,,,,,,
1989-434,Seoul,Hard,32,A,19890410,5,N099,,,Tomas Nydahl,R,185,SWE,21.035,181,0,D004,3,,Scott Davis,R,188,USA,26.601,97,0,6-4 6-4,3,R32,,,,,,,,,,,,,,,,,,,
1989-434,Seoul,Hard,32,A,19890410,6,V008,,Q,Robert Van't Hof,R,193,USA,29.982,272,0,C246,,,Andrew Castle,R,190,GBR,25.383,171,0,6-3 4-6 7-6,3,R32,,,,,,,,,,,,,,,,,,,
1989-434,Seoul,Hard,32,A,19890410,7,K068,,WC,Bong-Soo Kim,R,180,KOR,26.341,325,0,W122,,,Paul Wekesa,R,188,KEN,21.755,178,0,7-6 7-5,3,R32,,,,,,,,,,,,,,,,,,,
1989-434,Seoul,Hard,32,A,19890410,8,S045,,,Leif Shiras,R,183,USA,29.618,124,0,L010,5,,Glenn Layendecker,L,185,USA,27.901,102,0,7-6 3-6 6-1,3,R32,,,,,,,,,,,,,,,,,,,
1989-434,Seoul,Hard,32,A,19890410,9,D040,6,,Brad Drewett,L,185,AUS,30.708,103,0,S211,,Q,Larry Scott,R,188,USA,24.364,538,0,7-5 6-4,3,R32,,,,,,,,,,,,,,,,,,,
1989-434,Seoul,Hard,32,A,19890410,10,G055,,,Steve Guy,R,188,NZL,30.053,179,0,C018,,,Johan Carlsson,R,183,SWE,23.176,119,0,6-3 6-2,3,R32,,,,,,,,,,,,,,,,,,,
1989-434,Seoul,Hard,32,A,19890410,11,A022,,,Vijay Amritraj,R,193,IND,35.302,194,0,P045,,,Gianluca Pozzi,L,180,ITA,23.795,160,0,6-3 6-3,3,R32,,,,,,,,,,,,,,,,,,,
1989-434,Seoul,Hard,32,A,19890410,12,P218,,,Nicolas Pereira,R,188,VEN,18.511,131,0,R006,4,,Olli Rahnasto,R,183,FIN,23.264,98,0,6-3 6-4,3,R32,,,,,,,,,,,,,,,,,,,
1989-434,Seoul,Hard,32,A,19890410,13,C029,7,,Paul Chamberlin,R,178,USA,27.023,105,0,D098,,,Yahiya Doumbia,R,185,SEN,25.607,155,0,7-5 6-2,3,R32,,,,,,,,,,,,,,,,,,,
1989-434,Seoul,Hard,32,A,19890410,14,K021,,,Mark Kratzmann,L,178,AUS,22.88,137,0,M386,,Q,Young Min Kwon,R,,KOR,,392,0,6-1 6-2,3,R32,,,,,,,,,,,,,,,,,,,
1989-434,Seoul,Hard,32,A,19890410,15,C011,,,Jonathan Canter,R,185,USA,23.83,132,0,B021,,Q,Jeremy Bates,R,180,GBR,26.79,161,0,6-2 6-2,3,R32,,,,,,,,,,,,,,,,,,,
1989-434,Seoul,Hard,32,A,19890410,16,E025,2,,Kelly Evernden,R,175,NZL,27.532,77,0,R100,,WC,Gap-Taik Ro,R,173,KOR,25.079,304,0,6-3 6-4,3,R32,,,,,,,,,,,,,,,,,,,
1989-434,Seoul,Hard,32,A,19890410,17,F028,1,,John Fitzgerald,R,183,AUS,28.263,36,0,Y010,,WC,Jin-Sun Yoo,R,185,KOR,26.727,330,0,7-6 7-5,3,R16,,,,,,,,,,,,,,,,,,,
1989-434,Seoul,Hard,32,A,19890410,18,F031,,,Jean-Philippe Fleurian,R,185,FRA,23.559,115,0,A025,,,Matt Anger,R,188,USA,25.788,128,0,6-3 7-5,3,R16,,,,,,,,,,,,,,,,,,,
1989-434,Seoul,Hard,32,A,19890410,19,V008,,Q,Robert Van't Hof,R,193,USA,29.982,272,0,N099,,,Tomas Nydahl,R,185,SWE,21.035,181,0,5-7 7-6 7-6,3,R16,,,,,,,,,,,,,,,,,,,
1989-434,Seoul,Hard,32,A,19890410,20,K068,,WC,Bong-Soo Kim,R,180,KOR,26.341,325,0,S045,,,Leif Shiras,R,183,USA,29.618,124,0,6-4 6-7 6-1,3,R16,,,,,,,,,,,,,,,,,,,
1989-434,Seoul,Hard,32,A,19890410,21,D040,6,,Brad Drewett,L,185,AUS,30.708,103,0,G055,,,Steve Guy,R,188,NZL,30.053,179,0,6-4 6-4,3,R16,,,,,,,,,,,,,,,,,,,
1989-434,Seoul,Hard,32,A,19890410,22,A022,,,Vijay Amritraj,R,193,IND,35.302,194,0,P218,,,Nicolas Pereira,R,188,VEN,18.511,131,0,6-3 6-2,3,R16,,,,,,,,,,,,,,,,,,,
1989-434,Seoul,Hard,32,A,19890410,23,C029,7,,Paul Chamberlin,R,178,USA,27.023,105,0,K021,,,Mark Kratzmann,L,178,AUS,22.88,137,0,6-1 7-5,3,R16,,,,,,,,,,,,,,,,,,,
1989-434,Seoul,Hard,32,A,19890410,24,E025,2,,Kelly Evernden,R,175,NZL,27.532,77,0,C011,,,Jonathan Canter,R,185,USA,23.83,132,0,6-3 6-2,3,R16,,,,,,,,,,,,,,,,,,,
1989-434,Seoul,Hard,32,A,19890410,25,F028,1,,John Fitzgerald,R,183,AUS,28.263,36,0,F031,,,Jean-Philippe Fleurian,R,185,FRA,23.559,115,0,6-2 3-6 6-3,3,QF,,,,,,,,,,,,,,,,,,,
1989-434,Seoul,Hard,32,A,19890410,26,V008,,Q,Robert Van't Hof,R,193,USA,29.982,272,0,K068,,WC,Bong-Soo Kim,R,180,KOR,26.341,325,0,6-3 6-4,3,QF,,,,,,,,,,,,,,,,,,,
1989-434,Seoul,Hard,32,A,19890410,27,D040,6,,Brad Drewett,L,185,AUS,30.708,103,0,A022,,,Vijay Amritraj,R,193,IND,35.302,194,0,6-7 7-5 7-6,3,QF,,,,,,,,,,,,,,,,,,,
1989-434,Seoul,Hard,32,A,19890410,28,E025,2,,Kelly Evernden,R,175,NZL,27.532,77,0,C029,7,,Paul Chamberlin,R,178,USA,27.023,105,0,4-6 7-6 7-5,3,QF,,,,,,,,,,,,,,,,,,,
1989-434,Seoul,Hard,32,A,19890410,29,V008,,Q,Robert Van't Hof,R,193,USA,29.982,272,0,F028,1,,John Fitzgerald,R,183,AUS,28.263,36,0,6-2 6-2,3,SF,,,,,,,,,,,,,,,,,,,
1989-434,Seoul,Hard,32,A,19890410,30,D040,6,,Brad Drewett,L,185,AUS,30.708,103,0,E025,2,,Kelly Evernden,R,175,NZL,27.532,77,0,6-7 7-6 6-3,3,SF,,,,,,,,,,,,,,,,,,,
1989-434,Seoul,Hard,32,A,19890410,31,V008,,Q,Robert Van't Hof,R,193,USA,29.982,272,0,D040,6,,Brad Drewett,L,185,AUS,30.708,103,0,7-5 6-4,3,F,,,,,,,,,,,,,,,,,,,
1989-6120,Nice,Clay,32,A,19890417,1,P037,,,Claudio Pistolesi,R,180,ITA,21.645,128,0,C019,1,,Kent Carlsson,R,180,SWE,21.287,6,0,6-0 3-6 6-2,3,R32,,,,,,,,,,,,,,,,,,,
1989-6120,Nice,Clay,32,A,19890417,2,P021,,Q,Diego Perez,R,178,URU,27.184,156,0,N109,,,Diego Nargiso,L,188,ITA,19.091,101,0,6-3 6-2,3,R32,,,,,,,,,,,,,,,,,,,
1989-6120,Nice,Clay,32,A,19890417,3,C013,,,Francesco Cancellotti,R,183,ITA,26.136,106,0,R023,,,Udo Riglewski,R,185,GER,22.721,127,0,3-6 6-4 6-2,3,R32,,,,,,,,,,,,,,,,,,,
1989-6120,Nice,Clay,32,A,19890417,4,S055,7,,Horst Skoff,R,175,AUT,20.652,31,0,K016,,Q,Mark Koevermans,R,185,NED,21.202,86,0,6-4 6-4,3,R32,,,,,,,,,,,,,,,,,,,
1989-6120,Nice,Clay,32,A,19890417,5,A006,4,,Ronald Agenor,R,180,USA,24.424,25,0,M057,,,Tore Meinecke,R,180,GER,21.741,130,0,7-5 6-3,3,R32,,,,,,,,,,,,,,,,,,,
1989-6120,Nice,Clay,32,A,19890417,6,P043,,WC,Jerome Potier,L,180,FRA,26.749,254,0,N018,,,Tom Nijssen,R,175,NED,24.542,87,0,6-3 3-6 7-5,3,R32,,,,,,,,,,,,,,,,,,,
1989-6120,Nice,Clay,32,A,19890417,7,N025,,,Karel Novacek,R,190,CZE,24.049,85,0,S058,,,Tomas Smid,R,190,CZE,32.909,152,0,6-1 6-4,3,R32,,,,,,,,,,,,,,,,,,,
1989-6120,Nice,Clay,32,A,19890417,8,M372,5,,Alberto Mancini,R,180,ARG,19.91,32,0,G053,,,Jan Gunnarsson,R,185,SWE,26.883,60,0,6-4 6-3,3,R32,,,,,,,,,,,,,,,,,,,
1989-6120,Nice,Clay,32,A,19890417,9,C031,6,,Andrei Chesnokov,R,188,RUS,23.203,30,0,F040,,,John Frawley,R,173,AUS,23.786,82,0,6-0 6-2,3,R32,,,,,,,,,,,,,,,,,,,
1989-6120,Nice,Clay,32,A,19890417,10,D044,,,Lawson Duncan,R,185,USA,24.474,63,0,T032,,,Thierry Tulasne,R,178,FRA,25.766,78,0,6-2 6-1,3,R32,,,,,,,,,,,,,,,,,,,
1989-6120,Nice,Clay,32,A,19890417,11,B001,,Q,Mansour Bahrami,R,178,IRI,32.975,369,0,B053,,WC,Arnaud Boetsch,R,183,FRA,20.044,250,0,6-2 6-4,3,R32,,,,,,,,,,,,,,,,,,,
1989-6120,Nice,Clay,32,A,19890417,12,P190,3,,Guillermo Perez-Roldan,R,178,ARG,19.491,16,0,M031,,,Eduardo Masso,L,178,BEL,25.265,135,0,6-0 6-0,3,R32,,,,,,,,,,,,,,,,,,,
1989-6120,Nice,Clay,32,A,19890417,13,A034,8,,Jordi Arrese,R,175,ESP,24.632,40,0,V028,,WC,Guillermo Vilas,L,180,ARG,36.665,146,0,6-0 6-2,3,R32,,,,,,,,,,,,,,,,,,,
1989-6120,Nice,Clay,32,A,19890417,14,L043,,,Fernando Luna,R,175,ESP,30.982,80,0,D006,,,Franco Davin,L,173,ARG,19.264,175,0,6-2 7-6,3,R32,,,,,,,,,,,,,,,,,,,
1989-6120,Nice,Clay,32,A,19890417,15,I034,,,Goran Ivanisevic,L,193,CRO,17.593,88,0,S328,,,Martin Strelba,R,190,CZE,22.073,91,0,6-1 6-1,3,R32,,,,,,,,,,,,,,,,,,,
1989-6120,Nice,Clay,32,A,19890417,16,L014,2,,Henri Leconte,L,185,FRA,25.788,14,0,P226,,Q,Cedric Pioline,R,188,FRA,19.838,465,0,7-5 4-6 6-3,3,R32,,,,,,,,,,,,,,,,,,,
1989-6120,Nice,Clay,32,A,19890417,17,P037,,,Claudio Pistolesi,R,180,ITA,21.645,128,0,P021,,Q,Diego Perez,R,178,URU,27.184,156,0,6-2 6-3,3,R16,,,,,,,,,,,,,,,,,,,
1989-6120,Nice,Clay,32,A,19890417,18,C013,,,Francesco Cancellotti,R,183,ITA,26.136,106,0,S055,7,,Horst Skoff,R,175,AUT,20.652,31,0,5-7 6-4 6-4,3,R16,,,,,,,,,,,,,,,,,,,
1989-6120,Nice,Clay,32,A,19890417,19,P043,,WC,Jerome Potier,L,180,FRA,26.749,254,0,A006,4,,Ronald Agenor,R,180,USA,24.424,25,0,4-6 6-3 7-6,3,R16,,,,,,,,,,,,,,,,,,,
1989-6120,Nice,Clay,32,A,19890417,20,M372,5,,Alberto Mancini,R,180,ARG,19.91,32,0,N025,,,Karel Novacek,R,190,CZE,24.049,85,0,7-6 6-7 6-4,3,R16,,,,,,,,,,,,,,,,,,,
1989-6120,Nice,Clay,32,A,19890417,21,C031,6,,Andrei Chesnokov,R,188,RUS,23.203,30,0,D044,,,Lawson Duncan,R,185,USA,24.474,63,0,6-1 6-1,3,R16,,,,,,,,,,,,,,,,,,,
1989-6120,Nice,Clay,32,A,19890417,22,P190,3,,Guillermo Perez-Roldan,R,178,ARG,19.491,16,0,B001,,Q,Mansour Bahrami,R,178,IRI,32.975,369,0,7-5 6-1,3,R16,,,,,,,,,,,,,,,,,,,
1989-6120,Nice,Clay,32,A,19890417,23,L043,,,Fernando Luna,R,175,ESP,30.982,80,0,A034,8,,Jordi Arrese,R,175,ESP,24.632,40,0,7-6 1-6 7-5,3,R16,,,,,,,,,,,,,,,,,,,
1989-6120,Nice,Clay,32,A,19890417,24,I034,,,Goran Ivanisevic,L,193,CRO,17.593,88,0,L014,2,,Henri Leconte,L,185,FRA,25.788,14,0,6-4 4-6 6-3,3,R16,,,,,,,,,,,,,,,,,,,
1989-6120,Nice,Clay,32,A,19890417,25,C013,,,Francesco Cancellotti,R,183,ITA,26.136,106,0,P037,,,Claudio Pistolesi,R,180,ITA,21.645,128,0,4-6 6-3 6-2,3,QF,,,,,,,,,,,,,,,,,,,
1989-6120,Nice,Clay,32,A,19890417,26,P043,,WC,Jerome Potier,L,180,FRA,26.749,254,0,M372,5,,Alberto Mancini,R,180,ARG,19.91,32,0,2-6 6-4 6-2,3,QF,,,,,,,,,,,,,,,,,,,
1989-6120,Nice,Clay,32,A,19890417,27,C031,6,,Andrei Chesnokov,R,188,RUS,23.203,30,0,P190,3,,Guillermo Perez-Roldan,R,178,ARG,19.491,16,0,7-6 6-4,3,QF,,,,,,,,,,,,,,,,,,,
1989-6120,Nice,Clay,32,A,19890417,28,I034,,,Goran Ivanisevic,L,193,CRO,17.593,88,0,L043,,,Fernando Luna,R,175,ESP,30.982,80,0,7-6 6-3,3,QF,,,,,,,,,,,,,,,,,,,
1989-6120,Nice,Clay,32,A,19890417,29,P043,,WC,Jerome Potier,L,180,FRA,26.749,254,0,C013,,,Francesco Cancellotti,R,183,ITA,26.136,106,0,7-5 6-4,3,SF,,,,,,,,,,,,,,,,,,,
1989-6120,Nice,Clay,32,A,19890417,30,C031,6,,Andrei Chesnokov,R,188,RUS,23.203,30,0,I034,,,Goran Ivanisevic,L,193,CRO,17.593,88,0,6-4 6-7 7-6,3,SF,,,,,,,,,,,,,,,,,,,
1989-6120,Nice,Clay,32,A,19890417,31,C031,6,,Andrei Chesnokov,R,188,RUS,23.203,30,0,P043,,WC,Jerome Potier,L,180,FRA,26.749,254,0,6-4 6-4,3,F,,,,,,,,,,,,,,,,,,,
1989-329,Tokyo Outdoor,Hard,56,A,19890417,1,C029,,,Paul Chamberlin,R,178,USA,27.061,96,0,V008,,,Robert Van't Hof,R,193,USA,30.021,181,0,6-7 7-6 7-5,3,R64,,,,,,,,,,,,,,,,,,,
1989-329,Tokyo Outdoor,Hard,56,A,19890417,2,S017,,Q,Bill Scanlon,R,185,USA,32.424,236,0,P012,,,David Pate,R,183,USA,27.003,103,0,6-7 6-2 6-3,3,R64,,,,,,,,,,,,,,,,,,,
1989-329,Tokyo Outdoor,Hard,56,A,19890417,3,C023,16,,Pat Cash,R,183,AUS,23.89,55,0,C046,,,Grant Connell,L,185,CAN,23.414,131,0,4-6 7-6 7-5,3,R64,,,,,,,,,,,,,,,,,,,
1989-329,Tokyo Outdoor,Hard,56,A,19890417,4,P052,,,Jim Pugh,R,193,USA,25.196,70,0,G022,10,,Dan Goldie,R,188,USA,25.539,27,0,3-6 6-2 6-1,3,R64,,,,,,,,,,,,,,,,,,,
1989-329,Tokyo Outdoor,Hard,56,A,19890417,5,V129,,Q,Greg Van Emburgh,R,188,USA,22.938,432,0,D005,,,Marty Davis,R,183,USA,30.42,84,0,6-3 3-6 6-4,3,R64,,,,,,,,,,,,,,,,,,,
1989-329,Tokyo Outdoor,Hard,56,A,19890417,6,P218,,,Nicolas Pereira,R,188,VEN,18.549,114,0,F164,,,Richard Fromberg,R,196,AUS,18.971,121,0,7-6 7-6,3,R64,,,,,,,,,,,,,,,,,,,
1989-329,Tokyo Outdoor,Hard,56,A,19890417,7,L010,,,Glenn Layendecker,L,185,USA,27.94,99,0,R029,,,Joey Rive,L,185,USA,25.777,171,0,6-2 6-4,3,R64,,,,,,,,,,,,,,,,,,,
1989-329,Tokyo Outdoor,Hard,56,A,19890417,8,S331,,,Jason Stoltenberg,R,185,AUS,19.036,95,0,G055,,Q,Steve Guy,R,188,NZL,30.092,209,0,6-4 3-6 7-6,3,R64,,,,,,,,,,,,,,,,,,,
1989-329,Tokyo Outdoor,Hard,56,A,19890417,9,F028,13,,John Fitzgerald,R,183,AUS,28.301,37,0,N099,,Q,Tomas Nydahl,R,185,SWE,21.073,172,0,6-4 6-3,3,R64,,,,,,,,,,,,,,,,,,,
1989-329,Tokyo Outdoor,Hard,56,A,19890417,10,D049,,,Broderick Dyke,L,183,AUS,28.293,165,0,B281,12,,Jay Berger,R,180,USA,22.39,35,0,6-4 7-6,3,R64,,,,,,,,,,,,,,,,,,,
1989-329,Tokyo Outdoor,Hard,56,A,19890417,11,E025,,,Kelly Evernden,R,175,NZL,27.57,71,0,S046,,WC,Shozo Shiraishi,R,,JPN,31.22,462,0,6-1 6-4,3,R64,,,,,,,,,,,,,,,,,,,
1989-329,Tokyo Outdoor,Hard,56,A,19890417,12,M032,,,Richard Matuszewski,R,188,USA,24.608,64,0,S347,,,Tobias Svantesson,R,193,SWE,26.045,124,0,6-4 6-3,3,R64,,,,,,,,,,,,,,,,,,,
1989-329,Tokyo Outdoor,Hard,56,A,19890417,13,T111,,WC,Toshihisa Tsuchihashi,R,,JPN,22.497,570,0,S340,,,Roger Smith,R,185,BAH,25.24,117,0,6-2 7-6,3,R64,,,,,,,,,,,,,,,,,,,
1989-329,Tokyo Outdoor,Hard,56,A,19890417,14,G039,,Q,Jim Grabb,R,193,USA,25.008,105,0,F048,,WC,Tsuyoshi Fukui,R,170,JPN,31.819,461,0,7-5 4-6 6-0,3,R64,,,,,,,,,,,,,,,,,,,
1989-329,Tokyo Outdoor,Hard,56,A,19890417,15,J006,11,,Anders Jarryd,R,180,SWE,27.762,29,0,O007,,WC,Shigeru Ota,R,,JPN,22.272,730,0,6-2 6-1,3,R64,,,,,,,,,,,,,,,,,,,
1989-329,Tokyo Outdoor,Hard,56,A,19890417,16,M030,14,,Wally Masur,R,180,AUS,25.93,43,0,C246,,Q,Andrew Castle,R,190,GBR,25.421,174,0,6-3 7-6,3,R64,,,,,,,,,,,,,,,,,,,
1989-329,Tokyo Outdoor,Hard,56,A,19890417,17,K024,,,Ramesh Krishnan,R,170,IND,27.866,62,0,F031,,,Jean-Philippe Fleurian,R,185,FRA,23.598,102,0,6-1 6-4,3,R64,,,,,,,,,,,,,,,,,,,
1989-329,Tokyo Outdoor,Hard,56,A,19890417,18,D040,,,Brad Drewett,L,185,AUS,30.746,119,0,A025,,,Matt Anger,R,188,USA,25.826,134,0,7-5 3-6 7-6,3,R64,,,,,,,,,,,,,,,,,,,
1989-329,Tokyo Outdoor,Hard,56,A,19890417,19,D004,,,Scott Davis,R,188,USA,26.639,104,0,N003,,WC,Haruo Nakano,R,,JPN,,861,0,6-4 6-1,3,R64,,,,,,,,,,,,,,,,,,,
1989-329,Tokyo Outdoor,Hard,56,A,19890417,20,S288,,,Christian Saceanu,R,190,GER,20.775,107,0,R006,,,Olli Rahnasto,R,183,FIN,23.302,100,0,7-6 3-6 7-5,3,R64,,,,,,,,,,,,,,,,,,,
1989-329,Tokyo Outdoor,Hard,56,A,19890417,21,M012,9,,Amos Mansdorf,R,175,ISR,23.491,26,0,C018,,,Johan Carlsson,R,183,SWE,23.214,120,0,6-2 3-6 6-3,3,R64,,,,,,,,,,,,,,,,,,,
1989-329,Tokyo Outdoor,Hard,56,A,19890417,22,S034,15,,Robert Seguso,R,190,USA,25.963,48,0,F029,,Q,Ken Flach,R,185,USA,25.9,265,0,3-6 7-6 6-4,3,R64,,,,,,,,,,,,,,,,,,,
1989-329,Tokyo Outdoor,Hard,56,A,19890417,23,S072,,,Milan Srejber,R,203,CZE,25.298,59,0,M064,,,Glenn Michibata,R,175,CAN,26.845,83,0,7-5 6-2,3,R64,,,,,,,,,,,,,,,,,,,
1989-329,Tokyo Outdoor,Hard,56,A,19890417,24,A165,,,Zeeshan Ali,R,180,IND,19.291,148,0,S045,,,Leif Shiras,R,183,USA,29.656,140,0,7-6 6-3,3,R64,,,,,,,,,,,,,,,,,,,
1989-329,Tokyo Outdoor,Hard,56,A,19890417,25,L018,1,,Ivan Lendl,R,188,USA,29.112,1,0,C029,,,Paul Chamberlin,R,178,USA,27.061,96,0,7-6 6-3,3,R32,,,,,,,,,,,,,,,,,,,
1989-329,Tokyo Outdoor,Hard,56,A,19890417,26,S017,,Q,Bill Scanlon,R,185,USA,32.424,236,0,C023,16,,Pat Cash,R,183,AUS,23.89,55,0,2-4 0-30 RET,3,R32,,,,,,,,,,,,,,,,,,,
1989-329,Tokyo Outdoor,Hard,56,A,19890417,27,V129,,Q,Greg Van Emburgh,R,188,USA,22.938,432,0,P052,,,Jim Pugh,R,193,USA,25.196,70,0,6-4 7-6,3,R32,,,,,,,,,,,,,,,,,,,
1989-329,Tokyo Outdoor,Hard,56,A,19890417,28,P218,,,Nicolas Pereira,R,188,VEN,18.549,114,0,G023,7,,Andres Gomez,L,193,ECU,29.136,21,0,6-4 6-1,3,R32,,,,,,,,,,,,,,,,,,,
1989-329,Tokyo Outdoor,Hard,56,A,19890417,29,L010,,,Glenn Layendecker,L,185,USA,27.94,99,0,N022,4,,Yannick Noah,R,193,FRA,28.914,13,0,6-4 7-5,3,R32,,,,,,,,,,,,,,,,,,,
1989-329,Tokyo Outdoor,Hard,56,A,19890417,30,S331,,,Jason Stoltenberg,R,185,AUS,19.036,95,0,F028,13,,John Fitzgerald,R,183,AUS,28.301,37,0,5-7 6-2 7-5,3,R32,,,,,,,,,,,,,,,,,,,
1989-329,Tokyo Outdoor,Hard,56,A,19890417,31,E025,,,Kelly Evernden,R,175,NZL,27.57,71,0,D049,,,Broderick Dyke,L,183,AUS,28.293,165,0,4-6 6-4 7-6,3,R32,,,,,,,,,,,,,,,,,,,
1989-329,Tokyo Outdoor,Hard,56,A,19890417,32,M032,,,Richard Matuszewski,R,188,USA,24.608,64,0,C057,10,,Kevin Curren,R,185,USA,31.127,17,0,7-6 1-6 7-6,3,R32,,,,,,,,,,,,,,,,,,,
1989-329,Tokyo Outdoor,Hard,56,A,19890417,33,G016,5,,Brad Gilbert,R,185,USA,27.688,19,0,T111,,WC,Toshihisa Tsuchihashi,R,,JPN,22.497,570,0,6-1 6-3,3,R32,,,,,,,,,,,,,,,,,,,
1989-329,Tokyo Outdoor,Hard,56,A,19890417,34,J006,11,,Anders Jarryd,R,180,SWE,27.762,29,0,G039,,Q,Jim Grabb,R,193,USA,25.008,105,0,6-4 2-6 6-3,3,R32,,,,,,,,,,,,,,,,,,,
1989-329,Tokyo Outdoor,Hard,56,A,19890417,35,M030,14,,Wally Masur,R,180,AUS,25.93,43,0,K024,,,Ramesh Krishnan,R,170,IND,27.866,62,0,6-2 4-6 6-3,3,R32,,,,,,,,,,,,,,,,,,,
1989-329,Tokyo Outdoor,Hard,56,A,19890417,36,M047,3,,John McEnroe,L,180,USA,30.166,9,0,D040,,,Brad Drewett,L,185,AUS,30.746,119,0,6-2 6-2,3,R32,,,,,,,,,,,,,,,,,,,
1989-329,Tokyo Outdoor,Hard,56,A,19890417,37,D004,,,Scott Davis,R,188,USA,26.639,104,0,P024,8,,Mikael Pernfors,R,173,SWE,25.755,22,0,6-3 6-2,3,R32,,,,,,,,,,,,,,,,,,,
1989-329,Tokyo Outdoor,Hard,56,A,19890417,38,M012,9,,Amos Mansdorf,R,175,ISR,23.491,26,0,S288,,,Christian Saceanu,R,190,GER,20.775,107,0,6-4 6-4,3,R32,,,,,,,,,,,,,,,,,,,
1989-329,Tokyo Outdoor,Hard,56,A,19890417,39,S072,,,Milan Srejber,R,203,CZE,25.298,59,0,S034,15,,Robert Seguso,R,190,USA,25.963,48,0,6-3 6-3,3,R32,,,,,,,,,,,,,,,,,,,
1989-329,Tokyo Outdoor,Hard,56,A,19890417,40,E004,2,,Stefan Edberg,R,188,SWE,23.242,5,0,A165,,,Zeeshan Ali,R,180,IND,19.291,148,0,6-2 6-2,3,R32,,,,,,,,,,,,,,,,,,,
1989-329,Tokyo Outdoor,Hard,56,A,19890417,41,L018,1,,Ivan Lendl,R,188,USA,29.112,1,0,S017,,Q,Bill Scanlon,R,185,USA,32.424,236,0,6-2 6-4,3,R16,,,,,,,,,,,,,,,,,,,
1989-329,Tokyo Outdoor,Hard,56,A,19890417,42,P218,,,Nicolas Pereira,R,188,VEN,18.549,114,0,V129,,Q,Greg Van Emburgh,R,188,USA,22.938,432,0,5-7 6-3 6-1,3,R16,,,,,,,,,,,,,,,,,,,
1989-329,Tokyo Outdoor,Hard,56,A,19890417,43,S331,,,Jason Stoltenberg,R,185,AUS,19.036,95,0,L010,,,Glenn Layendecker,L,185,USA,27.94,99,0,6-4 3-6 6-4,3,R16,,,,,,,,,,,,,,,,,,,
1989-329,Tokyo Outdoor,Hard,56,A,19890417,44,M032,,,Richard Matuszewski,R,188,USA,24.608,64,0,E025,,,Kelly Evernden,R,175,NZL,27.57,71,0,6-4 6-7 6-2,3,R16,,,,,,,,,,,,,,,,,,,
1989-329,Tokyo Outdoor,Hard,56,A,19890417,45,G016,5,,Brad Gilbert,R,185,USA,27.688,19,0,J006,11,,Anders Jarryd,R,180,SWE,27.762,29,0,6-0 6-2,3,R16,,,,,,,,,,,,,,,,,,,
1989-329,Tokyo Outdoor,Hard,56,A,19890417,46,M047,3,,John McEnroe,L,180,USA,30.166,9,0,M030,14,,Wally Masur,R,180,AUS,25.93,43,0,6-2 6-0,3,R16,,,,,,,,,,,,,,,,,,,
1989-329,Tokyo Outdoor,Hard,56,A,19890417,47,D004,,,Scott Davis,R,188,USA,26.639,104,0,M012,9,,Amos Mansdorf,R,175,ISR,23.491,26,0,6-7 7-6 6-3,3,R16,,,,,,,,,,,,,,,,,,,
1989-329,Tokyo Outdoor,Hard,56,A,19890417,48,E004,2,,Stefan Edberg,R,188,SWE,23.242,5,0,S072,,,Milan Srejber,R,203,CZE,25.298,59,0,6-4 6-4,3,R16,,,,,,,,,,,,,,,,,,,
1989-329,Tokyo Outdoor,Hard,56,A,19890417,49,L018,1,,Ivan Lendl,R,188,USA,29.112,1,0,P218,,,Nicolas Pereira,R,188,VEN,18.549,114,0,6-2 6-2,3,QF,,,,,,,,,,,,,,,,,,,
1989-329,Tokyo Outdoor,Hard,56,A,19890417,50,M032,,,Richard Matuszewski,R,188,USA,24.608,64,0,S331,,,Jason Stoltenberg,R,185,AUS,19.036,95,0,4-6 6-4 7-6,3,QF,,,,,,,,,,,,,,,,,,,
1989-329,Tokyo Outdoor,Hard,56,A,19890417,51,M047,3,,John McEnroe,L,180,USA,30.166,9,0,G016,5,,Brad Gilbert,R,185,USA,27.688,19,0,2-6 6-4 6-1,3,QF,,,,,,,,,,,,,,,,,,,
1989-329,Tokyo Outdoor,Hard,56,A,19890417,52,E004,2,,Stefan Edberg,R,188,SWE,23.242,5,0,D004,,,Scott Davis,R,188,USA,26.639,104,0,6-4 6-2,3,QF,,,,,,,,,,,,,,,,,,,
1989-329,Tokyo Outdoor,Hard,56,A,19890417,53,L018,1,,Ivan Lendl,R,188,USA,29.112,1,0,M032,,,Richard Matuszewski,R,188,USA,24.608,64,0,6-2 6-2,3,SF,,,,,,,,,,,,,,,,,,,
1989-329,Tokyo Outdoor,Hard,56,A,19890417,54,E004,2,,Stefan Edberg,R,188,SWE,23.242,5,0,M047,3,,John McEnroe,L,180,USA,30.166,9,0,6-4 6-3,3,SF,,,,,,,,,,,,,,,,,,,
1989-329,Tokyo Outdoor,Hard,56,A,19890417,55,E004,2,,Stefan Edberg,R,188,SWE,23.242,5,0,L018,1,,Ivan Lendl,R,188,USA,29.112,1,0,6-3 2-6 6-4,3,F,,,,,,,,,,,,,,,,,,,
1989-410,Monte Carlo,Clay,48,A,19890424,1,N109,,WC,Diego Nargiso,L,188,ITA,19.11,116,0,L043,,,Fernando Luna,R,175,ESP,31.001,77,0,6-4 7-6,3,R64,,,,,,,,,,,,,,,,,,,
1989-410,Monte Carlo,Clay,48,A,19890424,2,F165,,,Marcelo Filippini,R,178,URU,21.722,46,0,J008,,,Eric Jelen,R,180,GER,24.12,48,0,6-3 6-2,3,R64,,,,,,,,,,,,,,,,,,,
1989-410,Monte Carlo,Clay,48,A,19890424,3,O026,,Q,Ricki Osterthun,R,185,GER,24.977,171,0,A035,,Q,Pablo Arraya,R,180,PER,27.507,186,0,6-2 2-6 7-6,3,R64,,,,,,,,,,,,,,,,,,,
1989-410,Monte Carlo,Clay,48,A,19890424,4,F035,,,Guy Forget,L,190,FRA,24.301,39,0,L009,,,Leonardo Lavalle,L,188,MEX,21.78,56,0,6-0 6-1,3,R64,,,,,,,,,,,,,,,,,,,
1989-410,Monte Carlo,Clay,48,A,19890424,5,L030,,Q,Carl Limberger,R,170,AUS,25.248,193,0,I034,,,Goran Ivanisevic,L,193,CRO,17.613,69,0,7-5 6-4,3,R64,,,,,,,,,,,,,,,,,,,
1989-410,Monte Carlo,Clay,48,A,19890424,6,C013,,,Francesco Cancellotti,R,183,ITA,26.155,93,0,S424,,Q,Fabrice Santoro,R,178,FRA,16.372,484,0,6-4 6-1,3,R64,,,,,,,,,,,,,,,,,,,
1989-410,Monte Carlo,Clay,48,A,19890424,7,S080,,WC,Carl-Uwe Steeb,L,180,GER,21.645,57,0,N025,,,Karel Novacek,R,190,CZE,24.068,83,0,6-2 6-1,3,R64,,,,,,,,,,,,,,,,,,,
1989-410,Monte Carlo,Clay,48,A,19890424,8,C012,,,Paolo Cane,R,180,ITA,24.041,68,0,S015,,,Javier Sanchez,R,178,ESP,21.227,61,0,2-6 7-6 6-0,3,R64,,,,,,,,,,,,,,,,,,,
1989-410,Monte Carlo,Clay,48,A,19890424,9,K030,,,Patrik Kuhnen,R,190,GER,23.198,55,0,D008,,,Horacio De La Pena,L,180,ARG,22.73,58,0,3-6 6-4 7-6,3,R64,,,,,,,,,,,,,,,,,,,
1989-410,Monte Carlo,Clay,48,A,19890424,10,G053,,,Jan Gunnarsson,R,185,SWE,26.902,62,0,B040,,,Christian Bergstrom,R,180,SWE,21.766,51,0,7-5 6-1,3,R64,,,,,,,,,,,,,,,,,,,
1989-410,Monte Carlo,Clay,48,A,19890424,11,S328,,Q,Martin Strelba,R,190,CZE,22.092,90,0,D015,,,Olivier Delaitre,R,170,FRA,21.897,75,0,6-4 6-0,3,R64,,,,,,,,,,,,,,,,,,,
1989-410,Monte Carlo,Clay,48,A,19890424,12,J004,,,Martin Jaite,R,178,ARG,24.539,79,0,A031,,,Jimmy Arias,R,175,USA,24.687,67,0,6-7 6-3 7-5,3,R64,,,,,,,,,,,,,,,,,,,
1989-410,Monte Carlo,Clay,48,A,19890424,13,G182,,,Magnus Gustafsson,R,185,SWE,22.305,44,0,C028,,WC,Thierry Champion,R,183,FRA,22.648,110,0,2-6 6-2 7-6,3,R64,,,,,,,,,,,,,,,,,,,
1989-410,Monte Carlo,Clay,48,A,19890424,14,T032,,,Thierry Tulasne,R,178,FRA,25.785,156,0,V002,,,Marian Vajda,R,173,SVK,24.085,72,0,6-3 6-1,3,R64,,,,,,,,,,,,,,,,,,,
1989-410,Monte Carlo,Clay,48,A,19890424,15,F040,,,John Frawley,R,173,AUS,23.806,87,0,J084,,Q,Lars Jonsson,R,188,SWE,18.825,363,0,6-0 6-3,3,R64,,,,,,,,,,,,,,,,,,,
1989-410,Monte Carlo,Clay,48,A,19890424,16,D044,,,Lawson Duncan,R,185,USA,24.493,64,0,S097,,WC,Henrik Sundstrom,R,188,SWE,25.15,675,0,6-4 7-6,3,R64,,,,,,,,,,,,,,,,,,,
1989-410,Monte Carlo,Clay,48,A,19890424,17,W023,1,,Mats Wilander,R,183,SWE,24.670773,2,0,N109,,WC,Diego Nargiso,L,188,ITA,19.11,116,0,7-6 6-1,3,R32,,,,,,,,,,,,,,,,,,,
1989-410,Monte Carlo,Clay,48,A,19890424,18,F165,,,Marcelo Filippini,R,178,URU,21.722,46,0,W035,15,,Mark Woodforde,L,188,AUS,23.584,35,0,7-5 6-1,3,R32,,,,,,,,,,,,,,,,,,,
1989-410,Monte Carlo,Clay,48,A,19890424,19,A006,10,,Ronald Agenor,R,180,USA,24.444,24,0,O026,,Q,Ricki Osterthun,R,185,GER,24.977,171,0,6-2 2-6 6-2,3,R32,,,,,,,,,,,,,,,,,,,
1989-410,Monte Carlo,Clay,48,A,19890424,20,F035,,,Guy Forget,L,190,FRA,24.301,39,0,S014,7,,Emilio Sanchez,R,180,ESP,23.904,13,0,6-7 6-4 6-1,3,R32,,,,,,,,,,,,,,,,,,,
1989-410,Monte Carlo,Clay,48,A,19890424,21,L030,,Q,Carl Limberger,R,170,AUS,25.248,193,0,N030,,LL,Joakim Nystrom,R,188,SWE,26.174,97,0,6-1 6-1,3,R32,,,,,,,,,,,,,,,,,,,
1989-410,Monte Carlo,Clay,48,A,19890424,22,M372,14,,Alberto Mancini,R,180,ARG,19.929,31,0,C013,,,Francesco Cancellotti,R,183,ITA,26.155,93,0,6-4 6-4,3,R32,,,,,,,,,,,,,,,,,,,
1989-410,Monte Carlo,Clay,48,A,19890424,23,S080,,WC,Carl-Uwe Steeb,L,180,GER,21.645,57,0,C031,12,,Andrei Chesnokov,R,188,RUS,23.222,28,0,6-4 6-4,3,R32,,,,,,,,,,,,,,,,,,,
1989-410,Monte Carlo,Clay,48,A,19890424,24,C012,,,Paolo Cane,R,180,ITA,24.041,68,0,C044,5,,Jimmy Connors,L,178,USA,36.641,10,0,7-6 6-1,3,R32,,,,,,,,,,,,,,,,,,,
1989-410,Monte Carlo,Clay,48,A,19890424,25,K030,,,Patrik Kuhnen,R,190,GER,23.198,55,0,L014,6,,Henri Leconte,L,185,FRA,25.807,14,0,6-3 3-2 RET,3,R32,,,,,,,,,,,,,,,,,,,
1989-410,Monte Carlo,Clay,48,A,19890424,26,G053,,,Jan Gunnarsson,R,185,SWE,26.902,62,0,Z006,11,,Slobodan Zivojinovic,R,198,YUG,25.755,27,0,6-4 6-2,3,R32,,,,,,,,,,,,,,,,,,,
1989-410,Monte Carlo,Clay,48,A,19890424,27,S055,13,,Horst Skoff,R,175,AUT,20.671,36,0,S328,,Q,Martin Strelba,R,190,CZE,22.092,90,0,4-6 6-4 6-1,3,R32,,,,,,,,,,,,,,,,,,,
1989-410,Monte Carlo,Clay,48,A,19890424,28,J004,,,Martin Jaite,R,178,ARG,24.539,79,0,H025,4,,Jakob Hlasek,R,188,SUI,24.446,8,0,6-4 6-1,3,R32,,,,,,,,,,,,,,,,,,,
1989-410,Monte Carlo,Clay,48,A,19890424,29,P190,8,,Guillermo Perez-Roldan,R,178,ARG,19.51,15,0,G182,,,Magnus Gustafsson,R,185,SWE,22.305,44,0,6-4 6-2,3,R32,,,,,,,,,,,,,,,,,,,
1989-410,Monte Carlo,Clay,48,A,19890424,30,S101,9,,Jonas Svensson,R,188,SWE,22.508,20,0,T032,,,Thierry Tulasne,R,178,FRA,25.785,156,0,6-7 6-3 7-5,3,R32,,,,,,,,,,,,,,,,,,,
1989-410,Monte Carlo,Clay,48,A,19890424,31,A034,16,,Jordi Arrese,R,175,ESP,24.652,47,0,F040,,,John Frawley,R,173,AUS,23.806,87,0,6-1 6-0,3,R32,,,,,,,,,,,,,,,,,,,
1989-410,Monte Carlo,Clay,48,A,19890424,32,B028,2,,Boris Becker,R,190,GER,21.421,3,0,D044,,,Lawson Duncan,R,185,USA,24.493,64,0,6-4 6-1,3,R32,,,,,,,,,,,,,,,,,,,
1989-410,Monte Carlo,Clay,48,A,19890424,33,W023,1,,Mats Wilander,R,183,SWE,24.670773,2,0,F165,,,Marcelo Filippini,R,178,URU,21.722,46,0,6-4 6-4,3,R16,,,,,,,,,,,,,,,,,,,
1989-410,Monte Carlo,Clay,48,A,19890424,34,A006,10,,Ronald Agenor,R,180,USA,24.444,24,0,F035,,,Guy Forget,L,190,FRA,24.301,39,0,6-2 7-5,3,R16,,,,,,,,,,,,,,,,,,,
1989-410,Monte Carlo,Clay,48,A,19890424,35,M372,14,,Alberto Mancini,R,180,ARG,19.929,31,0,L030,,Q,Carl Limberger,R,170,AUS,25.248,193,0,6-1 6-3,3,R16,,,,,,,,,,,,,,,,,,,
1989-410,Monte Carlo,Clay,48,A,19890424,36,S080,,WC,Carl-Uwe Steeb,L,180,GER,21.645,57,0,C012,,,Paolo Cane,R,180,ITA,24.041,68,0,6-4 6-1,3,R16,,,,,,,,,,,,,,,,,,,
1989-410,Monte Carlo,Clay,48,A,19890424,37,G053,,,Jan Gunnarsson,R,185,SWE,26.902,62,0,K030,,,Patrik Kuhnen,R,190,GER,23.198,55,0,7-5 6-2,3,R16,,,,,,,,,,,,,,,,,,,
1989-410,Monte Carlo,Clay,48,A,19890424,38,S055,13,,Horst Skoff,R,175,AUT,20.671,36,0,J004,,,Martin Jaite,R,178,ARG,24.539,79,0,7-5 7-6,3,R16,,,,,,,,,,,,,,,,,,,
1989-410,Monte Carlo,Clay,48,A,19890424,39,P190,8,,Guillermo Perez-Roldan,R,178,ARG,19.51,15,0,S101,9,,Jonas Svensson,R,188,SWE,22.508,20,0,6-4 6-4,3,R16,,,,,,,,,,,,,,,,,,,
1989-410,Monte Carlo,Clay,48,A,19890424,40,B028,2,,Boris Becker,R,190,GER,21.421,3,0,A034,16,,Jordi Arrese,R,175,ESP,24.652,47,0,6-1 6-3,3,R16,,,,,,,,,,,,,,,,,,,
1989-410,Monte Carlo,Clay,48,A,19890424,41,W023,1,,Mats Wilander,R,183,SWE,24.670773,2,0,A006,10,,Ronald Agenor,R,180,USA,24.444,24,0,6-3 7-6,3,QF,,,,,,,,,,,,,,,,,,,
1989-410,Monte Carlo,Clay,48,A,19890424,42,M372,14,,Alberto Mancini,R,180,ARG,19.929,31,0,S080,,WC,Carl-Uwe Steeb,L,180,GER,21.645,57,0,6-3 6-3,3,QF,,,,,,,,,,,,,,,,,,,
1989-410,Monte Carlo,Clay,48,A,19890424,43,S055,13,,Horst Skoff,R,175,AUT,20.671,36,0,G053,,,Jan Gunnarsson,R,185,SWE,26.902,62,0,6-4 6-4,3,QF,,,,,,,,,,,,,,,,,,,
1989-410,Monte Carlo,Clay,48,A,19890424,44,B028,2,,Boris Becker,R,190,GER,21.421,3,0,P190,8,,Guillermo Perez-Roldan,R,178,ARG,19.51,15,0,6-3 6-3,3,QF,,,,,,,,,,,,,,,,,,,
1989-410,Monte Carlo,Clay,48,A,19890424,45,M372,14,,Alberto Mancini,R,180,ARG,19.929,31,0,W023,1,,Mats Wilander,R,183,SWE,24.670773,2,0,6-0 6-3,3,SF,,,,,,,,,,,,,,,,,,,
1989-410,Monte Carlo,Clay,48,A,19890424,46,B028,2,,Boris Becker,R,190,GER,21.421,3,0,S055,13,,Horst Skoff,R,175,AUT,20.671,36,0,6-3 6-3,3,SF,,,,,,,,,,,,,,,,,,,
1989-410,Monte Carlo,Clay,48,A,19890424,47,M372,14,,Alberto Mancini,R,180,ARG,19.929,31,0,B028,2,,Boris Becker,R,190,GER,21.421,3,0,7-5 2-6 7-6 7-5,5,F,,,,,,,,,,,,,,,,,,,
1989-456,Singapore,Hard,32,A,19890424,1,C057,1,,Kevin Curren,R,185,USA,31.146,19,0,M064,,,Glenn Michibata,R,175,CAN,26.864,88,0,6-1 6-1,3,R32,,,,,,,,,,,,,,,,,,,
1989-456,Singapore,Hard,32,A,19890424,2,C018,,,Johan Carlsson,R,183,SWE,23.233,128,0,M386,,Q,Young Min Kwon,R,,KOR,,436,0,4-6 6-3 6-4,3,R32,,,,,,,,,,,,,,,,,,,
1989-456,Singapore,Hard,32,A,19890424,3,N099,,,Tomas Nydahl,R,185,SWE,21.092,182,0,S331,,,Jason Stoltenberg,R,185,AUS,19.055,78,0,3-6 7-5 6-4,3,R32,,,,,,,,,,,,,,,,,,,
1989-456,Singapore,Hard,32,A,19890424,4,P052,7,,Jim Pugh,R,193,USA,25.216,70,0,C046,,,Grant Connell,L,185,CAN,23.433,146,0,7-6 6-3,3,R32,,,,,,,,,,,,,,,,,,,
1989-456,Singapore,Hard,32,A,19890424,5,F164,,,Richard Fromberg,R,196,AUS,18.99,129,0,F028,3,,John Fitzgerald,R,183,AUS,28.32,37,0,7-6 6-1,3,R32,,,,,,,,,,,,,,,,,,,
1989-456,Singapore,Hard,32,A,19890424,6,G039,,,Jim Grabb,R,193,USA,25.027,107,0,R029,,,Joey Rive,L,185,USA,25.796,189,0,6-3 6-3,3,R32,,,,,,,,,,,,,,,,,,,
1989-456,Singapore,Hard,32,A,19890424,7,J018,,Q,Kelly Jones,R,185,USA,25.065,397,0,A025,,,Matt Anger,R,188,USA,25.845,141,0,6-4 4-6 6-2,3,R32,,,,,,,,,,,,,,,,,,,
1989-456,Singapore,Hard,32,A,19890424,8,L013,,WC,Rick Leach,L,188,USA,24.32,267,0,M032,6,,Richard Matuszewski,R,188,USA,24.627,49,0,6-2 6-2,3,R32,,,,,,,,,,,,,,,,,,,
1989-456,Singapore,Hard,32,A,19890424,9,R006,,,Olli Rahnasto,R,183,FIN,23.321,114,0,S072,5,,Milan Srejber,R,203,CZE,25.317,60,0,6-4 2-6 6-3,3,R32,,,,,,,,,,,,,,,,,,,
1989-456,Singapore,Hard,32,A,19890424,10,C029,,,Paul Chamberlin,R,178,USA,27.08,91,0,A022,,,Vijay Amritraj,R,193,IND,35.359,163,0,6-0 7-6,3,R32,,,,,,,,,,,,,,,,,,,
1989-456,Singapore,Hard,32,A,19890424,11,P045,,,Gianluca Pozzi,L,180,ITA,23.852,154,0,W122,,,Paul Wekesa,R,188,KEN,21.812,229,0,6-3 6-7 6-2,3,R32,,,,,,,,,,,,,,,,,,,
1989-456,Singapore,Hard,32,A,19890424,12,M030,4,,Wally Masur,R,180,AUS,25.949,42,0,L010,,,Glenn Layendecker,L,185,USA,27.959,86,0,7-6 6-1,3,R32,,,,,,,,,,,,,,,,,,,
1989-456,Singapore,Hard,32,A,19890424,13,E025,8,,Kelly Evernden,R,175,NZL,27.589,71,0,A165,,,Zeeshan Ali,R,180,IND,19.31,142,0,7-6 6-4,3,R32,,,,,,,,,,,,,,,,,,,
1989-456,Singapore,Hard,32,A,19890424,14,S288,,,Christian Saceanu,R,190,GER,20.794,106,0,S211,,Q,Larry Scott,R,188,USA,24.422,558,0,6-2 6-4,3,R32,,,,,,,,,,,,,,,,,,,
1989-456,Singapore,Hard,32,A,19890424,15,S347,,,Tobias Svantesson,R,193,SWE,26.064,143,0,P012,,,David Pate,R,183,USA,27.023,115,0,7-6 6-2,3,R32,,,,,,,,,,,,,,,,,,,
1989-456,Singapore,Hard,32,A,19890424,16,M012,2,,Amos Mansdorf,R,175,ISR,23.51,26,0,C034,,Q,Morten Christensen,R,190,DEN,23.858,483,0,6-3 4-6 6-2,3,R32,,,,,,,,,,,,,,,,,,,
1989-456,Singapore,Hard,32,A,19890424,17,C057,1,,Kevin Curren,R,185,USA,31.146,19,0,C018,,,Johan Carlsson,R,183,SWE,23.233,128,0,6-3 6-3,3,R16,,,,,,,,,,,,,,,,,,,
1989-456,Singapore,Hard,32,A,19890424,18,P052,7,,Jim Pugh,R,193,USA,25.216,70,0,N099,,,Tomas Nydahl,R,185,SWE,21.092,182,0,6-0 7-6,3,R16,,,,,,,,,,,,,,,,,,,
1989-456,Singapore,Hard,32,A,19890424,19,G039,,,Jim Grabb,R,193,USA,25.027,107,0,F164,,,Richard Fromberg,R,196,AUS,18.99,129,0,6-7 6-3 7-6,3,R16,,,,,,,,,,,,,,,,,,,
1989-456,Singapore,Hard,32,A,19890424,20,J018,,Q,Kelly Jones,R,185,USA,25.065,397,0,L013,,WC,Rick Leach,L,188,USA,24.32,267,0,6-3 6-2,3,R16,,,,,,,,,,,,,,,,,,,
1989-456,Singapore,Hard,32,A,19890424,21,C029,,,Paul Chamberlin,R,178,USA,27.08,91,0,R006,,,Olli Rahnasto,R,183,FIN,23.321,114,0,6-3 2-6 6-3,3,R16,,,,,,,,,,,,,,,,,,,
1989-456,Singapore,Hard,32,A,19890424,22,M030,4,,Wally Masur,R,180,AUS,25.949,42,0,P045,,,Gianluca Pozzi,L,180,ITA,23.852,154,0,6-4 6-2,3,R16,,,,,,,,,,,,,,,,,,,
1989-456,Singapore,Hard,32,A,19890424,23,E025,8,,Kelly Evernden,R,175,NZL,27.589,71,0,S288,,,Christian Saceanu,R,190,GER,20.794,106,0,6-4 6-2,3,R16,,,,,,,,,,,,,,,,,,,
1989-456,Singapore,Hard,32,A,19890424,24,M012,2,,Amos Mansdorf,R,175,ISR,23.51,26,0,S347,,,Tobias Svantesson,R,193,SWE,26.064,143,0,6-1 6-2,3,R16,,,,,,,,,,,,,,,,,,,
1989-456,Singapore,Hard,32,A,19890424,25,C057,1,,Kevin Curren,R,185,USA,31.146,19,0,P052,7,,Jim Pugh,R,193,USA,25.216,70,0,6-4 6-2,3,QF,,,,,,,,,,,,,,,,,,,
1989-456,Singapore,Hard,32,A,19890424,26,J018,,Q,Kelly Jones,R,185,USA,25.065,397,0,G039,,,Jim Grabb,R,193,USA,25.027,107,0,6-4 2-6 7-5,3,QF,,,,,,,,,,,,,,,,,,,
1989-456,Singapore,Hard,32,A,19890424,27,M030,4,,Wally Masur,R,180,AUS,25.949,42,0,C029,,,Paul Chamberlin,R,178,USA,27.08,91,0,6-3 6-4,3,QF,,,,,,,,,,,,,,,,,,,
1989-456,Singapore,Hard,32,A,19890424,28,M012,2,,Amos Mansdorf,R,175,ISR,23.51,26,0,E025,8,,Kelly Evernden,R,175,NZL,27.589,71,0,7-6 6-1,3,QF,,,,,,,,,,,,,,,,,,,
1989-456,Singapore,Hard,32,A,19890424,29,J018,,Q,Kelly Jones,R,185,USA,25.065,397,0,C057,1,,Kevin Curren,R,185,USA,31.146,19,0,W/O,3,SF,,,,,,,,,,,,,,,,,,,
1989-456,Singapore,Hard,32,A,19890424,30,M012,2,,Amos Mansdorf,R,175,ISR,23.51,26,0,M030,4,,Wally Masur,R,180,AUS,25.949,42,0,7-6 7-6,3,SF,,,,,,,,,,,,,,,,,,,
1989-456,Singapore,Hard,32,A,19890424,31,J018,,Q,Kelly Jones,R,185,USA,25.065,397,0,M012,2,,Amos Mansdorf,R,175,ISR,23.51,26,0,6-1 7-5,3,F,,,,,,,,,,,,,,,,,,,
1989-308,Munich,Clay,48,A,19890501,1,V098,,,Andres Vysand,R,180,GER,23.143,92,0,E113,,WC,Thomas Enqvist,R,190,SWE,15.135,,,6-1 6-2,3,R64,,,,,,,,,,,,,,,,,,,
1989-308,Munich,Clay,48,A,19890501,2,M057,,,Tore Meinecke,R,180,GER,21.78,208,0,B323,,,Jaroslav Bulant,R,175,CZE,25.027,153,0,7-6 6-3,3,R64,,,,,,,,,,,,,,,,,,,
1989-308,Munich,Clay,48,A,19890501,3,N025,,,Karel Novacek,R,190,CZE,24.088,88,0,L091,,,Stefan Lochbihler,R,180,AUT,23.581,165,0,6-0 6-1,3,R64,,,,,,,,,,,,,,,,,,,
1989-308,Munich,Clay,48,A,19890501,4,O026,,WC,Ricki Osterthun,R,185,GER,24.997,211,0,P050,,,Goran Prpic,R,180,CRO,24.991,80,0,1-6 6-2 6-2,3,R64,,,,,,,,,,,,,,,,,,,
1989-308,Munich,Clay,48,A,19890501,5,F040,,,John Frawley,R,173,AUS,23.825,82,0,R110,,,Markus Rackl,L,180,GER,20.162,224,0,6-4 6-3,3,R64,,,,,,,,,,,,,,,,,,,
1989-308,Munich,Clay,48,A,19890501,6,S328,,,Martin Strelba,R,190,CZE,22.111,90,0,I003,,,Marcelo Ingaramo,L,178,ARG,26.549,164,0,4-6 7-5 7-6,3,R64,,,,,,,,,,,,,,,,,,,
1989-308,Munich,Clay,48,A,19890501,7,G053,,,Jan Gunnarsson,R,185,SWE,26.921,54,0,K181,,,Nicklas Kulti,R,190,SWE,18.026,135,0,6-4 6-1,3,R64,,,,,,,,,,,,,,,,,,,
1989-308,Munich,Clay,48,A,19890501,8,A040,,,Roberto Azar,L,185,ARG,23.113,178,0,R032,,,Michael Robertson,R,185,USA,25.832,209,0,4-6 7-6 7-6,3,R64,,,,,,,,,,,,,,,,,,,
1989-308,Munich,Clay,48,A,19890501,9,S028,,WC,Hans Schwaier,R,173,GER,25.103,239,0,D006,,,Franco Davin,L,173,ARG,19.302,173,0,6-4 4-6 6-2,3,R64,,,,,,,,,,,,,,,,,,,
1989-308,Munich,Clay,48,A,19890501,10,O009,,,Andrei Olhovskiy,R,185,RUS,23.044,140,0,C024,,,Sergio Casal,R,185,ESP,26.645,97,0,2-6 6-4 6-4,3,R64,,,,,,,,,,,,,,,,,,,
1989-308,Munich,Clay,48,A,19890501,11,S351,,,Michael Stich,R,193,GER,20.534,125,0,S058,,,Tomas Smid,R,190,CZE,32.947,151,0,6-4 6-3,3,R64,,,,,,,,,,,,,,,,,,,
1989-308,Munich,Clay,48,A,19890501,12,C260,,,Andrei Cherkasov,R,180,RUS,18.825,49,0,B305,,Q,Karsten Braasch,L,180,GER,21.799,222,0,6-0 6-3,3,R64,,,,,,,,,,,,,,,,,,,
1989-308,Munich,Clay,48,A,19890501,13,L030,,,Carl Limberger,R,170,AUS,25.268,146,0,H232,,Q,Rudiger Haas,R,193,GER,19.376,703,0,2-0 RET,3,R64,,,,,,,,,,,,,,,,,,,
1989-308,Munich,Clay,48,A,19890501,14,V002,,,Marian Vajda,R,173,SVK,24.104,75,0,M069,,Q,Christian Miniussi,R,185,ARG,21.823,217,0,6-4 2-6 6-4,3,R64,,,,,,,,,,,,,,,,,,,
1989-308,Munich,Clay,48,A,19890501,15,D207,,Q,Dirk Dier,R,185,GER,17.205,1027,0,M036,,Q,Andreas Maurer,R,175,GER,31.149,374,0,6-1 3-6 6-4,3,R64,,,,,,,,,,,,,,,,,,,
1989-308,Munich,Clay,48,A,19890501,16,J004,,,Martin Jaite,R,178,ARG,24.559,66,0,A035,,Q,Pablo Arraya,R,180,PER,27.526,185,0,4-6 6-1 6-4,3,R64,,,,,,,,,,,,,,,,,,,
1989-308,Munich,Clay,48,A,19890501,17,E004,1,,Stefan Edberg,R,188,SWE,23.28,4,0,V098,,,Andres Vysand,R,180,GER,23.143,92,0,6-3 3-6 7-5,3,R32,,,,,,,,,,,,,,,,,,,
1989-308,Munich,Clay,48,A,19890501,18,S080,15,,Carl-Uwe Steeb,L,180,GER,21.665,47,0,M057,,,Tore Meinecke,R,180,GER,21.78,208,0,6-3 6-2,3,R32,,,,,,,,,,,,,,,,,,,
1989-308,Munich,Clay,48,A,19890501,19,N025,,,Karel Novacek,R,190,CZE,24.088,88,0,R043,10,,Derrick Rostagno,R,185,USA,23.515,43,0,6-2 6-3,3,R32,,,,,,,,,,,,,,,,,,,
1989-308,Munich,Clay,48,A,19890501,20,M372,7,,Alberto Mancini,R,180,ARG,19.948,25,0,O026,,WC,Ricki Osterthun,R,185,GER,24.997,211,0,6-1 6-3,3,R32,,,,,,,,,,,,,,,,,,,
1989-308,Munich,Clay,48,A,19890501,21,S014,3,,Emilio Sanchez,R,180,ESP,23.923,15,0,F040,,,John Frawley,R,173,AUS,23.825,82,0,6-1 6-3,3,R32,,,,,,,,,,,,,,,,,,,
1989-308,Munich,Clay,48,A,19890501,22,S328,,,Martin Strelba,R,190,CZE,22.111,90,0,K030,13,,Patrik Kuhnen,R,190,GER,23.217,45,0,6-3 7-6,3,R32,,,,,,,,,,,,,,,,,,,
1989-308,Munich,Clay,48,A,19890501,23,G053,,,Jan Gunnarsson,R,185,SWE,26.921,54,0,B040,12,,Christian Bergstrom,R,180,SWE,21.785,57,0,6-3 6-4,3,R32,,,,,,,,,,,,,,,,,,,
1989-308,Munich,Clay,48,A,19890501,24,S101,5,,Jonas Svensson,R,188,SWE,22.527,19,0,A040,,,Roberto Azar,L,185,ARG,23.113,178,0,6-2 5-7 6-1,3,R32,,,,,,,,,,,,,,,,,,,
1989-308,Munich,Clay,48,A,19890501,25,C031,6,,Andrei Chesnokov,R,188,RUS,23.242,30,0,S028,,WC,Hans Schwaier,R,173,GER,25.103,239,0,6-4 6-2,3,R32,,,,,,,,,,,,,,,,,,,
1989-308,Munich,Clay,48,A,19890501,26,G182,11,,Magnus Gustafsson,R,185,SWE,22.324,46,0,O009,,,Andrei Olhovskiy,R,185,RUS,23.044,140,0,6-0 6-4,3,R32,,,,,,,,,,,,,,,,,,,
1989-308,Munich,Clay,48,A,19890501,27,L009,14,,Leonardo Lavalle,L,188,MEX,21.799,63,0,S351,,,Michael Stich,R,193,GER,20.534,125,0,3-6 6-2 7-6,3,R32,,,,,,,,,,,,,,,,,,,
1989-308,Munich,Clay,48,A,19890501,28,P190,4,,Guillermo Perez-Roldan,R,178,ARG,19.529,13,0,C260,,,Andrei Cherkasov,R,180,RUS,18.825,49,0,7-5 6-3,3,R32,,,,,,,,,,,,,,,,,,,
1989-308,Munich,Clay,48,A,19890501,29,L030,,,Carl Limberger,R,170,AUS,25.268,146,0,W035,8,,Mark Woodforde,L,188,AUS,23.603,35,0,6-4 6-4,3,R32,,,,,,,,,,,,,,,,,,,
1989-308,Munich,Clay,48,A,19890501,30,V037,9,,Alexander Volkov,L,188,RUS,22.163,39,0,V002,,,Marian Vajda,R,173,SVK,24.104,75,0,6-3 7-5,3,R32,,,,,,,,,,,,,,,,,,,
1989-308,Munich,Clay,48,A,19890501,31,S015,16,,Javier Sanchez,R,178,ESP,21.246,65,0,D207,,Q,Dirk Dier,R,185,GER,17.205,1027,0,6-3 6-1,3,R32,,,,,,,,,,,,,,,,,,,
1989-308,Munich,Clay,48,A,19890501,32,J004,,,Martin Jaite,R,178,ARG,24.559,66,0,C044,2,,Jimmy Connors,L,178,USA,36.66,11,0,6-4 6-1,3,R32,,,,,,,,,,,,,,,,,,,
1989-308,Munich,Clay,48,A,19890501,33,E004,1,,Stefan Edberg,R,188,SWE,23.28,4,0,S080,15,,Carl-Uwe Steeb,L,180,GER,21.665,47,0,6-2 6-4,3,R16,,,,,,,,,,,,,,,,,,,
1989-308,Munich,Clay,48,A,19890501,34,M372,7,,Alberto Mancini,R,180,ARG,19.948,25,0,N025,,,Karel Novacek,R,190,CZE,24.088,88,0,6-4 6-3,3,R16,,,,,,,,,,,,,,,,,,,
1989-308,Munich,Clay,48,A,19890501,35,S328,,,Martin Strelba,R,190,CZE,22.111,90,0,S014,3,,Emilio Sanchez,R,180,ESP,23.923,15,0,4-6 6-2 6-4,3,R16,,,,,,,,,,,,,,,,,,,
1989-308,Munich,Clay,48,A,19890501,36,S101,5,,Jonas Svensson,R,188,SWE,22.527,19,0,G053,,,Jan Gunnarsson,R,185,SWE,26.921,54,0,6-2 6-7 6-3,3,R16,,,,,,,,,,,,,,,,,,,
1989-308,Munich,Clay,48,A,19890501,37,C031,6,,Andrei Chesnokov,R,188,RUS,23.242,30,0,G182,11,,Magnus Gustafsson,R,185,SWE,22.324,46,0,7-6 6-1,3,R16,,,,,,,,,,,,,,,,,,,
1989-308,Munich,Clay,48,A,19890501,38,P190,4,,Guillermo Perez-Roldan,R,178,ARG,19.529,13,0,L009,14,,Leonardo Lavalle,L,188,MEX,21.799,63,0,6-3 6-7 7-5,3,R16,,,,,,,,,,,,,,,,,,,
1989-308,Munich,Clay,48,A,19890501,39,V037,9,,Alexander Volkov,L,188,RUS,22.163,39,0,L030,,,Carl Limberger,R,170,AUS,25.268,146,0,6-3 6-3,3,R16,,,,,,,,,,,,,,,,,,,
1989-308,Munich,Clay,48,A,19890501,40,S015,16,,Javier Sanchez,R,178,ESP,21.246,65,0,J004,,,Martin Jaite,R,178,ARG,24.559,66,0,7-5 6-3,3,R16,,,,,,,,,,,,,,,,,,,
1989-308,Munich,Clay,48,A,19890501,41,E004,1,,Stefan Edberg,R,188,SWE,23.28,4,0,M372,7,,Alberto Mancini,R,180,ARG,19.948,25,0,7-6 6-2,3,QF,,,,,,,,,,,,,,,,,,,
1989-308,Munich,Clay,48,A,19890501,42,S328,,,Martin Strelba,R,190,CZE,22.111,90,0,S101,5,,Jonas Svensson,R,188,SWE,22.527,19,0,6-4 6-2,3,QF,,,,,,,,,,,,,,,,,,,
1989-308,Munich,Clay,48,A,19890501,43,C031,6,,Andrei Chesnokov,R,188,RUS,23.242,30,0,P190,4,,Guillermo Perez-Roldan,R,178,ARG,19.529,13,0,3-6 6-4 6-3,3,QF,,,,,,,,,,,,,,,,,,,
1989-308,Munich,Clay,48,A,19890501,44,V037,9,,Alexander Volkov,L,188,RUS,22.163,39,0,S015,16,,Javier Sanchez,R,178,ESP,21.246,65,0,6-2 6-4,3,QF,,,,,,,,,,,,,,,,,,,
1989-308,Munich,Clay,48,A,19890501,45,S328,,,Martin Strelba,R,190,CZE,22.111,90,0,E004,1,,Stefan Edberg,R,188,SWE,23.28,4,0,6-3 6-3,3,SF,,,,,,,,,,,,,,,,,,,
1989-308,Munich,Clay,48,A,19890501,46,C031,6,,Andrei Chesnokov,R,188,RUS,23.242,30,0,V037,9,,Alexander Volkov,L,188,RUS,22.163,39,0,6-2 7-5,3,SF,,,,,,,,,,,,,,,,,,,
1989-308,Munich,Clay,48,A,19890501,47,C031,6,,Andrei Chesnokov,R,188,RUS,23.242,30,0,S328,,,Martin Strelba,R,190,CZE,22.111,90,0,5-7 7-6 6-2,3,F,,,,,,,,,,,,,,,,,,,
1989-415,Forest Hills,Clay,56,A,19890501,1,W038,,Q,Martin Wostenholme,R,183,CAN,26.554,236,0,W011,,Q,Robbie Weiss,R,183,USA,22.415,361,0,6-1 6-4,3,R64,,,,,,,,,,,,,,,,,,,
1989-415,Forest Hills,Clay,56,A,19890501,2,M092,,,Cassio Motta,R,180,BRA,29.188,78,0,W014,,,Michael Westphal,R,190,GER,24.194,186,0,6-0 7-6,3,R64,,,,,,,,,,,,,,,,,,,
1989-415,Forest Hills,Clay,56,A,19890501,3,A034,16,,Jordi Arrese,R,175,ESP,24.671,67,0,K148,,,Petr Korda,L,190,CZE,21.27,124,0,6-4 3-6 7-5,3,R64,,,,,,,,,,,,,,,,,,,
1989-415,Forest Hills,Clay,56,A,19890501,4,Z006,10,,Slobodan Zivojinovic,R,198,YUG,25.774,28,0,D044,,,Lawson Duncan,R,185,USA,24.512,74,0,6-4 3-6 7-5,3,R64,,,,,,,,,,,,,,,,,,,
1989-415,Forest Hills,Clay,56,A,19890501,5,M076,,,Barry Moir,R,180,RSA,25.916,131,0,T025,,,Alberto Tous,R,175,ESP,26.743,176,0,6-2 6-2,3,R64,,,,,,,,,,,,,,,,,,,
1989-415,Forest Hills,Clay,56,A,19890501,6,A028,,,Alex Antonitsch,R,188,AUT,23.225,160,0,A022,,,Vijay Amritraj,R,193,IND,35.379,161,0,6-1 6-1,3,R64,,,,,,,,,,,,,,,,,,,
1989-415,Forest Hills,Clay,56,A,19890501,7,L043,,,Fernando Luna,R,175,ESP,31.02,83,0,G013,,,Sammy Giammalva Jr.,R,178,USA,26.105,110,0,6-3 6-3,3,R64,,,,,,,,,,,,,,,,,,,
1989-415,Forest Hills,Clay,56,A,19890501,8,B074,,,Jimmy Brown,R,180,USA,24.008,101,0,H030,,Q,Greg Holmes,R,178,USA,25.673,291,0,6-1 6-1,3,R64,,,,,,,,,,,,,,,,,,,
1989-415,Forest Hills,Clay,56,A,19890501,9,C243,14,,Jim Courier,R,185,USA,18.705,55,0,A031,,,Jimmy Arias,R,175,USA,24.706,104,0,7-5 4-6 7-6,3,R64,,,,,,,,,,,,,,,,,,,
1989-415,Forest Hills,Clay,56,A,19890501,10,M035,11,,Luiz Mattar,R,183,BRA,25.703,29,0,M028,,,Danilo Marcelino,R,193,BRA,23.149,127,0,7-6 7-5,3,R64,,,,,,,,,,,,,,,,,,,
1989-415,Forest Hills,Clay,56,A,19890501,11,R028,,,Guillermo Rivas,R,183,ARG,25.224,157,0,C006,,Q,Craig Campbell,R,190,RSA,25.788,512,0,6-2 6-0,3,R64,,,,,,,,,,,,,,,,,,,
1989-415,Forest Hills,Clay,56,A,19890501,12,V028,,,Guillermo Vilas,L,180,ARG,36.704,206,0,M130,,Q,Agustin Moreno,R,180,MEX,22.086,335,0,7-5 7-6,3,R64,,,,,,,,,,,,,,,,,,,
1989-415,Forest Hills,Clay,56,A,19890501,13,Y017,,,Jaime Yzaga,R,170,PER,21.522,56,0,S402,,WC,Pete Sampras,R,185,USA,17.719,94,0,7-6 6-1,3,R64,,,,,,,,,,,,,,,,,,,
1989-415,Forest Hills,Clay,56,A,19890501,14,F041,,,Javier Frana,L,185,ARG,22.349,128,0,P218,,WC,Nicolas Pereira,R,188,VEN,18.587,84,0,6-2 6-2,3,R64,,,,,,,,,,,,,,,,,,,
1989-415,Forest Hills,Clay,56,A,19890501,15,B350,,,Sergi Bruguera,R,188,ESP,18.289,91,0,G022,12,,Dan Goldie,R,188,USA,25.577,34,0,6-3 6-1,3,R64,,,,,,,,,,,,,,,,,,,
1989-415,Forest Hills,Clay,56,A,19890501,16,R016,,WC,Richey Reneberg,R,180,USA,23.57,103,0,B281,13,,Jay Berger,R,180,USA,22.428,40,0,6-7 6-4 6-4,3,R64,,,,,,,,,,,,,,,,,,,
1989-415,Forest Hills,Clay,56,A,19890501,17,P021,,,Diego Perez,R,178,URU,27.222,172,0,K171,,Q,Mark Knowles,R,190,BAH,17.656,445,0,6-1 6-3,3,R64,,,,,,,,,,,,,,,,,,,
1989-415,Forest Hills,Clay,56,A,19890501,18,O018,,,Bruno Oresar,R,175,CRO,22.029,50,0,O027,,,Eduardo Osta,L,160,ESP,29.656,213,0,6-4 6-3,3,R64,,,,,,,,,,,,,,,,,,,
1989-415,Forest Hills,Clay,56,A,19890501,19,C036,,,Josef Cihak,R,185,CZE,26.119,133,0,R023,,,Udo Riglewski,R,185,GER,22.76,162,0,7-5 6-1,3,R64,,,,,,,,,,,,,,,,,,,
1989-415,Forest Hills,Clay,56,A,19890501,20,K008,,,Damir Keretic,R,178,GER,29.098,191,0,B293,,,Patrick Baur,R,188,GER,23.995,212,0,6-3 6-2,3,R64,,,,,,,,,,,,,,,,,,,
1989-415,Forest Hills,Clay,56,A,19890501,21,G023,9,,Andres Gomez,L,193,ECU,29.175,24,0,W019,,,Tim Wilkison,L,180,USA,29.437,114,0,6-3 6-0,3,R64,,,,,,,,,,,,,,,,,,,
1989-415,Forest Hills,Clay,56,A,19890501,22,F165,15,,Marcelo Filippini,R,178,URU,21.741,41,0,A002,,,Ricardo Acuna,R,175,CHI,31.296,215,0,7-5 6-4,3,R64,,,,,,,,,,,,,,,,,,,
1989-415,Forest Hills,Clay,56,A,19890501,23,P008,,,Claudio Panatta,R,178,ITA,29.243,158,0,G196,,Q,Chris Garner,R,180,USA,20.066,265,0,6-4 4-6 6-2,3,R64,,,,,,,,,,,,,,,,,,,
1989-415,Forest Hills,Clay,56,A,19890501,24,C013,,,Francesco Cancellotti,R,183,ITA,26.174,86,0,G197,,,Gustavo Giussani,R,180,ARG,21.153,188,0,6-4 6-1,3,R64,,,,,,,,,,,,,,,,,,,
1989-415,Forest Hills,Clay,56,A,19890501,25,L018,1,,Ivan Lendl,R,188,USA,29.15,1,0,W038,,Q,Martin Wostenholme,R,183,CAN,26.554,236,0,6-2 6-3,3,R32,,,,,,,,,,,,,,,,,,,
1989-415,Forest Hills,Clay,56,A,19890501,26,A034,16,,Jordi Arrese,R,175,ESP,24.671,67,0,M092,,,Cassio Motta,R,180,BRA,29.188,78,0,6-2 6-2,3,R32,,,,,,,,,,,,,,,,,,,
1989-415,Forest Hills,Clay,56,A,19890501,27,Z006,10,,Slobodan Zivojinovic,R,198,YUG,25.774,28,0,M076,,,Barry Moir,R,180,RSA,25.916,131,0,6-4 2-6 6-2,3,R32,,,,,,,,,,,,,,,,,,,
1989-415,Forest Hills,Clay,56,A,19890501,28,G016,7,,Brad Gilbert,R,185,USA,27.726,17,0,A028,,,Alex Antonitsch,R,188,AUT,23.225,160,0,7-5 6-4,3,R32,,,,,,,,,,,,,,,,,,,
1989-415,Forest Hills,Clay,56,A,19890501,29,A092,3,,Andre Agassi,R,180,USA,19.006,5,0,L043,,,Fernando Luna,R,175,ESP,31.02,83,0,6-4 4-6 6-0,3,R32,,,,,,,,,,,,,,,,,,,
1989-415,Forest Hills,Clay,56,A,19890501,30,C243,14,,Jim Courier,R,185,USA,18.705,55,0,B074,,,Jimmy Brown,R,180,USA,24.008,101,0,3-6 7-5 6-4,3,R32,,,,,,,,,,,,,,,,,,,
1989-415,Forest Hills,Clay,56,A,19890501,31,M035,11,,Luiz Mattar,R,183,BRA,25.703,29,0,R028,,,Guillermo Rivas,R,183,ARG,25.224,157,0,6-2 0-6 7-5,3,R32,,,,,,,,,,,,,,,,,,,
1989-415,Forest Hills,Clay,56,A,19890501,32,K023,6,,Aaron Krickstein,R,183,USA,21.747,14,0,V028,,,Guillermo Vilas,L,180,ARG,36.704,206,0,7-5 6-4,3,R32,,,,,,,,,,,,,,,,,,,
1989-415,Forest Hills,Clay,56,A,19890501,33,Y017,,,Jaime Yzaga,R,170,PER,21.522,56,0,N022,5,,Yannick Noah,R,193,FRA,28.953,16,0,6-2 2-2 RET,3,R32,,,,,,,,,,,,,,,,,,,
1989-415,Forest Hills,Clay,56,A,19890501,34,B350,,,Sergi Bruguera,R,188,ESP,18.289,91,0,F041,,,Javier Frana,L,185,ARG,22.349,128,0,6-1 1-0 RET,3,R32,,,,,,,,,,,,,,,,,,,
1989-415,Forest Hills,Clay,56,A,19890501,35,P021,,,Diego Perez,R,178,URU,27.222,172,0,R016,,WC,Richey Reneberg,R,180,USA,23.57,103,0,6-3 6-4,3,R32,,,,,,,,,,,,,,,,,,,
1989-415,Forest Hills,Clay,56,A,19890501,36,M041,4,,Tim Mayotte,R,190,USA,28.742,12,0,O018,,,Bruno Oresar,R,175,CRO,22.029,50,0,7-6 6-4,3,R32,,,,,,,,,,,,,,,,,,,
1989-415,Forest Hills,Clay,56,A,19890501,37,C274,8,,Michael Chang,R,175,USA,17.188,22,0,C036,,,Josef Cihak,R,185,CZE,26.119,133,0,6-4 4-6 7-5,3,R32,,,,,,,,,,,,,,,,,,,
1989-415,Forest Hills,Clay,56,A,19890501,38,G023,9,,Andres Gomez,L,193,ECU,29.175,24,0,K008,,,Damir Keretic,R,178,GER,29.098,191,0,6-4 6-4,3,R32,,,,,,,,,,,,,,,,,,,
1989-415,Forest Hills,Clay,56,A,19890501,39,F165,15,,Marcelo Filippini,R,178,URU,21.741,41,0,P008,,,Claudio Panatta,R,178,ITA,29.243,158,0,6-2 6-4,3,R32,,,,,,,,,,,,,,,,,,,
1989-415,Forest Hills,Clay,56,A,19890501,40,C013,,,Francesco Cancellotti,R,183,ITA,26.174,86,0,W023,2,,Mats Wilander,R,183,SWE,24.689938,2,0,6-1 6-3,3,R32,,,,,,,,,,,,,,,,,,,
1989-415,Forest Hills,Clay,56,A,19890501,41,L018,1,,Ivan Lendl,R,188,USA,29.15,1,0,A034,16,,Jordi Arrese,R,175,ESP,24.671,67,0,6-3 6-2,3,R16,,,,,,,,,,,,,,,,,,,
1989-415,Forest Hills,Clay,56,A,19890501,42,G016,7,,Brad Gilbert,R,185,USA,27.726,17,0,Z006,10,,Slobodan Zivojinovic,R,198,YUG,25.774,28,0,7-6 6-3,3,R16,,,,,,,,,,,,,,,,,,,
1989-415,Forest Hills,Clay,56,A,19890501,43,A092,3,,Andre Agassi,R,180,USA,19.006,5,0,C243,14,,Jim Courier,R,185,USA,18.705,55,0,3-6 6-3 7-5,3,R16,,,,,,,,,,,,,,,,,,,
1989-415,Forest Hills,Clay,56,A,19890501,44,K023,6,,Aaron Krickstein,R,183,USA,21.747,14,0,M035,11,,Luiz Mattar,R,183,BRA,25.703,29,0,6-4 7-6,3,R16,,,,,,,,,,,,,,,,,,,
1989-415,Forest Hills,Clay,56,A,19890501,45,Y017,,,Jaime Yzaga,R,170,PER,21.522,56,0,B350,,,Sergi Bruguera,R,188,ESP,18.289,91,0,7-6 7-5,3,R16,,,,,,,,,,,,,,,,,,,
1989-415,Forest Hills,Clay,56,A,19890501,46,P021,,,Diego Perez,R,178,URU,27.222,172,0,M041,4,,Tim Mayotte,R,190,USA,28.742,12,0,4-6 6-1 6-2,3,R16,,,,,,,,,,,,,,,,,,,
1989-415,Forest Hills,Clay,56,A,19890501,47,C274,8,,Michael Chang,R,175,USA,17.188,22,0,G023,9,,Andres Gomez,L,193,ECU,29.175,24,0,6-3 7-6,3,R16,,,,,,,,,,,,,,,,,,,
1989-415,Forest Hills,Clay,56,A,19890501,48,F165,15,,Marcelo Filippini,R,178,URU,21.741,41,0,C013,,,Francesco Cancellotti,R,183,ITA,26.174,86,0,6-1 6-7 6-2,3,R16,,,,,,,,,,,,,,,,,,,
1989-415,Forest Hills,Clay,56,A,19890501,49,L018,1,,Ivan Lendl,R,188,USA,29.15,1,0,G016,7,,Brad Gilbert,R,185,USA,27.726,17,0,6-0 6-1,3,QF,,,,,,,,,,,,,,,,,,,
1989-415,Forest Hills,Clay,56,A,19890501,50,A092,3,,Andre Agassi,R,180,USA,19.006,5,0,K023,6,,Aaron Krickstein,R,183,USA,21.747,14,0,6-1 2-6 6-3,3,QF,,,,,,,,,,,,,,,,,,,
1989-415,Forest Hills,Clay,56,A,19890501,51,Y017,,,Jaime Yzaga,R,170,PER,21.522,56,0,P021,,,Diego Perez,R,178,URU,27.222,172,0,6-7 6-0 6-2,3,QF,,,,,,,,,,,,,,,,,,,
1989-415,Forest Hills,Clay,56,A,19890501,52,C274,8,,Michael Chang,R,175,USA,17.188,22,0,F165,15,,Marcelo Filippini,R,178,URU,21.741,41,0,6-4 6-7 6-2,3,QF,,,,,,,,,,,,,,,,,,,
1989-415,Forest Hills,Clay,56,A,19890501,53,L018,1,,Ivan Lendl,R,188,USA,29.15,1,0,A092,3,,Andre Agassi,R,180,USA,19.006,5,0,6-2 6-3,3,SF,,,,,,,,,,,,,,,,,,,
1989-415,Forest Hills,Clay,56,A,19890501,54,Y017,,,Jaime Yzaga,R,170,PER,21.522,56,0,C274,8,,Michael Chang,R,175,USA,17.188,22,0,6-4 6-3,3,SF,,,,,,,,,,,,,,,,,,,
1989-415,Forest Hills,Clay,56,A,19890501,55,L018,1,,Ivan Lendl,R,188,USA,29.15,1,0,Y017,,,Jaime Yzaga,R,170,PER,21.522,56,0,6-2 6-1,3,F,,,,,,,,,,,,,,,,,,,
1989-D016,Davis Cup G2 QF: BEL vs TUR,Clay,4,D,19890505,1,101287,,,Denis Langaskens,R,193,BEL,,,,101121,,,Alaaddin Karagoz,R,,TUR,,,,6-0 6-0 6-4,5,RR,,,,,,,,,,,,,,,,,,,
1989-D016,Davis Cup G2 QF: BEL vs TUR,Clay,4,D,19890505,2,W133,,,Bart Wuyts,R,178,BEL,19.635866,,,109480,,,Yavuz Erkangil,R,,TUR,,,,6-2 6-2 6-1,5,RR,,,,,,,,,,,,,,,,,,,
1989-D016,Davis Cup G2 QF: BEL vs TUR,Clay,4,D,19890505,3,W133,,,Bart Wuyts,R,178,BEL,19.635866,,,101121,,,Alaaddin Karagoz,R,,TUR,,,,6-4 6-7(4) 6-1,3,RR,,,,,,,,,,,,,,,,,,,
1989-D016,Davis Cup G2 QF: BEL vs TUR,Clay,4,D,19890505,4,101287,,,Denis Langaskens,R,193,BEL,,,,109480,,,Yavuz Erkangil,R,,TUR,,,,6-3 6-3,3,RR,,,,,,,,,,,,,,,,,,,
1989-D047,Davis Cup G2 QF: POL vs GRE,Clay,4,D,19890505,1,K001,,,George Kalovelonis,R,190,GRE,29.700205,,,101545,,,Tomasz Iwanski,R,,POL,,,,7-5 6-4 7-6(3),5,RR,,,,,,,,,,,,,,,,,,,
1989-D047,Davis Cup G2 QF: POL vs GRE,Clay,4,D,19890505,2,K067,,,Wojtek Kowalski,R,183,POL,21.568789,,,110963,,,Ioannis Kabakoglou,U,,GRE,,,,6-4 6-2 7-5,5,RR,,,,,,,,,,,,,,,,,,,
1989-D047,Davis Cup G2 QF: POL vs GRE,Clay,4,D,19890505,3,K001,,,George Kalovelonis,R,190,GRE,29.700205,,,K067,,,Wojtek Kowalski,R,183,POL,21.568789,,,6-3 6-4 6-2,5,RR,,,,,,,,,,,,,,,,,,,
1989-D047,Davis Cup G2 QF: POL vs GRE,Clay,4,D,19890505,4,101545,,,Tomasz Iwanski,R,,POL,,,,110963,,,Ioannis Kabakoglou,U,,GRE,,,,6-2 6-1,3,RR,,,,,,,,,,,,,,,,,,,
1989-D049,Davis Cup G1 SF: HUN vs NGR,Clay,4,D,19890505,1,N112,,,Sandor Noszaly,R,193,HUN,17.136208,,,O006,,,Nduka Odizor,R,183,NGR,30.737851,,,6-1 2-6 6-7(7) 6-2 6-3,5,RR,,,,,,,,,,,,,,,,,,,
1989-D049,Davis Cup G1 SF: HUN vs NGR,Clay,4,D,19890505,2,101664,,,Andras Lanyi,R,,HUN,,,,A001,,,Sadiq Abdullahi,R,0,NGR,29.253936,,,6-3 6-3 6-4,5,RR,,,,,,,,,,,,,,,,,,,
1989-D049,Davis Cup G1 SF: HUN vs NGR,Clay,4,D,19890505,3,O006,,,Nduka Odizor,R,183,NGR,30.737851,,,101664,,,Andras Lanyi,R,,HUN,,,,6-4 6-7(5) 6-2,3,RR,,,,,,,,,,,,,,,,,,,
1989-D049,Davis Cup G1 SF: HUN vs NGR,Clay,4,D,19890505,4,N112,,,Sandor Noszaly,R,193,HUN,17.136208,,,A001,,,Sadiq Abdullahi,R,0,NGR,29.253936,,,5-2 RET,5,RR,,,,,,,,,,,,,,,,,,,
1989-D052,Davis Cup G1 SF: IND vs KOR,Grass,4,D,19890505,1,K068,,,Bong-Soo Kim,R,180,KOR,26.428474,,,A165,,,Zeeshan Ali,R,180,IND,19.340178,,,6-4 6-7(1) 6-2 7-6(6),5,RR,,,,,,,,,,,,,,,,,,,
1989-D052,Davis Cup G1 SF: IND vs KOR,Grass,4,D,19890505,2,Y010,,,Jin-Sun Yoo,R,185,KOR,26.814511,,,V018,,,Srinivasan Vasudevan,R,190,IND,27.331964,,,6-3 3-6 7-6(1) 6-4,5,RR,,,,,,,,,,,,,,,,,,,
1989-D052,Davis Cup G1 SF: IND vs KOR,Grass,4,D,19890505,3,Y010,,,Jin-Sun Yoo,R,185,KOR,26.814511,,,A165,,,Zeeshan Ali,R,180,IND,19.340178,,,6-3 6-3,3,RR,,,,,,,,,,,,,,,,,,,
1989-D052,Davis Cup G1 SF: IND vs KOR,Grass,4,D,19890505,4,V018,,,Srinivasan Vasudevan,R,190,IND,27.331964,,,K068,,,Bong-Soo Kim,R,180,KOR,26.428474,,,6-4 6-1,3,RR,,,,,,,,,,,,,,,,,,,
1989-D053,Davis Cup G1 PO: IRL vs SEN,Carpet,4,D,19890505,1,W039,,,Peter Wright,R,185,USA,25.407255,,,B328,,,Abou Berthe,U,,SEN,,,,6-1 6-1 6-1,5,RR,,,,,,,,,,,,,,,,,,,
1989-D053,Davis Cup G1 PO: IRL vs SEN,Carpet,4,D,19890505,2,D098,,,Yahiya Doumbia,R,185,SEN,25.69473,,,110914,,,Robert Dolan,U,,IRL,,,,6-1 6-4 6-0,5,RR,,,,,,,,,,,,,,,,,,,
1989-D053,Davis Cup G1 PO: IRL vs SEN,Carpet,4,D,19890505,3,W039,,,Peter Wright,R,185,USA,25.407255,,,D098,,,Yahiya Doumbia,R,185,SEN,25.69473,,,6-3 6-4 6-4,5,RR,,,,,,,,,,,,,,,,,,,
1989-D053,Davis Cup G1 PO: IRL vs SEN,Carpet,4,D,19890505,4,110914,,,Robert Dolan,U,,IRL,,,,B328,,,Abou Berthe,U,,SEN,,,,6-2 6-3,3,RR,,,,,,,,,,,,,,,,,,,
1989-D061,Davis Cup G2 QF: LUX vs NOR,Hard,4,D,19890505,1,R219,,,Christian Ruud,R,188,NOR,16.695414,,,G030,,,Johnny Goudenbour,R,178,LUX,25.344285,,,3-6 6-2 6-2 7-5,5,RR,,,,,,,,,,,,,,,,,,,
1989-D061,Davis Cup G2 QF: LUX vs NOR,Hard,4,D,19890505,2,108867,,,Serge Brueck,U,,LUX,,,,P208,,,Bent-Ove Pedersen,R,185,NOR,21.817933,,,7-5 6-4 6-4,5,RR,,,,,,,,,,,,,,,,,,,
1989-D061,Davis Cup G2 QF: LUX vs NOR,Hard,4,D,19890505,3,P208,,,Bent-Ove Pedersen,R,185,NOR,21.817933,,,G030,,,Johnny Goudenbour,R,178,LUX,25.344285,,,1-6 4-6 6-4 6-3 7-5,5,RR,,,,,,,,,,,,,,,,,,,
1989-D061,Davis Cup G2 QF: LUX vs NOR,Hard,4,D,19890505,4,108867,,,Serge Brueck,U,,LUX,,,,R219,,,Christian Ruud,R,188,NOR,16.695414,,,6-1 1-6 6-3 6-3,5,RR,,,,,,,,,,,,,,,,,,,
1989-D064,Davis Cup G1 SF: NED vs POR,Carpet,4,D,19890505,1,S021,,,Michiel Schapers,R,201,NED,29.566051,,,C113,,,Joao Cunha-Silva,R,173,POR,21.437372,,,6-1 6-2 6-2,5,RR,,,,,,,,,,,,,,,,,,,
1989-D064,Davis Cup G1 SF: NED vs POR,Carpet,4,D,19890505,2,N018,,,Tom Nijssen,R,175,NED,24.591376,,,C109,,,Pedro Cordeiro,R,,POR,,,,4-6 6-2 6-2 6-2,5,RR,,,,,,,,,,,,,,,,,,,
1989-D064,Davis Cup G1 SF: NED vs POR,Carpet,4,D,19890505,3,C113,,,Joao Cunha-Silva,R,173,POR,21.437372,,,N018,,,Tom Nijssen,R,175,NED,24.591376,,,3-6 6-4 6-2,3,RR,,,,,,,,,,,,,,,,,,,
1989-D064,Davis Cup G1 SF: NED vs POR,Carpet,4,D,19890505,4,S021,,,Michiel Schapers,R,201,NED,29.566051,,,C109,,,Pedro Cordeiro,R,,POR,,,,6-1 6-2,3,RR,,,,,,,,,,,,,,,,,,,
1989-D065,Davis Cup G1 SF: PHI vs NZL,Clay,4,D,19890505,1,G055,,,Steve Guy,R,188,NZL,30.140999,,,101103,,,Miguel Dungo,R,,PHI,,,,6-3 7-6(3) 6-3,5,RR,,,,,,,,,,,,,,,,,,,
1989-D065,Davis Cup G1 SF: PHI vs NZL,Clay,4,D,19890505,2,E025,,,Kelly Evernden,R,175,NZL,27.619439,,,B168,,,Felix Barrientos,R,178,PHI,21.456537,,,6-4 6-2 2-6 6-2,5,RR,,,,,,,,,,,,,,,,,,,
1989-D065,Davis Cup G1 SF: PHI vs NZL,Clay,4,D,19890505,3,E025,,,Kelly Evernden,R,175,NZL,27.619439,,,101103,,,Miguel Dungo,R,,PHI,,,,6-3 5-7 6-1,3,RR,,,,,,,,,,,,,,,,,,,
1989-D065,Davis Cup G1 SF: PHI vs NZL,Clay,4,D,19890505,4,B168,,,Felix Barrientos,R,178,PHI,21.456537,,,G055,,,Steve Guy,R,188,NZL,30.140999,,,6-7(2) 6-3 6-2,3,RR,,,,,,,,,,,,,,,,,,,
1989-D070,Davis Cup G1 SF: SUI vs ROU,Clay,4,D,19890505,1,M063,,,Claudio Mezzadri,R,180,SUI,23.901437,,,M020,,,Adrian Marcu,R,190,ROU,27.419576,,,4-6 6-1 6-4 6-4,5,RR,,,,,,,,,,,,,,,,,,,
1989-D070,Davis Cup G1 SF: SUI vs ROU,Clay,4,D,19890505,2,H025,,,Jakob Hlasek,R,188,SUI,24.476386,,,C259,,,George Cosac,R,190,ROU,21.273101,,,6-1 1-6 7-5 6-3,5,RR,,,,,,,,,,,,,,,,,,,
1989-D070,Davis Cup G1 SF: SUI vs ROU,Clay,4,D,19890505,3,H025,,,Jakob Hlasek,R,188,SUI,24.476386,,,M020,,,Adrian Marcu,R,190,ROU,27.419576,,,7-6(4) 4-6 6-4 6-4,5,RR,,,,,,,,,,,,,,,,,,,
1989-D070,Davis Cup G1 SF: SUI vs ROU,Clay,4,D,19890505,4,M063,,,Claudio Mezzadri,R,180,SUI,23.901437,,,C259,,,George Cosac,R,190,ROU,21.273101,,,7-6(5) 6-1,3,RR,,,,,,,,,,,,,,,,,,,
1989-D034,Davis Cup G1 PO: URU vs ECU,Clay,4,D,19890507,1,F165,,,Marcelo Filippini,R,178,URU,21.7577,,,109940,,,Ernesto Lingen,R,,ECU,,,,6-3 6-3 6-1,5,RR,,,,,,,,,,,,,,,,,,,
1989-D034,Davis Cup G1 PO: URU vs ECU,Clay,4,D,19890507,2,P021,,,Diego Perez,R,178,URU,19.964408,,,107101,,,Giorgio Carneade,R,,ECU,,,,6-2 1-2 RET,5,RR,,,,,,,,,,,,,,,,,,,
1989-414,Hamburg,Clay,56,A,19890508,1,C260,,,Andrei Cherkasov,R,180,RUS,18.845,48,0,B001,,WC,Mansour Bahrami,R,178,IRI,33.032,381,0,6-3 7-5,3,R64,,,,,,,,,,,,,,,,,,,
1989-414,Hamburg,Clay,56,A,19890508,2,K030,,,Patrik Kuhnen,R,190,GER,23.236,44,0,L009,,,Leonardo Lavalle,L,188,MEX,21.818,68,0,7-6 6-2,3,R64,,,,,,,,,,,,,,,,,,,
1989-414,Hamburg,Clay,56,A,19890508,3,F165,16,,Marcelo Filippini,R,178,URU,21.76,35,0,C024,,,Sergio Casal,R,185,ESP,26.664,100,0,6-4 3-6 6-2,3,R64,,,,,,,,,,,,,,,,,,,
1989-414,Hamburg,Clay,56,A,19890508,4,S101,10,,Jonas Svensson,R,188,SWE,22.546,21,0,S351,,,Michael Stich,R,193,GER,20.553,119,0,6-4 6-0,3,R64,,,,,,,,,,,,,,,,,,,
1989-414,Hamburg,Clay,56,A,19890508,5,D006,,,Franco Davin,L,173,ARG,19.321,176,0,C018,,,Johan Carlsson,R,183,SWE,23.272,124,0,6-3 6-0,3,R64,,,,,,,,,,,,,,,,,,,
1989-414,Hamburg,Clay,56,A,19890508,6,R023,,,Udo Riglewski,R,185,GER,22.779,173,0,N030,,,Joakim Nystrom,R,188,SWE,26.212,144,0,6-2 6-3,3,R64,,,,,,,,,,,,,,,,,,,
1989-414,Hamburg,Clay,56,A,19890508,7,L043,,,Fernando Luna,R,175,ESP,31.039,86,0,F014,,Q,Jose Antonio Fernandez,R,170,CHI,24.279,337,0,5-7 6-0 6-2,3,R64,,,,,,,,,,,,,,,,,,,
1989-414,Hamburg,Clay,56,A,19890508,8,S080,,,Carl-Uwe Steeb,L,180,GER,21.684,51,0,D015,,,Olivier Delaitre,R,170,FRA,21.936,78,0,6-3 6-2,3,R64,,,,,,,,,,,,,,,,,,,
1989-414,Hamburg,Clay,56,A,19890508,9,G053,,,Jan Gunnarsson,R,185,SWE,26.94,50,0,C031,13,,Andrei Chesnokov,R,188,RUS,23.261,28,0,6-4 6-3,3,R64,,,,,,,,,,,,,,,,,,,
1989-414,Hamburg,Clay,56,A,19890508,10,B350,,,Sergi Bruguera,R,188,ESP,18.308,85,0,M372,11,,Alberto Mancini,R,180,ARG,19.967,25,0,5-7 6-2 7-5,3,R64,,,,,,,,,,,,,,,,,,,
1989-414,Hamburg,Clay,56,A,19890508,11,V002,,,Marian Vajda,R,173,SVK,24.123,80,0,M031,,,Eduardo Masso,L,178,BEL,25.322,145,0,7-6 4-6 6-3,3,R64,,,,,,,,,,,,,,,,,,,
1989-414,Hamburg,Clay,56,A,19890508,12,Z045,,Q,Markus Zoecke,R,196,GER,20.994,393,0,A034,,,Jordi Arrese,R,175,ESP,24.69,67,0,6-1 3-0 RET,3,R64,,,,,,,,,,,,,,,,,,,
1989-414,Hamburg,Clay,56,A,19890508,13,W014,,WC,Michael Westphal,R,190,GER,24.214,184,0,M093,,WC,Alexander Mronz,R,188,GER,24.085,152,0,3-6 6-3 7-5,3,R64,,,,,,,,,,,,,,,,,,,
1989-414,Hamburg,Clay,56,A,19890508,14,M057,,,Tore Meinecke,R,180,GER,21.799,233,0,M036,,Q,Andreas Maurer,R,175,GER,31.168,370,0,7-6 6-2,3,R64,,,,,,,,,,,,,,,,,,,
1989-414,Hamburg,Clay,56,A,19890508,15,C216,,Q,Tomas Carbonell,R,178,ESP,20.75,143,0,C001,12,,Darren Cahill,R,185,AUS,23.598,24,0,6-3 6-3,3,R64,,,,,,,,,,,,,,,,,,,
1989-414,Hamburg,Clay,56,A,19890508,16,S055,14,,Horst Skoff,R,175,AUT,20.709,31,0,N025,,,Karel Novacek,R,190,CZE,24.107,88,0,6-2 5-7 7-6,3,R64,,,,,,,,,,,,,,,,,,,
1989-414,Hamburg,Clay,56,A,19890508,17,C038,,Q,Jose Clavet,R,180,ESP,23.655,279,0,R177,,Q,Francisco Roig,R,175,ESP,21.101,271,0,6-1 6-4,3,R64,,,,,,,,,,,,,,,,,,,
1989-414,Hamburg,Clay,56,A,19890508,18,I034,,,Goran Ivanisevic,L,193,CRO,17.651,71,0,P037,,,Claudio Pistolesi,R,180,ITA,21.703,165,0,7-5 4-6 7-5,3,R64,,,,,,,,,,,,,,,,,,,
1989-414,Hamburg,Clay,56,A,19890508,19,N109,,,Diego Nargiso,L,188,ITA,19.149,114,0,S328,,,Martin Strelba,R,190,CZE,22.13,54,0,4-6 6-1 6-1,3,R64,,,,,,,,,,,,,,,,,,,
1989-414,Hamburg,Clay,56,A,19890508,20,C012,,,Paolo Cane,R,180,ITA,24.079,59,0,G182,,,Magnus Gustafsson,R,185,SWE,22.344,47,0,6-2 7-5,3,R64,,,,,,,,,,,,,,,,,,,
1989-414,Hamburg,Clay,56,A,19890508,21,S014,9,,Emilio Sanchez,R,180,ESP,23.943,14,0,B035,,,Eduardo Bengoechea,R,185,ARG,29.851,61,0,6-1 6-3,3,R64,,,,,,,,,,,,,,,,,,,
1989-414,Hamburg,Clay,56,A,19890508,22,J004,,,Martin Jaite,R,178,ARG,24.578,58,0,V037,15,,Alexander Volkov,L,188,RUS,22.182,29,0,7-5 6-1,3,R64,,,,,,,,,,,,,,,,,,,
1989-414,Hamburg,Clay,56,A,19890508,23,W144,,Q,Jens Woehrmann,R,180,GER,21.665,286,0,B040,,,Christian Bergstrom,R,180,SWE,21.804,64,0,7-5 4-6 6-1,3,R64,,,,,,,,,,,,,,,,,,,
1989-414,Hamburg,Clay,56,A,19890508,24,S015,,,Javier Sanchez,R,178,ESP,21.265,62,0,O026,,WC,Ricki Osterthun,R,185,GER,25.016,200,0,7-6 6-0,3,R64,,,,,,,,,,,,,,,,,,,
1989-414,Hamburg,Clay,56,A,19890508,25,L018,1,,Ivan Lendl,R,188,USA,29.169,1,0,C260,,,Andrei Cherkasov,R,180,RUS,18.845,48,0,6-4 6-4,3,R32,,,,,,,,,,,,,,,,,,,
1989-414,Hamburg,Clay,56,A,19890508,26,K030,,,Patrik Kuhnen,R,190,GER,23.236,44,0,F165,16,,Marcelo Filippini,R,178,URU,21.76,35,0,6-1 7-6,3,R32,,,,,,,,,,,,,,,,,,,
1989-414,Hamburg,Clay,56,A,19890508,27,S101,10,,Jonas Svensson,R,188,SWE,22.546,21,0,D006,,,Franco Davin,L,173,ARG,19.321,176,0,6-2 6-4,3,R32,,,,,,,,,,,,,,,,,,,
1989-414,Hamburg,Clay,56,A,19890508,28,P190,7,,Guillermo Perez-Roldan,R,178,ARG,19.548,17,0,R023,,,Udo Riglewski,R,185,GER,22.779,173,0,6-1 6-2,3,R32,,,,,,,,,,,,,,,,,,,
1989-414,Hamburg,Clay,56,A,19890508,29,L043,,,Fernando Luna,R,175,ESP,31.039,86,0,H025,3,,Jakob Hlasek,R,188,SUI,24.485,8,0,6-4 7-6,3,R32,,,,,,,,,,,,,,,,,,,
1989-414,Hamburg,Clay,56,A,19890508,30,S080,,,Carl-Uwe Steeb,L,180,GER,21.684,51,0,G053,,,Jan Gunnarsson,R,185,SWE,26.94,50,0,6-2 7-5,3,R32,,,,,,,,,,,,,,,,,,,
1989-414,Hamburg,Clay,56,A,19890508,31,B350,,,Sergi Bruguera,R,188,ESP,18.308,85,0,V002,,,Marian Vajda,R,173,SVK,24.123,80,0,3-6 7-6 6-3,3,R32,,,,,,,,,,,,,,,,,,,
1989-414,Hamburg,Clay,56,A,19890508,32,C044,6,,Jimmy Connors,L,178,USA,36.679,12,0,Z045,,Q,Markus Zoecke,R,196,GER,20.994,393,0,6-4 6-3,3,R32,,,,,,,,,,,,,,,,,,,
1989-414,Hamburg,Clay,56,A,19890508,33,W014,,WC,Michael Westphal,R,190,GER,24.214,184,0,A035,,LL,Pablo Arraya,R,180,PER,27.546,183,0,6-3 4-6 7-6,3,R32,,,,,,,,,,,,,,,,,,,
1989-414,Hamburg,Clay,56,A,19890508,34,C216,,Q,Tomas Carbonell,R,178,ESP,20.75,143,0,M057,,,Tore Meinecke,R,180,GER,21.799,233,0,7-6 6-2,3,R32,,,,,,,,,,,,,,,,,,,
1989-414,Hamburg,Clay,56,A,19890508,35,S055,14,,Horst Skoff,R,175,AUT,20.709,31,0,C038,,Q,Jose Clavet,R,180,ESP,23.655,279,0,6-7 6-4 6-4,3,R32,,,,,,,,,,,,,,,,,,,
1989-414,Hamburg,Clay,56,A,19890508,36,I034,,,Goran Ivanisevic,L,193,CRO,17.651,71,0,C019,4,,Kent Carlsson,R,180,SWE,21.344,9,0,7-5 4-6 6-1,3,R32,,,,,,,,,,,,,,,,,,,
1989-414,Hamburg,Clay,56,A,19890508,37,N109,,,Diego Nargiso,L,188,ITA,19.149,114,0,K023,8,,Aaron Krickstein,R,183,USA,21.766,15,0,7-5 1-6 6-4,3,R32,,,,,,,,,,,,,,,,,,,
1989-414,Hamburg,Clay,56,A,19890508,38,C012,,,Paolo Cane,R,180,ITA,24.079,59,0,S014,9,,Emilio Sanchez,R,180,ESP,23.943,14,0,6-2 6-4,3,R32,,,,,,,,,,,,,,,,,,,
1989-414,Hamburg,Clay,56,A,19890508,39,J004,,,Martin Jaite,R,178,ARG,24.578,58,0,W144,,Q,Jens Woehrmann,R,180,GER,21.665,286,0,6-2 6-2,3,R32,,,,,,,,,,,,,,,,,,,
1989-414,Hamburg,Clay,56,A,19890508,40,B028,2,,Boris Becker,R,190,GER,21.459,2,0,S015,,,Javier Sanchez,R,178,ESP,21.265,62,0,6-1 6-3,3,R32,,,,,,,,,,,,,,,,,,,
1989-414,Hamburg,Clay,56,A,19890508,41,L018,1,,Ivan Lendl,R,188,USA,29.169,1,0,K030,,,Patrik Kuhnen,R,190,GER,23.236,44,0,6-1 6-1,3,R16,,,,,,,,,,,,,,,,,,,
1989-414,Hamburg,Clay,56,A,19890508,42,S101,10,,Jonas Svensson,R,188,SWE,22.546,21,0,P190,7,,Guillermo Perez-Roldan,R,178,ARG,19.548,17,0,6-4 6-1,3,R16,,,,,,,,,,,,,,,,,,,
1989-414,Hamburg,Clay,56,A,19890508,43,S080,,,Carl-Uwe Steeb,L,180,GER,21.684,51,0,L043,,,Fernando Luna,R,175,ESP,31.039,86,0,6-3 1-6 6-2,3,R16,,,,,,,,,,,,,,,,,,,
1989-414,Hamburg,Clay,56,A,19890508,44,C044,6,,Jimmy Connors,L,178,USA,36.679,12,0,B350,,,Sergi Bruguera,R,188,ESP,18.308,85,0,7-5 3-6 7-5,3,R16,,,,,,,,,,,,,,,,,,,
1989-414,Hamburg,Clay,56,A,19890508,45,W014,,WC,Michael Westphal,R,190,GER,24.214,184,0,C216,,Q,Tomas Carbonell,R,178,ESP,20.75,143,0,6-2 6-7 6-4,3,R16,,,,,,,,,,,,,,,,,,,
1989-414,Hamburg,Clay,56,A,19890508,46,S055,14,,Horst Skoff,R,175,AUT,20.709,31,0,I034,,,Goran Ivanisevic,L,193,CRO,17.651,71,0,2-6 6-2 6-3,3,R16,,,,,,,,,,,,,,,,,,,
1989-414,Hamburg,Clay,56,A,19890508,47,C012,,,Paolo Cane,R,180,ITA,24.079,59,0,N109,,,Diego Nargiso,L,188,ITA,19.149,114,0,6-3 6-7 6-2,3,R16,,,,,,,,,,,,,,,,,,,
1989-414,Hamburg,Clay,56,A,19890508,48,B028,2,,Boris Becker,R,190,GER,21.459,2,0,J004,,,Martin Jaite,R,178,ARG,24.578,58,0,6-2 6-2,3,R16,,,,,,,,,,,,,,,,,,,
1989-414,Hamburg,Clay,56,A,19890508,49,L018,1,,Ivan Lendl,R,188,USA,29.169,1,0,S101,10,,Jonas Svensson,R,188,SWE,22.546,21,0,6-2 6-1,3,QF,,,,,,,,,,,,,,,,,,,
1989-414,Hamburg,Clay,56,A,19890508,50,S080,,,Carl-Uwe Steeb,L,180,GER,21.684,51,0,C044,6,,Jimmy Connors,L,178,USA,36.679,12,0,6-4 6-1,3,QF,,,,,,,,,,,,,,,,,,,
1989-414,Hamburg,Clay,56,A,19890508,51,S055,14,,Horst Skoff,R,175,AUT,20.709,31,0,W014,,WC,Michael Westphal,R,190,GER,24.214,184,0,6-1 6-3,3,QF,,,,,,,,,,,,,,,,,,,
1989-414,Hamburg,Clay,56,A,19890508,52,B028,2,,Boris Becker,R,190,GER,21.459,2,0,C012,,,Paolo Cane,R,180,ITA,24.079,59,0,W/O,3,QF,,,,,,,,,,,,,,,,,,,
1989-414,Hamburg,Clay,56,A,19890508,53,L018,1,,Ivan Lendl,R,188,USA,29.169,1,0,S080,,,Carl-Uwe Steeb,L,180,GER,21.684,51,0,4-6 6-3 6-1,3,SF,,,,,,,,,,,,,,,,,,,
1989-414,Hamburg,Clay,56,A,19890508,54,S055,14,,Horst Skoff,R,175,AUT,20.709,31,0,B028,2,,Boris Becker,R,190,GER,21.459,2,0,7-6 6-2,3,SF,,,,,,,,,,,,,,,,,,,
1989-414,Hamburg,Clay,56,A,19890508,55,L018,1,,Ivan Lendl,R,188,USA,29.169,1,0,S055,14,,Horst Skoff,R,175,AUT,20.709,31,0,6-4 6-1 6-3,5,F,,,,,,,,,,,,,,,,,,,
1989-717,Charleston,Clay,32,A,19890508,1,G016,1,,Brad Gilbert,R,185,USA,27.745,16,0,R029,,Q,Joey Rive,L,185,USA,25.834,191,0,7-6 3-6 6-1,3,R32,,,,,,,,,,,,,,,,,,,
1989-717,Charleston,Clay,32,A,19890508,2,P052,,,Jim Pugh,R,193,USA,25.254,69,0,S034,,,Robert Seguso,R,190,USA,26.021,53,0,7-6 6-0,3,R32,,,,,,,,,,,,,,,,,,,
1989-717,Charleston,Clay,32,A,19890508,3,W019,,,Tim Wilkison,L,180,USA,29.457,125,0,G013,,,Sammy Giammalva Jr.,R,178,USA,26.125,123,0,7-5 6-2,3,R32,,,,,,,,,,,,,,,,,,,
1989-717,Charleston,Clay,32,A,19890508,4,A031,,,Jimmy Arias,R,175,USA,24.726,113,0,O018,8,,Bruno Oresar,R,175,CRO,22.048,46,0,6-1 6-3,3,R32,,,,,,,,,,,,,,,,,,,
1989-717,Charleston,Clay,32,A,19890508,5,V028,,WC,Guillermo Vilas,L,180,ARG,36.723,187,0,G022,4,,Dan Goldie,R,188,USA,25.596,38,0,6-3 4-6 6-3,3,R32,,,,,,,,,,,,,,,,,,,
1989-717,Charleston,Clay,32,A,19890508,6,D044,,,Lawson Duncan,R,185,USA,24.531,75,0,S347,,,Tobias Svantesson,R,193,SWE,26.103,131,0,7-5 7-5,3,R32,,,,,,,,,,,,,,,,,,,
1989-717,Charleston,Clay,32,A,19890508,7,M092,,,Cassio Motta,R,180,BRA,29.207,76,0,Y017,,,Jaime Yzaga,R,170,PER,21.541,30,0,6-4 6-1,3,R32,,,,,,,,,,,,,,,,,,,
1989-717,Charleston,Clay,32,A,19890508,8,K022,5,,Johan Kriek,R,175,USA,31.091,34,0,R028,,Q,Guillermo Rivas,R,183,ARG,25.243,158,0,6-3 7-5,3,R32,,,,,,,,,,,,,,,,,,,
1989-717,Charleston,Clay,32,A,19890508,9,B281,6,,Jay Berger,R,180,USA,22.448,42,0,P008,,,Claudio Panatta,R,178,ITA,29.262,159,0,6-1 6-3,3,R32,,,,,,,,,,,,,,,,,,,
1989-717,Charleston,Clay,32,A,19890508,10,C243,,,Jim Courier,R,185,USA,18.724,49,0,L013,,WC,Rick Leach,L,188,USA,24.359,246,0,6-1 6-2,3,R32,,,,,,,,,,,,,,,,,,,
1989-717,Charleston,Clay,32,A,19890508,11,A028,,,Alex Antonitsch,R,188,AUT,23.244,150,0,A199,,WC,Chuck Adams,R,185,USA,18.042,439,0,6-4 2-6 7-6,3,R32,,,,,,,,,,,,,,,,,,,
1989-717,Charleston,Clay,32,A,19890508,12,M035,3,,Luiz Mattar,R,183,BRA,25.722,41,0,P012,,,David Pate,R,183,USA,27.061,112,0,6-7 6-4 6-0,3,R32,,,,,,,,,,,,,,,,,,,
1989-717,Charleston,Clay,32,A,19890508,13,M076,,,Barry Moir,R,180,RSA,25.936,121,0,A027,7,,Paul Annacone,R,185,USA,26.136,40,0,6-2 3-6 6-4,3,R32,,,,,,,,,,,,,,,,,,,
1989-717,Charleston,Clay,32,A,19890508,14,F041,,,Javier Frana,L,185,ARG,22.368,120,0,R016,,,Richey Reneberg,R,180,USA,23.589,101,0,2-6 6-4 6-4,3,R32,,,,,,,,,,,,,,,,,,,
1989-717,Charleston,Clay,32,A,19890508,15,P021,,,Diego Perez,R,178,URU,27.242,147,0,G196,,Q,Chris Garner,R,180,USA,20.085,256,0,6-2 7-5,3,R32,,,,,,,,,,,,,,,,,,,
1989-717,Charleston,Clay,32,A,19890508,16,C274,2,,Michael Chang,R,175,USA,17.207,20,0,B074,,Q,Jimmy Brown,R,180,USA,24.027,117,0,3-6 6-3 6-4,3,R32,,,,,,,,,,,,,,,,,,,
1989-717,Charleston,Clay,32,A,19890508,17,G016,1,,Brad Gilbert,R,185,USA,27.745,16,0,P052,,,Jim Pugh,R,193,USA,25.254,69,0,6-3 6-3,3,R16,,,,,,,,,,,,,,,,,,,
1989-717,Charleston,Clay,32,A,19890508,18,W019,,,Tim Wilkison,L,180,USA,29.457,125,0,A031,,,Jimmy Arias,R,175,USA,24.726,113,0,6-4 6-4,3,R16,,,,,,,,,,,,,,,,,,,
1989-717,Charleston,Clay,32,A,19890508,19,D044,,,Lawson Duncan,R,185,USA,24.531,75,0,V028,,WC,Guillermo Vilas,L,180,ARG,36.723,187,0,3-6 6-2 6-1,3,R16,,,,,,,,,,,,,,,,,,,
1989-717,Charleston,Clay,32,A,19890508,20,M092,,,Cassio Motta,R,180,BRA,29.207,76,0,K022,5,,Johan Kriek,R,175,USA,31.091,34,0,7-5 7-5,3,R16,,,,,,,,,,,,,,,,,,,
1989-717,Charleston,Clay,32,A,19890508,21,B281,6,,Jay Berger,R,180,USA,22.448,42,0,C243,,,Jim Courier,R,185,USA,18.724,49,0,7-6 4-6 6-3,3,R16,,,,,,,,,,,,,,,,,,,
1989-717,Charleston,Clay,32,A,19890508,22,M035,3,,Luiz Mattar,R,183,BRA,25.722,41,0,A028,,,Alex Antonitsch,R,188,AUT,23.244,150,0,6-3 6-7 6-4,3,R16,,,,,,,,,,,,,,,,,,,
1989-717,Charleston,Clay,32,A,19890508,23,F041,,,Javier Frana,L,185,ARG,22.368,120,0,M076,,,Barry Moir,R,180,RSA,25.936,121,0,6-2 6-4,3,R16,,,,,,,,,,,,,,,,,,,
1989-717,Charleston,Clay,32,A,19890508,24,C274,2,,Michael Chang,R,175,USA,17.207,20,0,P021,,,Diego Perez,R,178,URU,27.242,147,0,6-3 6-3,3,R16,,,,,,,,,,,,,,,,,,,
1989-717,Charleston,Clay,32,A,19890508,25,W019,,,Tim Wilkison,L,180,USA,29.457,125,0,G016,1,,Brad Gilbert,R,185,USA,27.745,16,0,6-0 6-1,3,QF,,,,,,,,,,,,,,,,,,,
1989-717,Charleston,Clay,32,A,19890508,26,D044,,,Lawson Duncan,R,185,USA,24.531,75,0,M092,,,Cassio Motta,R,180,BRA,29.207,76,0,6-2 6-0,3,QF,,,,,,,,,,,,,,,,,,,
1989-717,Charleston,Clay,32,A,19890508,27,B281,6,,Jay Berger,R,180,USA,22.448,42,0,M035,3,,Luiz Mattar,R,183,BRA,25.722,41,0,6-2 6-2,3,QF,,,,,,,,,,,,,,,,,,,
1989-717,Charleston,Clay,32,A,19890508,28,F041,,,Javier Frana,L,185,ARG,22.368,120,0,C274,2,,Michael Chang,R,175,USA,17.207,20,0,W/O,3,QF,,,,,,,,,,,,,,,,,,,
1989-717,Charleston,Clay,32,A,19890508,29,D044,,,Lawson Duncan,R,185,USA,24.531,75,0,W019,,,Tim Wilkison,L,180,USA,29.457,125,0,7-6 6-3,3,SF,,,,,,,,,,,,,,,,,,,
1989-717,Charleston,Clay,32,A,19890508,30,B281,6,,Jay Berger,R,180,USA,22.448,42,0,F041,,,Javier Frana,L,185,ARG,22.368,120,0,4-6 6-2 6-4,3,SF,,,,,,,,,,,,,,,,,,,
1989-717,Charleston,Clay,32,A,19890508,31,B281,6,,Jay Berger,R,180,USA,22.448,42,0,D044,,,Lawson Duncan,R,185,USA,24.531,75,0,6-4 6-3,3,F,,,,,,,,,,,,,,,,,,,
1989-D021,Davis Cup G2 QF: MON vs BUL,Clay,4,D,19890512,1,101236,,,Krassimir Lazarov,R,,BUL,,,,110794,,,Jerome Seguin,U,,MON,,,,6-3 7-5 6-2,5,RR,,,,,,,,,,,,,,,,,,,
1989-D021,Davis Cup G2 QF: MON vs BUL,Clay,4,D,19890512,2,107097,,,Gilles Ganancia,R,,MON,,,,101748,,,Ivan Keskinov,R,,BUL,,,,6-2 6-7(2) 7-5 6-3,5,RR,,,,,,,,,,,,,,,,,,,
1989-D021,Davis Cup G2 QF: MON vs BUL,Clay,4,D,19890512,3,107097,,,Gilles Ganancia,R,,MON,,,,101236,,,Krassimir Lazarov,R,,BUL,,,,6-3 7-5 2-6 4-6 7-5,5,RR,,,,,,,,,,,,,,,,,,,
1989-416,Rome,Clay,64,A,19890515,1,W023,1,,Mats Wilander,R,183,SWE,24.728268,3,0,F041,,,Javier Frana,L,185,ARG,22.387,100,0,6-7 6-3 6-2,3,R64,,,,,,,,,,,,,,,,,,,
1989-416,Rome,Clay,64,A,19890515,2,S015,,,Javier Sanchez,R,178,ESP,21.284,59,0,N030,,,Joakim Nystrom,R,188,SWE,26.231,146,0,6-3 6-0,3,R64,,,,,,,,,,,,,,,,,,,
1989-416,Rome,Clay,64,A,19890515,3,B281,,,Jay Berger,R,180,USA,22.467,34,0,A031,,,Jimmy Arias,R,175,USA,24.745,104,0,4-6 6-3 6-0,3,R64,,,,,,,,,,,,,,,,,,,
1989-416,Rome,Clay,64,A,19890515,4,F165,15,,Marcelo Filippini,R,178,URU,21.78,36,0,G053,,,Jan Gunnarsson,R,185,SWE,26.96,49,0,7-5 6-4,3,R64,,,,,,,,,,,,,,,,,,,
1989-416,Rome,Clay,64,A,19890515,5,C001,10,,Darren Cahill,R,185,AUS,23.617,26,0,D006,,Q,Franco Davin,L,173,ARG,19.34,160,0,1-6 7-5 6-2,3,R64,,,,,,,,,,,,,,,,,,,
1989-416,Rome,Clay,64,A,19890515,6,S328,,,Martin Strelba,R,190,CZE,22.149,58,0,M035,,,Luiz Mattar,R,183,BRA,25.741,42,0,1-6 7-6 6-0,3,R64,,,,,,,,,,,,,,,,,,,
1989-416,Rome,Clay,64,A,19890515,7,A034,,,Jordi Arrese,R,175,ESP,24.709,70,0,S072,,,Milan Srejber,R,203,CZE,25.374,67,0,6-2 4-6 6-1,3,R64,,,,,,,,,,,,,,,,,,,
1989-416,Rome,Clay,64,A,19890515,8,K023,7,,Aaron Krickstein,R,183,USA,21.785,14,0,V098,,,Andres Vysand,R,180,GER,23.181,90,0,6-3 6-2,3,R64,,,,,,,,,,,,,,,,,,,
1989-416,Rome,Clay,64,A,19890515,9,C009,,WC,Omar Camporese,R,188,ITA,21.018,120,0,M052,4,,Miloslav Mecir Sr.,R,190,SVK,24.988,10,0,6-2 7-5,3,R64,,,,,,,,,,,,,,,,,,,
1989-416,Rome,Clay,64,A,19890515,10,I034,,,Goran Ivanisevic,L,193,CRO,17.67,62,0,P218,,,Nicolas Pereira,R,188,VEN,18.626,99,0,6-4 6-3,3,R64,,,,,,,,,,,,,,,,,,,
1989-416,Rome,Clay,64,A,19890515,11,N018,,,Tom Nijssen,R,175,NED,24.619,97,0,M197,,Q,Nuno Marques,L,190,POR,19.099,138,0,6-3 6-1,3,R64,,,,,,,,,,,,,,,,,,,
1989-416,Rome,Clay,64,A,19890515,12,Y017,13,,Jaime Yzaga,R,170,PER,21.561,40,0,V002,,,Marian Vajda,R,173,SVK,24.142,80,0,7-5 6-2,3,R64,,,,,,,,,,,,,,,,,,,
1989-416,Rome,Clay,64,A,19890515,13,M372,11,,Alberto Mancini,R,180,ARG,19.986,25,0,C252,,Q,Francisco Clavet,L,183,ESP,20.556,321,0,6-3 6-2,3,R64,,,,,,,,,,,,,,,,,,,
1989-416,Rome,Clay,64,A,19890515,14,D044,,,Lawson Duncan,R,185,USA,24.55,66,0,T032,,,Thierry Tulasne,R,178,FRA,25.843,190,0,7-5 6-1,3,R64,,,,,,,,,,,,,,,,,,,
1989-416,Rome,Clay,64,A,19890515,15,J004,,,Martin Jaite,R,178,ARG,24.597,50,0,N006,,WC,Massimiliano Narducci,R,185,ITA,25.218,172,0,7-5 6-4,3,R64,,,,,,,,,,,,,,,,,,,
1989-416,Rome,Clay,64,A,19890515,16,S014,6,,Emilio Sanchez,R,180,ESP,23.962,13,0,B035,,,Eduardo Bengoechea,R,185,ARG,29.87,61,0,6-1 6-2,3,R64,,,,,,,,,,,,,,,,,,,
1989-416,Rome,Clay,64,A,19890515,17,C044,5,,Jimmy Connors,L,178,USA,36.698,11,0,P226,,Q,Cedric Pioline,R,188,FRA,19.915,455,0,6-4 6-2,3,R64,,,,,,,,,,,,,,,,,,,
1989-416,Rome,Clay,64,A,19890515,18,C035,,Q,Massimo Cierro,R,173,ITA,25.021,200,0,D029,,Q,Carlos Di Laura,L,175,PER,24.569,327,0,6-1 6-1,3,R64,,,,,,,,,,,,,,,,,,,
1989-416,Rome,Clay,64,A,19890515,19,N025,,,Karel Novacek,R,190,CZE,24.126,88,0,C024,,,Sergio Casal,R,185,ESP,26.683,111,0,6-1 6-2,3,R64,,,,,,,,,,,,,,,,,,,
1989-416,Rome,Clay,64,A,19890515,20,B350,,,Sergi Bruguera,R,188,ESP,18.327,81,0,G023,12,,Andres Gomez,L,193,ECU,29.213,27,0,2-6 6-2 6-2,3,R64,,,,,,,,,,,,,,,,,,,
1989-416,Rome,Clay,64,A,19890515,21,N109,,,Diego Nargiso,L,188,ITA,19.168,106,0,S055,14,,Horst Skoff,R,175,AUT,20.728,24,0,7-5 4-6 6-3,3,R64,,,,,,,,,,,,,,,,,,,
1989-416,Rome,Clay,64,A,19890515,22,P037,,,Claudio Pistolesi,R,180,ITA,21.722,164,0,M092,,,Cassio Motta,R,180,BRA,29.227,77,0,6-3 2-6 6-2,3,R64,,,,,,,,,,,,,,,,,,,
1989-416,Rome,Clay,64,A,19890515,23,C039,,WC,Jose-Luis Clerc,R,185,ARG,30.746,,,S331,,,Jason Stoltenberg,R,185,AUS,19.113,79,0,6-4 7-5,3,R64,,,,,,,,,,,,,,,,,,,
1989-416,Rome,Clay,64,A,19890515,24,K016,,,Mark Koevermans,R,185,NED,21.279,101,0,C019,3,,Kent Carlsson,R,180,SWE,21.363,12,0,6-3 6-4,3,R64,,,,,,,,,,,,,,,,,,,
1989-416,Rome,Clay,64,A,19890515,25,P190,8,,Guillermo Perez-Roldan,R,178,ARG,19.567,22,0,C028,,,Thierry Champion,R,183,FRA,22.705,126,0,6-1 6-0,3,R64,,,,,,,,,,,,,,,,,,,
1989-416,Rome,Clay,64,A,19890515,26,P043,,Q,Jerome Potier,L,180,FRA,26.825,145,0,D008,,,Horacio De La Pena,L,180,ARG,22.787,63,0,7-6 6-4,3,R64,,,,,,,,,,,,,,,,,,,
1989-416,Rome,Clay,64,A,19890515,27,C243,,,Jim Courier,R,185,USA,18.743,47,0,P008,,WC,Claudio Panatta,R,178,ITA,29.281,156,0,6-1 6-2,3,R64,,,,,,,,,,,,,,,,,,,
1989-416,Rome,Clay,64,A,19890515,28,O018,,,Bruno Oresar,R,175,CRO,22.067,65,0,A006,9,,Ronald Agenor,R,180,USA,24.501,29,0,7-6 3-6 6-2,3,R64,,,,,,,,,,,,,,,,,,,
1989-416,Rome,Clay,64,A,19890515,29,L043,,,Fernando Luna,R,175,ESP,31.058,73,0,W035,16,,Mark Woodforde,L,188,AUS,23.641,37,0,6-2 6-3,3,R64,,,,,,,,,,,,,,,,,,,
1989-416,Rome,Clay,64,A,19890515,30,L009,,,Leonardo Lavalle,L,188,MEX,21.837,76,0,P235,,WC,Stefano Pescosolido,R,185,ITA,17.922,389,0,6-4 6-1,3,R64,,,,,,,,,,,,,,,,,,,
1989-416,Rome,Clay,64,A,19890515,31,S402,,,Pete Sampras,R,185,USA,17.758,92,0,P021,,Q,Diego Perez,R,178,URU,27.261,132,0,6-2 6-3,3,R64,,,,,,,,,,,,,,,,,,,
1989-416,Rome,Clay,64,A,19890515,32,A092,2,,Andre Agassi,R,180,USA,19.044,5,0,W029,,,Todd Witsken,R,183,USA,25.528,74,0,6-1 6-4,3,R64,,,,,,,,,,,,,,,,,,,
1989-416,Rome,Clay,64,A,19890515,33,W023,1,,Mats Wilander,R,183,SWE,24.728268,3,0,S015,,,Javier Sanchez,R,178,ESP,21.284,59,0,4-6 6-4 6-3,3,R32,,,,,,,,,,,,,,,,,,,
1989-416,Rome,Clay,64,A,19890515,34,B281,,,Jay Berger,R,180,USA,22.467,34,0,F165,15,,Marcelo Filippini,R,178,URU,21.78,36,0,7-5 6-3,3,R32,,,,,,,,,,,,,,,,,,,
1989-416,Rome,Clay,64,A,19890515,35,C001,10,,Darren Cahill,R,185,AUS,23.617,26,0,S328,,,Martin Strelba,R,190,CZE,22.149,58,0,6-3 2-6 6-2,3,R32,,,,,,,,,,,,,,,,,,,
1989-416,Rome,Clay,64,A,19890515,36,A034,,,Jordi Arrese,R,175,ESP,24.709,70,0,K023,7,,Aaron Krickstein,R,183,USA,21.785,14,0,6-4 7-5,3,R32,,,,,,,,,,,,,,,,,,,
1989-416,Rome,Clay,64,A,19890515,37,C009,,WC,Omar Camporese,R,188,ITA,21.018,120,0,I034,,,Goran Ivanisevic,L,193,CRO,17.67,62,0,5-7 6-4 6-2,3,R32,,,,,,,,,,,,,,,,,,,
1989-416,Rome,Clay,64,A,19890515,38,Y017,13,,Jaime Yzaga,R,170,PER,21.561,40,0,N018,,,Tom Nijssen,R,175,NED,24.619,97,0,6-2 6-2,3,R32,,,,,,,,,,,,,,,,,,,
1989-416,Rome,Clay,64,A,19890515,39,M372,11,,Alberto Mancini,R,180,ARG,19.986,25,0,D044,,,Lawson Duncan,R,185,USA,24.55,66,0,6-2 6-1,3,R32,,,,,,,,,,,,,,,,,,,
1989-416,Rome,Clay,64,A,19890515,40,S014,6,,Emilio Sanchez,R,180,ESP,23.962,13,0,J004,,,Martin Jaite,R,178,ARG,24.597,50,0,6-2 7-5,3,R32,,,,,,,,,,,,,,,,,,,
1989-416,Rome,Clay,64,A,19890515,41,C044,5,,Jimmy Connors,L,178,USA,36.698,11,0,C035,,Q,Massimo Cierro,R,173,ITA,25.021,200,0,6-7 6-2 6-3,3,R32,,,,,,,,,,,,,,,,,,,
1989-416,Rome,Clay,64,A,19890515,42,B350,,,Sergi Bruguera,R,188,ESP,18.327,81,0,N025,,,Karel Novacek,R,190,CZE,24.126,88,0,2-6 6-4 6-3,3,R32,,,,,,,,,,,,,,,,,,,
1989-416,Rome,Clay,64,A,19890515,43,N109,,,Diego Nargiso,L,188,ITA,19.168,106,0,P037,,,Claudio Pistolesi,R,180,ITA,21.722,164,0,6-2 6-1,3,R32,,,,,,,,,,,,,,,,,,,
1989-416,Rome,Clay,64,A,19890515,44,K016,,,Mark Koevermans,R,185,NED,21.279,101,0,C039,,WC,Jose-Luis Clerc,R,185,ARG,30.746,,,6-3 6-1,3,R32,,,,,,,,,,,,,,,,,,,
1989-416,Rome,Clay,64,A,19890515,45,P190,8,,Guillermo Perez-Roldan,R,178,ARG,19.567,22,0,P043,,Q,Jerome Potier,L,180,FRA,26.825,145,0,7-6 6-4,3,R32,,,,,,,,,,,,,,,,,,,
1989-416,Rome,Clay,64,A,19890515,46,C243,,,Jim Courier,R,185,USA,18.743,47,0,O018,,,Bruno Oresar,R,175,CRO,22.067,65,0,6-4 6-1,3,R32,,,,,,,,,,,,,,,,,,,
1989-416,Rome,Clay,64,A,19890515,47,L009,,,Leonardo Lavalle,L,188,MEX,21.837,76,0,L043,,,Fernando Luna,R,175,ESP,31.058,73,0,6-3 3-6 6-3,3,R32,,,,,,,,,,,,,,,,,,,
1989-416,Rome,Clay,64,A,19890515,48,A092,2,,Andre Agassi,R,180,USA,19.044,5,0,S402,,,Pete Sampras,R,185,USA,17.758,92,0,6-2 6-1,3,R32,,,,,,,,,,,,,,,,,,,
1989-416,Rome,Clay,64,A,19890515,49,B281,,,Jay Berger,R,180,USA,22.467,34,0,W023,1,,Mats Wilander,R,183,SWE,24.728268,3,0,6-3 6-4,3,R16,,,,,,,,,,,,,,,,,,,
1989-416,Rome,Clay,64,A,19890515,50,A034,,,Jordi Arrese,R,175,ESP,24.709,70,0,C001,10,,Darren Cahill,R,185,AUS,23.617,26,0,3-6 6-3 7-5,3,R16,,,,,,,,,,,,,,,,,,,
1989-416,Rome,Clay,64,A,19890515,51,C009,,WC,Omar Camporese,R,188,ITA,21.018,120,0,Y017,13,,Jaime Yzaga,R,170,PER,21.561,40,0,6-3 6-4,3,R16,,,,,,,,,,,,,,,,,,,
1989-416,Rome,Clay,64,A,19890515,52,M372,11,,Alberto Mancini,R,180,ARG,19.986,25,0,S014,6,,Emilio Sanchez,R,180,ESP,23.962,13,0,W/O,3,R16,,,,,,,,,,,,,,,,,,,
1989-416,Rome,Clay,64,A,19890515,53,B350,,,Sergi Bruguera,R,188,ESP,18.327,81,0,C044,5,,Jimmy Connors,L,178,USA,36.698,11,0,6-1 6-1,3,R16,,,,,,,,,,,,,,,,,,,
1989-416,Rome,Clay,64,A,19890515,54,K016,,,Mark Koevermans,R,185,NED,21.279,101,0,N109,,,Diego Nargiso,L,188,ITA,19.168,106,0,6-3 3-6 6-1,3,R16,,,,,,,,,,,,,,,,,,,
1989-416,Rome,Clay,64,A,19890515,55,P190,8,,Guillermo Perez-Roldan,R,178,ARG,19.567,22,0,C243,,,Jim Courier,R,185,USA,18.743,47,0,6-1 6-7 6-3,3,R16,,,,,,,,,,,,,,,,,,,
1989-416,Rome,Clay,64,A,19890515,56,A092,2,,Andre Agassi,R,180,USA,19.044,5,0,L009,,,Leonardo Lavalle,L,188,MEX,21.837,76,0,6-3 6-4,3,R16,,,,,,,,,,,,,,,,,,,
1989-416,Rome,Clay,64,A,19890515,57,A034,,,Jordi Arrese,R,175,ESP,24.709,70,0,B281,,,Jay Berger,R,180,USA,22.467,34,0,6-1 6-1,3,QF,,,,,,,,,,,,,,,,,,,
1989-416,Rome,Clay,64,A,19890515,58,M372,11,,Alberto Mancini,R,180,ARG,19.986,25,0,C009,,WC,Omar Camporese,R,188,ITA,21.018,120,0,7-5 6-7 6-3,3,QF,,,,,,,,,,,,,,,,,,,
1989-416,Rome,Clay,64,A,19890515,59,B350,,,Sergi Bruguera,R,188,ESP,18.327,81,0,K016,,,Mark Koevermans,R,185,NED,21.279,101,0,6-2 6-4,3,QF,,,,,,,,,,,,,,,,,,,
1989-416,Rome,Clay,64,A,19890515,60,A092,2,,Andre Agassi,R,180,USA,19.044,5,0,P190,8,,Guillermo Perez-Roldan,R,178,ARG,19.567,22,0,6-3 6-1,3,QF,,,,,,,,,,,,,,,,,,,
1989-416,Rome,Clay,64,A,19890515,61,M372,11,,Alberto Mancini,R,180,ARG,19.986,25,0,A034,,,Jordi Arrese,R,175,ESP,24.709,70,0,6-2 6-4,3,SF,,,,,,,,,,,,,,,,,,,
1989-416,Rome,Clay,64,A,19890515,62,A092,2,,Andre Agassi,R,180,USA,19.044,5,0,B350,,,Sergi Bruguera,R,188,ESP,18.327,81,0,6-3 6-4,3,SF,,,,,,,,,,,,,,,,,,,
1989-416,Rome,Clay,64,A,19890515,63,M372,11,,Alberto Mancini,R,180,ARG,19.986,25,0,A092,2,,Andre Agassi,R,180,USA,19.044,5,0,6-3 4-6 2-6 7-6 6-1,5,F,,,,,,,,,,,,,,,,,,,
1989-310,Florence,Clay,32,A,19890522,1,G023,1,,Andres Gomez,L,193,ECU,29.232,28,0,M057,,,Tore Meinecke,R,180,GER,21.837,221,0,6-2 7-5,3,R32,,,,,,,,,,,,,,,,,,,
1989-310,Florence,Clay,32,A,19890522,2,C013,,,Francesco Cancellotti,R,183,ITA,26.231,77,0,C270,,Q,Cristiano Caratti,R,178,ITA,18.995,431,0,6-4 6-4,3,R32,,,,,,,,,,,,,,,,,,,
1989-310,Florence,Clay,32,A,19890522,3,C009,,,Omar Camporese,R,188,ITA,21.038,68,0,C039,,WC,Jose-Luis Clerc,R,185,ARG,30.765,547,0,6-2 3-6 6-3,3,R32,,,,,,,,,,,,,,,,,,,
1989-310,Florence,Clay,32,A,19890522,4,L043,8,,Fernando Luna,R,175,ESP,31.077,71,0,V034,,,Raul Antonio Viver,L,190,ECU,28.181,181,0,6-0 6-4,3,R32,,,,,,,,,,,,,,,,,,,
1989-310,Florence,Clay,32,A,19890522,5,B035,4,,Eduardo Bengoechea,R,185,ARG,29.889,65,0,N006,,WC,Massimiliano Narducci,R,185,ITA,25.238,274,0,4-6 6-3 6-4,3,R32,,,,,,,,,,,,,,,,,,,
1989-310,Florence,Clay,32,A,19890522,6,C252,,Q,Francisco Clavet,L,183,ESP,20.575,319,0,C035,,,Massimo Cierro,R,173,ITA,25.04,180,0,6-3 6-2,3,R32,,,,,,,,,,,,,,,,,,,
1989-310,Florence,Clay,32,A,19890522,7,A040,,,Roberto Azar,L,185,ARG,23.17,198,0,M069,,,Christian Miniussi,R,185,ARG,21.881,232,0,7-6 5-7 6-2,3,R32,,,,,,,,,,,,,,,,,,,
1989-310,Florence,Clay,32,A,19890522,8,D008,6,,Horacio De La Pena,L,180,ARG,22.806,66,0,P050,,,Goran Prpic,R,180,CRO,25.049,67,0,6-3 6-2,3,R32,,,,,,,,,,,,,,,,,,,
1989-310,Florence,Clay,32,A,19890522,9,I034,5,,Goran Ivanisevic,L,193,CRO,17.689,62,0,R012,,,Pedro Rebolledo,R,170,CHI,28.427,216,0,6-3 6-3,3,R32,,,,,,,,,,,,,,,,,,,
1989-310,Florence,Clay,32,A,19890522,10,A031,,Q,Jimmy Arias,R,175,USA,24.764,104,0,P037,,,Claudio Pistolesi,R,180,ITA,21.741,153,0,6-2 6-4,3,R32,,,,,,,,,,,,,,,,,,,
1989-310,Florence,Clay,32,A,19890522,11,P004,,,Veli Paloheimo,R,183,FIN,21.44,113,0,R110,,,Markus Rackl,L,180,GER,20.219,219,0,6-3 6-0,3,R32,,,,,,,,,,,,,,,,,,,
1989-310,Florence,Clay,32,A,19890522,12,M035,3,,Luiz Mattar,R,183,BRA,25.76,44,0,P218,,,Nicolas Pereira,R,188,VEN,18.645,108,0,6-4 3-6 7-5,3,R32,,,,,,,,,,,,,,,,,,,
1989-310,Florence,Clay,32,A,19890522,13,D044,7,,Lawson Duncan,R,185,USA,24.569,70,0,P008,,,Claudio Panatta,R,178,ITA,29.3,220,0,7-5 6-4,3,R32,,,,,,,,,,,,,,,,,,,
1989-310,Florence,Clay,32,A,19890522,14,K133,,,Niclas Kroon,R,183,SWE,23.291,155,0,G197,,,Gustavo Giussani,R,180,ARG,21.21,166,0,6-4 6-1,3,R32,,,,,,,,,,,,,,,,,,,
1989-310,Florence,Clay,32,A,19890522,15,M197,,,Nuno Marques,L,190,POR,19.118,151,0,S331,,,Jason Stoltenberg,R,185,AUS,19.132,86,0,6-4 6-4,3,R32,,,,,,,,,,,,,,,,,,,
1989-310,Florence,Clay,32,A,19890522,16,T032,,,Thierry Tulasne,R,178,FRA,25.862,200,0,F165,2,,Marcelo Filippini,R,178,URU,21.799,33,0,4-6 6-2 6-0,3,R32,,,,,,,,,,,,,,,,,,,
1989-310,Florence,Clay,32,A,19890522,17,G023,1,,Andres Gomez,L,193,ECU,29.232,28,0,C013,,,Francesco Cancellotti,R,183,ITA,26.231,77,0,7-5 7-6,3,R16,,,,,,,,,,,,,,,,,,,
1989-310,Florence,Clay,32,A,19890522,18,C009,,,Omar Camporese,R,188,ITA,21.038,68,0,L043,8,,Fernando Luna,R,175,ESP,31.077,71,0,6-4 6-3,3,R16,,,,,,,,,,,,,,,,,,,
1989-310,Florence,Clay,32,A,19890522,19,B035,4,,Eduardo Bengoechea,R,185,ARG,29.889,65,0,C252,,Q,Francisco Clavet,L,183,ESP,20.575,319,0,6-2 3-6 6-3,3,R16,,,,,,,,,,,,,,,,,,,
1989-310,Florence,Clay,32,A,19890522,20,D008,6,,Horacio De La Pena,L,180,ARG,22.806,66,0,A040,,,Roberto Azar,L,185,ARG,23.17,198,0,6-1 7-6,3,R16,,,,,,,,,,,,,,,,,,,
1989-310,Florence,Clay,32,A,19890522,21,I034,5,,Goran Ivanisevic,L,193,CRO,17.689,62,0,A031,,Q,Jimmy Arias,R,175,USA,24.764,104,0,6-2 3-6 6-2,3,R16,,,,,,,,,,,,,,,,,,,
1989-310,Florence,Clay,32,A,19890522,22,M035,3,,Luiz Mattar,R,183,BRA,25.76,44,0,P004,,,Veli Paloheimo,R,183,FIN,21.44,113,0,5-7 6-4 6-3,3,R16,,,,,,,,,,,,,,,,,,,
1989-310,Florence,Clay,32,A,19890522,23,D044,7,,Lawson Duncan,R,185,USA,24.569,70,0,K133,,,Niclas Kroon,R,183,SWE,23.291,155,0,6-4 6-2,3,R16,,,,,,,,,,,,,,,,,,,
1989-310,Florence,Clay,32,A,19890522,24,T032,,,Thierry Tulasne,R,178,FRA,25.862,200,0,M197,,,Nuno Marques,L,190,POR,19.118,151,0,6-3 6-2,3,R16,,,,,,,,,,,,,,,,,,,
1989-310,Florence,Clay,32,A,19890522,25,G023,1,,Andres Gomez,L,193,ECU,29.232,28,0,C009,,,Omar Camporese,R,188,ITA,21.038,68,0,6-3 5-7 6-1,3,QF,,,,,,,,,,,,,,,,,,,
1989-310,Florence,Clay,32,A,19890522,26,D008,6,,Horacio De La Pena,L,180,ARG,22.806,66,0,B035,4,,Eduardo Bengoechea,R,185,ARG,29.889,65,0,6-3 6-1,3,QF,,,,,,,,,,,,,,,,,,,
1989-310,Florence,Clay,32,A,19890522,27,I034,5,,Goran Ivanisevic,L,193,CRO,17.689,62,0,M035,3,,Luiz Mattar,R,183,BRA,25.76,44,0,7-6 6-1,3,QF,,,,,,,,,,,,,,,,,,,
1989-310,Florence,Clay,32,A,19890522,28,D044,7,,Lawson Duncan,R,185,USA,24.569,70,0,T032,,,Thierry Tulasne,R,178,FRA,25.862,200,0,4-6 7-5 6-1,3,QF,,,,,,,,,,,,,,,,,,,
1989-310,Florence,Clay,32,A,19890522,29,D008,6,,Horacio De La Pena,L,180,ARG,22.806,66,0,G023,1,,Andres Gomez,L,193,ECU,29.232,28,0,6-1 6-1,3,SF,,,,,,,,,,,,,,,,,,,
1989-310,Florence,Clay,32,A,19890522,30,I034,5,,Goran Ivanisevic,L,193,CRO,17.689,62,0,D044,7,,Lawson Duncan,R,185,USA,24.569,70,0,6-3 6-4,3,SF,,,,,,,,,,,,,,,,,,,
1989-310,Florence,Clay,32,A,19890522,31,D008,6,,Horacio De La Pena,L,180,ARG,22.806,66,0,I034,5,,Goran Ivanisevic,L,193,CRO,17.689,62,0,6-4 6-3,3,F,,,,,,,,,,,,,,,,,,,
1989-615,World Team Cup,Clay,24,A,19890522,,W035,,,Mark Woodforde,L,188,AUS,23.661,41,,S072,,,Milan Srejber,R,203,CZE,25.394,69,,6-3 6-2,3,RR,,,,,,,,,,,,,,,,,,,
1989-615,World Team Cup,Clay,24,A,19890522,,S101,,,Jonas Svensson,R,188,SWE,22.585,22,,W035,,,Mark Woodforde,L,188,AUS,23.661,41,,5-7 6-1 6-2,3,RR,,,,,,,,,,,,,,,,,,,
1989-615,World Team Cup,Clay,24,A,19890522,,P190,,,Guillermo Perez-Roldan,R,178,ARG,19.587,21,,M052,,,Miloslav Mecir Sr.,R,191,SVK,25.008,,,7-5 6-0,3,RR,,,,,,,,,,,,,,,,,,,
1989-615,World Team Cup,Clay,24,A,19890522,,P190,,,Guillermo Perez-Roldan,R,178,ARG,19.587,21,,C001,,,Darren Cahill,R,188,AUS,23.636,25,,7-5 6-1,3,RR,,,,,,,,,,,,,,,,,,,
1989-615,World Team Cup,Clay,24,A,19890522,,J006,,,Anders Jarryd,R,180,SWE,27.858,31,,S072,,,Milan Srejber,R,203,CZE,25.394,69,,6-3 7-5,3,RR,,,,,,,,,,,,,,,,,,,
1989-615,World Team Cup,Clay,24,A,19890522,,J004,,,Martin Jaite,R,178,ARG,24.616,50,,W035,,,Mark Woodforde,L,188,AUS,23.661,41,,6-4 6-1,3,RR,,,,,,,,,,,,,,,,,,,
1989-615,World Team Cup,Clay,24,A,19890522,,J004,,,Martin Jaite,R,178,ARG,24.616,50,,S101,,,Jonas Svensson,R,188,SWE,22.585,22,,6-2 6-3,3,RR,,,,,,,,,,,,,,,,,,,
1989-615,World Team Cup,Clay,24,A,19890522,,J004,,,Martin Jaite,R,178,ARG,24.616,50,,S072,,,Milan Srejber,R,203,CZE,25.394,69,,6-1 4-6 7-5,3,RR,,,,,,,,,,,,,,,,,,,
1989-615,World Team Cup,Clay,24,A,19890522,,E004,,,Stefan Edberg,R,188,SWE,23.337,3,,P190,,,Guillermo Perez-Roldan,R,178,ARG,19.587,21,,6-1 6-1,3,RR,,,,,,,,,,,,,,,,,,,
1989-615,World Team Cup,Clay,24,A,19890522,,E004,,,Stefan Edberg,R,188,SWE,23.337,3,,M052,,,Miloslav Mecir Sr.,R,191,SVK,25.008,,,2-6 6-3 6-4,3,RR,,,,,,,,,,,,,,,,,,,
1989-615,World Team Cup,Clay,24,A,19890522,,E004,,,Stefan Edberg,R,188,SWE,23.337,3,,C001,,,Darren Cahill,R,188,AUS,23.636,25,,6-1 7-6,3,RR,,,,,,,,,,,,,,,,,,,
1989-615,World Team Cup,Clay,24,A,19890522,,C001,,,Darren Cahill,R,188,AUS,23.636,25,,M052,,,Miloslav Mecir Sr.,R,191,SVK,25.008,,,2-6 6-0 6-4,3,RR,,,,,,,,,,,,,,,,,,,
1989-615,World Team Cup,Clay,24,A,19890522,,S080,,,Carl-Uwe Steeb,L,180,GER,21.722,,,K023,,,Aaron Krickstein,R,183,USA,21.804,,,6-2 6-2,3,RR,,,,,,,,,,,,,,,,,,,
1989-615,World Team Cup,Clay,24,A,19890522,,S015,,,Javier Sanchez,R,178,ESP,21.303,61,,M041,,,Tim Mayotte,R,191,USA,28.799,9,,3-6 6-0 7-6,3,RR,,,,,,,,,,,,,,,,,,,
1989-615,World Team Cup,Clay,24,A,19890522,,M063,,,Claudio Mezzadri,R,183,SUI,23.948,186,,K030,,,Patrik Kuhnen,R,,GER,23.274,45,,6-3 6-1,3,RR,,,,,,,,,,,,,,,,,,,
1989-615,World Team Cup,Clay,24,A,19890522,,M041,,,Tim Mayotte,R,191,USA,28.799,9,,H025,,,Jakob Hlasek,R,188,SUI,24.523,8,,3-6 6-4 6-1,3,RR,,,,,,,,,,,,,,,,,,,
1989-615,World Team Cup,Clay,24,A,19890522,,K023,,,Aaron Krickstein,R,183,USA,21.804,18,,M063,,,Claudio Mezzadri,R,183,SUI,23.948,186,,5-7 6-4 6-0,3,RR,,,,,,,,,,,,,,,,,,,
1989-615,World Team Cup,Clay,24,A,19890522,,K023,,,Aaron Krickstein,R,183,USA,21.804,18,,A034,,,Jordi Arrese,R,175,ESP,24.728,37,,7-6 1-6 6-3,3,RR,,,,,,,,,,,,,,,,,,,
1989-615,World Team Cup,Clay,24,A,19890522,,H025,,,Jakob Hlasek,R,188,SUI,24.523,8,,S015,,,Javier Sanchez,R,178,ESP,21.303,61,,6-1 6-7 6-4,3,RR,,,,,,,,,,,,,,,,,,,
1989-615,World Team Cup,Clay,24,A,19890522,,B028,,,Boris Becker,R,191,GER,21.498,2,,S015,,,Javier Sanchez,R,178,ESP,21.303,61,,6-3 6-3,3,RR,,,,,,,,,,,,,,,,,,,
1989-615,World Team Cup,Clay,24,A,19890522,,B028,,,Boris Becker,R,191,GER,21.498,2,,M041,,,Tim Mayotte,R,191,USA,28.799,9,,6-4 6-3,3,RR,,,,,,,,,,,,,,,,,,,
1989-615,World Team Cup,Clay,24,A,19890522,,B028,,,Boris Becker,R,191,GER,21.498,2,,H025,,,Jakob Hlasek,R,188,SUI,24.523,8,,6-3 6-4,3,RR,,,,,,,,,,,,,,,,,,,
1989-615,World Team Cup,Clay,24,A,19890522,,A034,,,Jordi Arrese,R,175,ESP,24.728,37,,S080,,,Carl-Uwe Steeb,L,180,GER,21.722,,,6-3 6-3,3,RR,,,,,,,,,,,,,,,,,,,
1989-615,World Team Cup,Clay,24,A,19890522,,A034,,,Jordi Arrese,R,175,ESP,24.728,37,,M063,,,Claudio Mezzadri,R,183,SUI,23.948,186,,2-6 6-3 7-6,3,RR,,,,,,,,,,,,,,,,,,,
1989-615,World Team Cup,Clay,24,A,19890522,,J004,,,Martin Jaite,R,178,ARG,24.616,50,,S080,,,Carl-Uwe Steeb,L,180,GER,21.722,,,6-4 6-3,3,F,,,,,,,,,,,,,,,,,,,
1989-615,World Team Cup,Clay,24,A,19890522,,B028,,,Boris Becker,R,191,GER,21.498,2,,P190,,,Guillermo Perez-Roldan,R,178,ARG,19.587,21,,6-0 2-6 6-2,3,F,,,,,,,,,,,,,,,,,,,
1989-520,Roland Garros,Clay,128,G,19890529,1,L018,1,,Ivan Lendl,R,188,USA,29.227,1,0,K030,,,Patrik Kuhnen,R,190,GER,23.294,45,0,7-6 6-3 6-1,5,R128,,,,,,,,,,,,,,,,,,,
1989-520,Roland Garros,Clay,128,G,19890529,2,R043,,,Derrick Rostagno,R,185,USA,23.592,49,0,D015,,,Olivier Delaitre,R,170,FRA,21.993,84,0,6-3 6-2 7-6,5,R128,,,,,,,,,,,,,,,,,,,
1989-520,Roland Garros,Clay,128,G,19890529,3,G053,,,Jan Gunnarsson,R,185,SWE,26.998,53,0,F200,,WC,Frederic Fontang,R,183,FRA,19.198,440,0,7-6 5-7 6-4 6-1,5,R128,,,,,,,,,,,,,,,,,,,
1989-520,Roland Garros,Clay,128,G,19890529,4,C001,,,Darren Cahill,R,185,AUS,23.655,25,0,B075,,,Neil Broad,R,190,GBR,22.522,87,0,6-4 6-1 6-4,5,R128,,,,,,,,,,,,,,,,,,,
1989-520,Roland Garros,Clay,128,G,19890529,5,W029,,,Todd Witsken,R,183,USA,25.566,82,0,R023,,,Udo Riglewski,R,185,GER,22.836,150,0,6-2 6-1 6-4,5,R128,,,,,,,,,,,,,,,,,,,
1989-520,Roland Garros,Clay,128,G,19890529,6,R177,,Q,Francisco Roig,R,175,ESP,21.158,291,0,O009,,Q,Andrei Olhovskiy,R,185,RUS,23.121,159,0,6-4 6-3 6-2,5,R128,,,,,,,,,,,,,,,,,,,
1989-520,Roland Garros,Clay,128,G,19890529,7,S402,,,Pete Sampras,R,185,USA,17.796,92,0,L041,,,Jorge Lozano,R,180,MEX,26.034,128,0,6-3 6-2 6-4,5,R128,,,,,,,,,,,,,,,,,,,
1989-520,Roland Garros,Clay,128,G,19890529,8,C274,15,,Michael Chang,R,175,USA,17.265,19,0,M031,,,Eduardo Masso,L,178,BEL,25.38,146,0,6-7 6-3 6-0 6-3,5,R128,,,,,,,,,,,,,,,,,,,
1989-520,Roland Garros,Clay,128,G,19890529,9,N025,,,Karel Novacek,R,190,CZE,24.164,89,0,M028,,LL,Danilo Marcelino,R,193,BRA,23.225,143,0,6-2 6-2 6-2,5,R128,,,,,,,,,,,,,,,,,,,
1989-520,Roland Garros,Clay,128,G,19890529,10,B053,,WC,Arnaud Boetsch,R,183,FRA,20.159,258,0,M063,,,Claudio Mezzadri,R,180,SUI,23.967,183,0,6-4 6-1 6-3,5,R128,,,,,,,,,,,,,,,,,,,
1989-520,Roland Garros,Clay,128,G,19890529,11,B350,,,Sergi Bruguera,R,188,ESP,18.366,44,0,M197,,,Nuno Marques,L,190,POR,19.138,152,0,6-4 4-6 4-6 6-4 6-3,5,R128,,,,,,,,,,,,,,,,,,,
1989-520,Roland Garros,Clay,128,G,19890529,12,J008,,,Eric Jelen,R,180,GER,24.216,50,0,P226,,Q,Cedric Pioline,R,188,FRA,19.953,457,0,6-4 7-5 7-5,5,R128,,,,,,,,,,,,,,,,,,,
1989-520,Roland Garros,Clay,128,G,19890529,13,P037,,,Claudio Pistolesi,R,180,ITA,21.76,165,0,V028,,WC,Guillermo Vilas,L,180,ARG,36.78,179,0,6-1 6-3 6-4,5,R128,,,,,,,,,,,,,,,,,,,
1989-520,Roland Garros,Clay,128,G,19890529,14,W123,,Q,David Wheaton,R,193,USA,19.989,120,0,S424,,WC,Fabrice Santoro,R,178,FRA,16.468,481,0,3-6 0-6 6-3 6-4 8-6,5,R128,,,,,,,,,,,,,,,,,,,
1989-520,Roland Garros,Clay,128,G,19890529,15,A006,,,Ronald Agenor,R,180,USA,24.539,30,0,L030,,Q,Carl Limberger,R,170,AUS,25.344,125,0,6-4 6-2 6-1,5,R128,,,,,,,,,,,,,,,,,,,
1989-520,Roland Garros,Clay,128,G,19890529,16,M041,7,,Tim Mayotte,R,190,USA,28.819,9,0,K021,,,Mark Kratzmann,L,178,AUS,23.034,108,0,6-1 6-2 6-3,5,R128,,,,,,,,,,,,,,,,,,,
1989-520,Roland Garros,Clay,128,G,19890529,17,W023,4,,Mats Wilander,R,183,SWE,24.766598,4,0,C216,,Q,Tomas Carbonell,R,178,ESP,20.808,103,0,6-3 6-3 6-3,5,R128,,,,,,,,,,,,,,,,,,,
1989-520,Roland Garros,Clay,128,G,19890529,18,P021,,Q,Diego Perez,R,178,URU,27.299,144,0,V036,,Q,Paul Vojtischek,R,188,GER,25.96,297,0,6-0 6-3 6-2,5,R128,,,,,,,,,,,,,,,,,,,
1989-520,Roland Garros,Clay,128,G,19890529,19,V098,,,Andres Vysand,R,180,GER,23.22,101,0,M093,,Q,Alexander Mronz,R,188,GER,24.142,164,0,3-6 7-6 2-6 7-6 6-3,5,R128,,,,,,,,,,,,,,,,,,,
1989-520,Roland Garros,Clay,128,G,19890529,20,C009,,,Omar Camporese,R,188,ITA,21.057,65,0,C036,,,Josef Cihak,R,185,CZE,26.196,124,0,7-6 1-6 6-3 4-6 8-6,5,R128,,,,,,,,,,,,,,,,,,,
1989-520,Roland Garros,Clay,128,G,19890529,21,S102,,,Andrew Sznajder,R,175,CAN,22.012,102,0,G022,,,Dan Goldie,R,188,USA,25.654,48,0,2-6 0-6 6-2 7-6 6-3,5,R128,,,,,,,,,,,,,,,,,,,
1989-520,Roland Garros,Clay,128,G,19890529,22,D044,,,Lawson Duncan,R,185,USA,24.589,67,0,C028,,,Thierry Champion,R,183,FRA,22.743,135,0,4-6 6-4 7-6 6-1,5,R128,,,,,,,,,,,,,,,,,,,
1989-520,Roland Garros,Clay,128,G,19890529,23,P043,,WC,Jerome Potier,L,180,FRA,26.864,131,0,M092,,,Cassio Motta,R,180,BRA,29.265,81,0,5-7 2-6 6-3 6-1 6-0,5,R128,,,,,,,,,,,,,,,,,,,
1989-520,Roland Garros,Clay,128,G,19890529,24,M035,,,Luiz Mattar,R,183,BRA,25.78,46,0,N022,13,,Yannick Noah,R,193,FRA,29.029,17,0,7-6 6-4 6-7 6-4,5,R128,,,,,,,,,,,,,,,,,,,
1989-520,Roland Garros,Clay,128,G,19890529,25,C031,,,Andrei Chesnokov,R,188,RUS,23.318,27,0,A035,,LL,Pablo Arraya,R,180,PER,27.603,216,0,6-4 7-5 7-6,5,R128,,,,,,,,,,,,,,,,,,,
1989-520,Roland Garros,Clay,128,G,19890529,26,S101,,,Jonas Svensson,R,188,SWE,22.604,22,0,K181,,,Nicklas Kulti,R,190,SWE,18.103,172,0,7-6 7-5 6-3,5,R128,,,,,,,,,,,,,,,,,,,
1989-520,Roland Garros,Clay,128,G,19890529,27,S080,,,Carl-Uwe Steeb,L,180,GER,21.741,34,0,S331,,,Jason Stoltenberg,R,185,AUS,19.151,88,0,6-3 7-5 6-3,5,R128,,,,,,,,,,,,,,,,,,,
1989-520,Roland Garros,Clay,128,G,19890529,28,T025,,Q,Alberto Tous,R,175,ESP,26.82,276,0,N018,,,Tom Nijssen,R,175,NED,24.657,99,0,6-2 6-4 2-6 6-4,5,R128,,,,,,,,,,,,,,,,,,,
1989-520,Roland Garros,Clay,128,G,19890529,29,B074,,,Jimmy Brown,R,180,USA,24.085,105,0,S072,,,Milan Srejber,R,203,CZE,25.413,69,0,2-6 7-6 6-2 6-2,5,R128,,,,,,,,,,,,,,,,,,,
1989-520,Roland Garros,Clay,128,G,19890529,30,C243,,,Jim Courier,R,185,USA,18.782,47,0,P004,,,Veli Paloheimo,R,183,FIN,21.459,116,0,6-3 6-4 7-6,5,R128,,,,,,,,,,,,,,,,,,,
1989-520,Roland Garros,Clay,128,G,19890529,31,C012,,,Paolo Cane,R,180,ITA,24.137,42,0,G182,,,Magnus Gustafsson,R,185,SWE,22.401,58,0,3-6 1-6 6-3 6-3 6-3,5,R128,,,,,,,,,,,,,,,,,,,
1989-520,Roland Garros,Clay,128,G,19890529,32,A092,5,,Andre Agassi,R,180,USA,19.083,5,0,C018,,,Johan Carlsson,R,183,SWE,23.329,112,0,6-3 6-4 6-1,5,R128,,,,,,,,,,,,,,,,,,,
1989-520,Roland Garros,Clay,128,G,19890529,33,H025,6,,Jakob Hlasek,R,188,SUI,24.542,8,0,A034,,,Jordi Arrese,R,175,ESP,24.747,37,0,6-4 1-6 2-6 6-4 9-7,5,R128,,,,,,,,,,,,,,,,,,,
1989-520,Roland Garros,Clay,128,G,19890529,34,G023,,,Andres Gomez,L,193,ECU,29.251,29,0,C039,,WC,Jose-Luis Clerc,R,185,ARG,30.784,541,0,7-6 3-6 6-1 6-3,5,R128,,,,,,,,,,,,,,,,,,,
1989-520,Roland Garros,Clay,128,G,19890529,35,L009,,,Leonardo Lavalle,L,188,MEX,21.875,73,0,S021,,,Michiel Schapers,R,201,NED,29.632,78,0,6-7 6-3 4-6 6-3 6-3,5,R128,,,,,,,,,,,,,,,,,,,
1989-520,Roland Garros,Clay,128,G,19890529,36,T010,,Q,Michael Tauson,R,193,DEN,22.927,178,0,L043,,,Fernando Luna,R,175,ESP,31.097,74,0,0-6 6-3 6-7 6-3 7-5,5,R128,,,,,,,,,,,,,,,,,,,
1989-520,Roland Garros,Clay,128,G,19890529,37,H223,,Q,Paul Haarhuis,R,188,NED,23.272,190,0,Z006,,,Slobodan Zivojinovic,R,198,YUG,25.851,56,0,5-7 6-1 6-2 3-6 6-4,5,R128,,,,,,,,,,,,,,,,,,,
1989-520,Roland Garros,Clay,128,G,19890529,38,S288,,,Christian Saceanu,R,190,GER,20.89,114,0,G039,,,Jim Grabb,R,193,USA,25.123,104,0,6-3 3-6 7-5 6-2,5,R128,,,,,,,,,,,,,,,,,,,
1989-520,Roland Garros,Clay,128,G,19890529,39,J004,,,Martin Jaite,R,178,ARG,24.635,51,0,F165,,,Marcelo Filippini,R,178,URU,21.818,36,0,6-3 6-4 6-2,5,R128,,,,,,,,,,,,,,,,,,,
1989-520,Roland Garros,Clay,128,G,19890529,40,M372,11,,Alberto Mancini,R,180,ARG,20.025,13,0,Y002,,,Simon Youl,R,185,AUS,23.91,133,0,7-5 6-2 6-3,5,R128,,,,,,,,,,,,,,,,,,,
1989-520,Roland Garros,Clay,128,G,19890529,41,K023,14,,Aaron Krickstein,R,183,USA,21.823,18,0,V055,,Q,Richard Vogel,R,193,CZE,24.791,274,0,4-6 6-3 5-7 6-2 6-0,5,R128,,,,,,,,,,,,,,,,,,,
1989-520,Roland Garros,Clay,128,G,19890529,42,W035,,,Mark Woodforde,L,188,AUS,23.68,41,0,F192,,Q,Renzo Furlan,R,175,ITA,19.034,300,0,3-6 6-4 6-3 7-6,5,R128,,,,,,,,,,,,,,,,,,,
1989-520,Roland Garros,Clay,128,G,19890529,43,S351,,,Michael Stich,R,193,GER,20.611,119,0,S340,,,Roger Smith,R,185,BAH,25.355,121,0,7-5 6-2 6-0,5,R128,,,,,,,,,,,,,,,,,,,
1989-520,Roland Garros,Clay,128,G,19890529,44,I034,,,Goran Ivanisevic,L,193,CRO,17.708,60,0,R016,,,Richey Reneberg,R,180,USA,23.647,110,0,0-6 6-2 6-1 6-3,5,R128,,,,,,,,,,,,,,,,,,,
1989-520,Roland Garros,Clay,128,G,19890529,45,J006,,,Anders Jarryd,R,180,SWE,27.877,31,0,K016,,,Mark Koevermans,R,185,NED,21.317,79,0,3-6 7-6 6-1 6-3,5,R128,,,,,,,,,,,,,,,,,,,
1989-520,Roland Garros,Clay,128,G,19890529,46,A031,,,Jimmy Arias,R,175,USA,24.783,107,0,P024,,,Mikael Pernfors,R,173,SWE,25.87,23,0,6-2 6-2 6-2,5,R128,,,,,,,,,,,,,,,,,,,
1989-520,Roland Garros,Clay,128,G,19890529,47,P218,,,Nicolas Pereira,R,188,VEN,18.664,118,0,B040,,,Christian Bergstrom,R,180,SWE,21.862,71,0,7-5 7-6 6-3,5,R128,,,,,,,,,,,,,,,,,,,
1989-520,Roland Garros,Clay,128,G,19890529,48,E004,3,,Stefan Edberg,R,188,SWE,23.357,3,0,V002,,,Marian Vajda,R,173,SVK,24.181,85,0,6-2 6-0 1-6 6-3,5,R128,,,,,,,,,,,,,,,,,,,
1989-520,Roland Garros,Clay,128,G,19890529,49,T032,,,Thierry Tulasne,R,178,FRA,25.881,184,0,M052,8,,Miloslav Mecir Sr.,R,190,SVK,25.027,10,0,2-6 6-4 6-1 6-3,5,R128,,,,,,,,,,,,,,,,,,,
1989-520,Roland Garros,Clay,128,G,19890529,50,S055,,,Horst Skoff,R,175,AUT,20.767,26,0,B035,,,Eduardo Bengoechea,R,185,ARG,29.908,70,0,6-1 7-6 6-2,5,R128,,,,,,,,,,,,,,,,,,,
1989-520,Roland Garros,Clay,128,G,19890529,51,F031,,,Jean-Philippe Fleurian,R,185,FRA,23.713,126,0,R186,,WC,Guillaume Raoux,R,180,FRA,19.285,187,0,2-6 7-6 7-6 5-7 6-4,5,R128,,,,,,,,,,,,,,,,,,,
1989-520,Roland Garros,Clay,128,G,19890529,52,C260,,,Andrei Cherkasov,R,180,RUS,18.902,61,0,M057,,,Tore Meinecke,R,180,GER,21.856,229,0,6-4 6-2 6-4,5,R128,,,,,,,,,,,,,,,,,,,
1989-520,Roland Garros,Clay,128,G,19890529,53,Y017,,,Jaime Yzaga,R,170,PER,21.599,38,0,O018,,,Bruno Oresar,R,175,CRO,22.105,66,0,6-4 6-2 6-2,5,R128,,,,,,,,,,,,,,,,,,,
1989-520,Roland Garros,Clay,128,G,19890529,54,P050,,,Goran Prpic,R,180,CRO,25.068,77,0,D178,,Q,Frank Dennhardt,L,188,GER,21.478,340,0,7-5 6-4 6-2,5,R128,,,,,,,,,,,,,,,,,,,
1989-520,Roland Garros,Clay,128,G,19890529,55,B281,,,Jay Berger,R,180,USA,22.505,28,0,N109,,,Diego Nargiso,L,188,ITA,19.206,96,0,6-4 3-6 6-3 6-2,5,R128,,,,,,,,,,,,,,,,,,,
1989-520,Roland Garros,Clay,128,G,19890529,56,C044,9,,Jimmy Connors,L,178,USA,36.736,11,0,S328,,,Martin Strelba,R,190,CZE,22.188,62,0,6-2 2-6 6-4 6-3,5,R128,,,,,,,,,,,,,,,,,,,
1989-520,Roland Garros,Clay,128,G,19890529,57,P190,16,,Guillermo Perez-Roldan,R,178,ARG,19.606,21,0,C024,,,Sergio Casal,R,185,ESP,26.721,123,0,6-1 6-2 6-0,5,R128,,,,,,,,,,,,,,,,,,,
1989-520,Roland Garros,Clay,128,G,19890529,58,D008,,,Horacio De La Pena,L,180,ARG,22.825,52,0,F164,,,Richard Fromberg,R,196,AUS,19.086,132,0,6-4 6-4 6-2,5,R128,,,,,,,,,,,,,,,,,,,
1989-520,Roland Garros,Clay,128,G,19890529,59,C013,,,Francesco Cancellotti,R,183,ITA,26.251,80,0,P012,,,David Pate,R,183,USA,27.118,115,0,4-6 6-1 6-4 6-2,5,R128,,,,,,,,,,,,,,,,,,,
1989-520,Roland Garros,Clay,128,G,19890529,60,M064,,,Glenn Michibata,R,175,CAN,26.96,93,0,S347,,,Tobias Svantesson,R,193,SWE,26.16,154,0,6-4 6-4 6-4,5,R128,,,,,,,,,,,,,,,,,,,
1989-520,Roland Garros,Clay,128,G,19890529,61,B021,,Q,Jeremy Bates,R,180,GBR,26.943,147,0,D005,,,Marty Davis,R,183,USA,30.535,95,0,6-0 6-4 6-4,5,R128,,,,,,,,,,,,,,,,,,,
1989-520,Roland Garros,Clay,128,G,19890529,62,R006,,,Olli Rahnasto,R,183,FIN,23.417,117,0,L044,,,Peter Lundgren,R,185,SWE,24.329,63,0,6-4 6-4 6-2,5,R128,,,,,,,,,,,,,,,,,,,
1989-520,Roland Garros,Clay,128,G,19890529,63,W026,,WC,Eric Winogradsky,R,188,FRA,23.102,127,0,S015,,,Javier Sanchez,R,178,ESP,21.322,64,0,7-5 6-4 6-4,5,R128,,,,,,,,,,,,,,,,,,,
1989-520,Roland Garros,Clay,128,G,19890529,64,B028,2,,Boris Becker,R,190,GER,21.517,2,0,P052,,,Jim Pugh,R,193,USA,25.311,75,0,6-4 6-2 6-3,5,R128,,,,,,,,,,,,,,,,,,,
1989-520,Roland Garros,Clay,128,G,19890529,65,L018,1,,Ivan Lendl,R,188,USA,29.227,1,0,R043,,,Derrick Rostagno,R,185,USA,23.592,49,0,6-1 6-3 6-1,5,R64,,,,,,,,,,,,,,,,,,,
1989-520,Roland Garros,Clay,128,G,19890529,66,C001,,,Darren Cahill,R,185,AUS,23.655,25,0,G053,,,Jan Gunnarsson,R,185,SWE,26.998,53,0,5-7 6-3 6-2 7-5,5,R64,,,,,,,,,,,,,,,,,,,
1989-520,Roland Garros,Clay,128,G,19890529,67,R177,,Q,Francisco Roig,R,175,ESP,21.158,291,0,W029,,,Todd Witsken,R,183,USA,25.566,82,0,7-6 6-7 6-1 7-6,5,R64,,,,,,,,,,,,,,,,,,,
1989-520,Roland Garros,Clay,128,G,19890529,68,C274,15,,Michael Chang,R,175,USA,17.265,19,0,S402,,,Pete Sampras,R,185,USA,17.796,92,0,6-1 6-1 6-1,5,R64,,,,,,,,,,,,,,,,,,,
1989-520,Roland Garros,Clay,128,G,19890529,69,N025,,,Karel Novacek,R,190,CZE,24.164,89,0,B053,,WC,Arnaud Boetsch,R,183,FRA,20.159,258,0,6-3 6-3 6-3,5,R64,,,,,,,,,,,,,,,,,,,
1989-520,Roland Garros,Clay,128,G,19890529,70,B350,,,Sergi Bruguera,R,188,ESP,18.366,44,0,J008,,,Eric Jelen,R,180,GER,24.216,50,0,5-7 7-6 7-6 7-6,5,R64,,,,,,,,,,,,,,,,,,,
1989-520,Roland Garros,Clay,128,G,19890529,71,P037,,,Claudio Pistolesi,R,180,ITA,21.76,165,0,W123,,Q,David Wheaton,R,193,USA,19.989,120,0,7-6 7-5 6-2,5,R64,,,,,,,,,,,,,,,,,,,
1989-520,Roland Garros,Clay,128,G,19890529,72,A006,,,Ronald Agenor,R,180,USA,24.539,30,0,M041,7,,Tim Mayotte,R,190,USA,28.819,9,0,3-6 7-5 5-7 7-5 6-2,5,R64,,,,,,,,,,,,,,,,,,,
1989-520,Roland Garros,Clay,128,G,19890529,73,W023,4,,Mats Wilander,R,183,SWE,24.766598,4,0,P021,,Q,Diego Perez,R,178,URU,27.299,144,0,6-3 7-6 6-3,5,R64,,,,,,,,,,,,,,,,,,,
1989-520,Roland Garros,Clay,128,G,19890529,74,C009,,,Omar Camporese,R,188,ITA,21.057,65,0,V098,,,Andres Vysand,R,180,GER,23.22,101,0,7-6 6-7 6-3 6-2,5,R64,,,,,,,,,,,,,,,,,,,
1989-520,Roland Garros,Clay,128,G,19890529,75,D044,,,Lawson Duncan,R,185,USA,24.589,67,0,S102,,,Andrew Sznajder,R,175,CAN,22.012,102,0,6-2 6-1 6-3,5,R64,,,,,,,,,,,,,,,,,,,
1989-520,Roland Garros,Clay,128,G,19890529,76,P043,,WC,Jerome Potier,L,180,FRA,26.864,131,0,M035,,,Luiz Mattar,R,183,BRA,25.78,46,0,6-4 7-6 6-7 3-6 6-3,5,R64,,,,,,,,,,,,,,,,,,,
1989-520,Roland Garros,Clay,128,G,19890529,77,C031,,,Andrei Chesnokov,R,188,RUS,23.318,27,0,S101,,,Jonas Svensson,R,188,SWE,22.604,22,0,3-6 6-1 6-4 6-0,5,R64,,,,,,,,,,,,,,,,,,,
1989-520,Roland Garros,Clay,128,G,19890529,78,S080,,,Carl-Uwe Steeb,L,180,GER,21.741,34,0,T025,,Q,Alberto Tous,R,175,ESP,26.82,276,0,7-5 6-4 7-5,5,R64,,,,,,,,,,,,,,,,,,,
1989-520,Roland Garros,Clay,128,G,19890529,79,C243,,,Jim Courier,R,185,USA,18.782,47,0,B074,,,Jimmy Brown,R,180,USA,24.085,105,0,6-0 7-5 6-1,5,R64,,,,,,,,,,,,,,,,,,,
1989-520,Roland Garros,Clay,128,G,19890529,80,A092,5,,Andre Agassi,R,180,USA,19.083,5,0,C012,,,Paolo Cane,R,180,ITA,24.137,42,0,6-2 6-2 6-3,5,R64,,,,,,,,,,,,,,,,,,,
1989-520,Roland Garros,Clay,128,G,19890529,81,H025,6,,Jakob Hlasek,R,188,SUI,24.542,8,0,G023,,,Andres Gomez,L,193,ECU,29.251,29,0,6-4 6-2 6-2,5,R64,,,,,,,,,,,,,,,,,,,
1989-520,Roland Garros,Clay,128,G,19890529,82,L009,,,Leonardo Lavalle,L,188,MEX,21.875,73,0,T010,,Q,Michael Tauson,R,193,DEN,22.927,178,0,6-4 6-1 6-2,5,R64,,,,,,,,,,,,,,,,,,,
1989-520,Roland Garros,Clay,128,G,19890529,83,H223,,Q,Paul Haarhuis,R,188,NED,23.272,190,0,S288,,,Christian Saceanu,R,190,GER,20.89,114,0,6-7 6-2 7-6 6-1,5,R64,,,,,,,,,,,,,,,,,,,
1989-520,Roland Garros,Clay,128,G,19890529,84,M372,11,,Alberto Mancini,R,180,ARG,20.025,13,0,J004,,,Martin Jaite,R,178,ARG,24.635,51,0,7-6 6-4 6-3,5,R64,,,,,,,,,,,,,,,,,,,
1989-520,Roland Garros,Clay,128,G,19890529,85,W035,,,Mark Woodforde,L,188,AUS,23.68,41,0,K023,14,,Aaron Krickstein,R,183,USA,21.823,18,0,1-6 6-7 6-4 6-4 6-4,5,R64,,,,,,,,,,,,,,,,,,,
1989-520,Roland Garros,Clay,128,G,19890529,86,I034,,,Goran Ivanisevic,L,193,CRO,17.708,60,0,S351,,,Michael Stich,R,193,GER,20.611,119,0,6-2 6-3 6-2,5,R64,,,,,,,,,,,,,,,,,,,
1989-520,Roland Garros,Clay,128,G,19890529,87,A031,,,Jimmy Arias,R,175,USA,24.783,107,0,J006,,,Anders Jarryd,R,180,SWE,27.877,31,0,7-6 7-5 6-1,5,R64,,,,,,,,,,,,,,,,,,,
1989-520,Roland Garros,Clay,128,G,19890529,88,E004,3,,Stefan Edberg,R,188,SWE,23.357,3,0,P218,,,Nicolas Pereira,R,188,VEN,18.664,118,0,6-4 6-4 6-2,5,R64,,,,,,,,,,,,,,,,,,,
1989-520,Roland Garros,Clay,128,G,19890529,89,T032,,,Thierry Tulasne,R,178,FRA,25.881,184,0,S055,,,Horst Skoff,R,175,AUT,20.767,26,0,3-6 7-5 6-2 4-6 6-4,5,R64,,,,,,,,,,,,,,,,,,,
1989-520,Roland Garros,Clay,128,G,19890529,90,F031,,,Jean-Philippe Fleurian,R,185,FRA,23.713,126,0,C260,,,Andrei Cherkasov,R,180,RUS,18.902,61,0,6-3 7-6 6-3,5,R64,,,,,,,,,,,,,,,,,,,
1989-520,Roland Garros,Clay,128,G,19890529,91,Y017,,,Jaime Yzaga,R,170,PER,21.599,38,0,P050,,,Goran Prpic,R,180,CRO,25.068,77,0,3-6 6-3 6-3 4-6 6-3,5,R64,,,,,,,,,,,,,,,,,,,
1989-520,Roland Garros,Clay,128,G,19890529,92,B281,,,Jay Berger,R,180,USA,22.505,28,0,C044,9,,Jimmy Connors,L,178,USA,36.736,11,0,4-6 6-3 7-5 7-5,5,R64,,,,,,,,,,,,,,,,,,,
1989-520,Roland Garros,Clay,128,G,19890529,93,P190,16,,Guillermo Perez-Roldan,R,178,ARG,19.606,21,0,D008,,,Horacio De La Pena,L,180,ARG,22.825,52,0,7-6 2-6 7-5 4-6 6-2,5,R64,,,,,,,,,,,,,,,,,,,
1989-520,Roland Garros,Clay,128,G,19890529,94,C013,,,Francesco Cancellotti,R,183,ITA,26.251,80,0,M064,,,Glenn Michibata,R,175,CAN,26.96,93,0,6-4 6-4 6-0,5,R64,,,,,,,,,,,,,,,,,,,
1989-520,Roland Garros,Clay,128,G,19890529,95,B021,,Q,Jeremy Bates,R,180,GBR,26.943,147,0,R006,,,Olli Rahnasto,R,183,FIN,23.417,117,0,6-3 6-2 6-4,5,R64,,,,,,,,,,,,,,,,,,,
1989-520,Roland Garros,Clay,128,G,19890529,96,B028,2,,Boris Becker,R,190,GER,21.517,2,0,W026,,WC,Eric Winogradsky,R,188,FRA,23.102,127,0,7-6 7-5 6-3,5,R64,,,,,,,,,,,,,,,,,,,
1989-520,Roland Garros,Clay,128,G,19890529,97,L018,1,,Ivan Lendl,R,188,USA,29.227,1,0,C001,,,Darren Cahill,R,185,AUS,23.655,25,0,7-6 6-3 6-3,5,R32,,,,,,,,,,,,,,,,,,,
1989-520,Roland Garros,Clay,128,G,19890529,98,C274,15,,Michael Chang,R,175,USA,17.265,19,0,R177,,Q,Francisco Roig,R,175,ESP,21.158,291,0,6-0 7-5 6-3,5,R32,,,,,,,,,,,,,,,,,,,
1989-520,Roland Garros,Clay,128,G,19890529,99,B350,,,Sergi Bruguera,R,188,ESP,18.366,44,0,N025,,,Karel Novacek,R,190,CZE,24.164,89,0,6-4 6-1 1-6 6-3,5,R32,,,,,,,,,,,,,,,,,,,
1989-520,Roland Garros,Clay,128,G,19890529,100,A006,,,Ronald Agenor,R,180,USA,24.539,30,0,P037,,,Claudio Pistolesi,R,180,ITA,21.76,165,0,1-6 6-1 6-4 6-3,5,R32,,,,,,,,,,,,,,,,,,,
1989-520,Roland Garros,Clay,128,G,19890529,101,W023,4,,Mats Wilander,R,183,SWE,24.766598,4,0,C009,,,Omar Camporese,R,188,ITA,21.057,65,0,6-4 6-3 7-6,5,R32,,,,,,,,,,,,,,,,,,,
1989-520,Roland Garros,Clay,128,G,19890529,102,D044,,,Lawson Duncan,R,185,USA,24.589,67,0,P043,,WC,Jerome Potier,L,180,FRA,26.864,131,0,6-4 6-0 6-4,5,R32,,,,,,,,,,,,,,,,,,,
1989-520,Roland Garros,Clay,128,G,19890529,103,C031,,,Andrei Chesnokov,R,188,RUS,23.318,27,0,S080,,,Carl-Uwe Steeb,L,180,GER,21.741,34,0,3-6 6-1 7-5 6-3,5,R32,,,,,,,,,,,,,,,,,,,
1989-520,Roland Garros,Clay,128,G,19890529,104,C243,,,Jim Courier,R,185,USA,18.782,47,0,A092,5,,Andre Agassi,R,180,USA,19.083,5,0,7-6 4-6 6-3 6-2,5,R32,,,,,,,,,,,,,,,,,,,
1989-520,Roland Garros,Clay,128,G,19890529,105,H025,6,,Jakob Hlasek,R,188,SUI,24.542,8,0,L009,,,Leonardo Lavalle,L,188,MEX,21.875,73,0,4-6 6-1 3-6 6-3 6-4,5,R32,,,,,,,,,,,,,,,,,,,
1989-520,Roland Garros,Clay,128,G,19890529,106,M372,11,,Alberto Mancini,R,180,ARG,20.025,13,0,H223,,Q,Paul Haarhuis,R,188,NED,23.272,190,0,6-4 6-4 6-3,5,R32,,,,,,,,,,,,,,,,,,,
1989-520,Roland Garros,Clay,128,G,19890529,107,I034,,,Goran Ivanisevic,L,193,CRO,17.708,60,0,W035,,,Mark Woodforde,L,188,AUS,23.68,41,0,6-3 6-4 6-0,5,R32,,,,,,,,,,,,,,,,,,,
1989-520,Roland Garros,Clay,128,G,19890529,108,E004,3,,Stefan Edberg,R,188,SWE,23.357,3,0,A031,,,Jimmy Arias,R,175,USA,24.783,107,0,6-4 6-4 6-4,5,R32,,,,,,,,,,,,,,,,,,,
1989-520,Roland Garros,Clay,128,G,19890529,109,T032,,,Thierry Tulasne,R,178,FRA,25.881,184,0,F031,,,Jean-Philippe Fleurian,R,185,FRA,23.713,126,0,7-6 4-6 6-0 6-7 6-0,5,R32,,,,,,,,,,,,,,,,,,,
1989-520,Roland Garros,Clay,128,G,19890529,110,B281,,,Jay Berger,R,180,USA,22.505,28,0,Y017,,,Jaime Yzaga,R,170,PER,21.599,38,0,6-4 6-2 6-2,5,R32,,,,,,,,,,,,,,,,,,,
1989-520,Roland Garros,Clay,128,G,19890529,111,P190,16,,Guillermo Perez-Roldan,R,178,ARG,19.606,21,0,C013,,,Francesco Cancellotti,R,183,ITA,26.251,80,0,6-1 3-6 6-2 6-3,5,R32,,,,,,,,,,,,,,,,,,,
1989-520,Roland Garros,Clay,128,G,19890529,112,B028,2,,Boris Becker,R,190,GER,21.517,2,0,B021,,Q,Jeremy Bates,R,180,GBR,26.943,147,0,7-5 6-1 6-2,5,R32,,,,,,,,,,,,,,,,,,,
1989-520,Roland Garros,Clay,128,G,19890529,113,C274,15,,Michael Chang,R,175,USA,17.265,19,0,L018,1,,Ivan Lendl,R,188,USA,29.227,1,0,4-6 4-6 6-3 6-3 6-3,5,R16,,,,,,,,,,,,,,,,,,,
1989-520,Roland Garros,Clay,128,G,19890529,114,A006,,,Ronald Agenor,R,180,USA,24.539,30,0,B350,,,Sergi Bruguera,R,188,ESP,18.366,44,0,2-6 3-6 6-3 6-1 6-2,5,R16,,,,,,,,,,,,,,,,,,,
1989-520,Roland Garros,Clay,128,G,19890529,115,W023,4,,Mats Wilander,R,183,SWE,24.766598,4,0,D044,,,Lawson Duncan,R,185,USA,24.589,67,0,7-5 6-3 6-2,5,R16,,,,,,,,,,,,,,,,,,,
1989-520,Roland Garros,Clay,128,G,19890529,116,C031,,,Andrei Chesnokov,R,188,RUS,23.318,27,0,C243,,,Jim Courier,R,185,USA,18.782,47,0,2-6 3-6 7-6 6-2 7-5,5,R16,,,,,,,,,,,,,,,,,,,
1989-520,Roland Garros,Clay,128,G,19890529,117,M372,11,,Alberto Mancini,R,180,ARG,20.025,13,0,H025,6,,Jakob Hlasek,R,188,SUI,24.542,8,0,6-4 6-4 4-6 2-6 6-4,5,R16,,,,,,,,,,,,,,,,,,,
1989-520,Roland Garros,Clay,128,G,19890529,118,E004,3,,Stefan Edberg,R,188,SWE,23.357,3,0,I034,,,Goran Ivanisevic,L,193,CRO,17.708,60,0,7-5 6-3 6-3,5,R16,,,,,,,,,,,,,,,,,,,
1989-520,Roland Garros,Clay,128,G,19890529,119,B281,,,Jay Berger,R,180,USA,22.505,28,0,T032,,,Thierry Tulasne,R,178,FRA,25.881,184,0,3-6 6-2 6-0 6-3,5,R16,,,,,,,,,,,,,,,,,,,
1989-520,Roland Garros,Clay,128,G,19890529,120,B028,2,,Boris Becker,R,190,GER,21.517,2,0,P190,16,,Guillermo Perez-Roldan,R,178,ARG,19.606,21,0,3-6 6-4 6-2 4-6 7-5,5,R16,,,,,,,,,,,,,,,,,,,
1989-520,Roland Garros,Clay,128,G,19890529,121,C274,15,,Michael Chang,R,175,USA,17.265,19,0,A006,,,Ronald Agenor,R,180,USA,24.539,30,0,6-4 2-6 6-4 7-6,5,QF,,,,,,,,,,,,,,,,,,,
1989-520,Roland Garros,Clay,128,G,19890529,122,C031,,,Andrei Chesnokov,R,188,RUS,23.318,27,0,W023,4,,Mats Wilander,R,183,SWE,24.766598,4,0,6-4 6-0 7-5,5,QF,,,,,,,,,,,,,,,,,,,
1989-520,Roland Garros,Clay,128,G,19890529,123,E004,3,,Stefan Edberg,R,188,SWE,23.357,3,0,M372,11,,Alberto Mancini,R,180,ARG,20.025,13,0,6-1 6-3 7-6,5,QF,,,,,,,,,,,,,,,,,,,
1989-520,Roland Garros,Clay,128,G,19890529,124,B028,2,,Boris Becker,R,190,GER,21.517,2,0,B281,,,Jay Berger,R,180,USA,22.505,28,0,6-3 6-4 6-1,5,QF,,,,,,,,,,,,,,,,,,,
1989-520,Roland Garros,Clay,128,G,19890529,125,C274,15,,Michael Chang,R,175,USA,17.265,19,0,C031,,,Andrei Chesnokov,R,188,RUS,23.318,27,0,6-1 5-7 7-6 7-5,5,SF,,,,,,,,,,,,,,,,,,,
1989-520,Roland Garros,Clay,128,G,19890529,126,E004,3,,Stefan Edberg,R,188,SWE,23.357,3,0,B028,2,,Boris Becker,R,190,GER,21.517,2,0,6-3 6-4 5-7 3-6 6-2,5,SF,,,,,,,,,,,,,,,,,,,
1989-520,Roland Garros,Clay,128,G,19890529,127,C274,15,,Michael Chang,R,175,USA,17.265,19,0,E004,3,,Stefan Edberg,R,188,SWE,23.357,3,0,6-1 3-6 4-6 6-4 6-2,5,F,,,,,,,,,,,,,,,,,,,
1989-311,Queen's Club,Grass,64,A,19890612,1,L018,1,,Ivan Lendl,R,188,USA,29.265,1,0,S347,,,Tobias Svantesson,R,193,SWE,26.198,196,0,1-6 6-2 6-1,3,R64,,,,,,,,,,,,,,,,,,,
1989-311,Queen's Club,Grass,64,A,19890612,2,K021,,,Mark Kratzmann,L,178,AUS,23.072,121,0,B075,,,Neil Broad,R,190,GBR,22.56,98,0,6-3 6-2,3,R64,,,,,,,,,,,,,,,,,,,
1989-311,Queen's Club,Grass,64,A,19890612,3,D004,,,Scott Davis,R,188,USA,26.793,86,0,C260,,,Andrei Cherkasov,R,180,RUS,18.94,60,0,7-5 7-6,3,R64,,,,,,,,,,,,,,,,,,,
1989-311,Queen's Club,Grass,64,A,19890612,4,J008,15,,Eric Jelen,R,180,GER,24.255,59,0,G039,,,Jim Grabb,R,193,USA,25.161,101,0,6-1 6-4,3,R64,,,,,,,,,,,,,,,,,,,
1989-311,Queen's Club,Grass,64,A,19890612,5,M197,,,Nuno Marques,L,190,POR,19.176,157,0,V037,9,,Alexander Volkov,L,188,RUS,22.278,33,0,7-5 6-3,3,R64,,,,,,,,,,,,,,,,,,,
1989-311,Queen's Club,Grass,64,A,19890612,6,R029,,Q,Joey Rive,L,185,USA,25.93,185,0,P012,,,David Pate,R,183,USA,27.157,136,0,7-6 6-3,3,R64,,,,,,,,,,,,,,,,,,,
1989-311,Queen's Club,Grass,64,A,19890612,7,S351,,,Michael Stich,R,193,GER,20.649,107,0,L030,,,Carl Limberger,R,170,AUS,25.383,137,0,6-7 7-6 6-2,3,R64,,,,,,,,,,,,,,,,,,,
1989-311,Queen's Club,Grass,64,A,19890612,8,C001,7,,Darren Cahill,R,185,AUS,23.693,26,0,C046,,Q,Grant Connell,L,185,CAN,23.567,147,0,5-7 6-2 6-4,3,R64,,,,,,,,,,,,,,,,,,,
1989-311,Queen's Club,Grass,64,A,19890612,9,W023,3,,Mats Wilander,R,183,SWE,24.804928,5,0,M032,,Q,Richard Matuszewski,R,188,USA,24.761,53,0,6-2 6-2,3,R64,,,,,,,,,,,,,,,,,,,
1989-311,Queen's Club,Grass,64,A,19890612,10,W123,,,David Wheaton,R,193,USA,20.027,109,0,K181,,,Nicklas Kulti,R,190,SWE,18.141,166,0,7-6 6-3,3,R64,,,,,,,,,,,,,,,,,,,
1989-311,Queen's Club,Grass,64,A,19890612,11,C029,,,Paul Chamberlin,R,178,USA,27.214,90,0,G013,,,Sammy Giammalva Jr.,R,178,USA,26.22,123,0,6-4 4-6 6-2,3,R64,,,,,,,,,,,,,,,,,,,
1989-311,Queen's Club,Grass,64,A,19890612,12,S288,,,Christian Saceanu,R,190,GER,20.928,115,0,K030,13,,Patrik Kuhnen,R,190,GER,23.332,46,0,7-6 6-3,3,R64,,,,,,,,,,,,,,,,,,,
1989-311,Queen's Club,Grass,64,A,19890612,13,A027,12,,Paul Annacone,R,185,USA,26.231,49,0,V008,,Q,Robert Van't Hof,R,193,USA,30.174,167,0,6-3 6-7 6-1,3,R64,,,,,,,,,,,,,,,,,,,
1989-311,Queen's Club,Grass,64,A,19890612,14,Y002,,,Simon Youl,R,185,AUS,23.948,124,0,D049,,,Broderick Dyke,L,183,AUS,28.446,165,0,7-6 7-5,3,R64,,,,,,,,,,,,,,,,,,,
1989-311,Queen's Club,Grass,64,A,19890612,15,S402,,,Pete Sampras,R,185,USA,17.834,94,0,N018,,,Tom Nijssen,R,175,NED,24.695,103,0,6-3 7-6,3,R64,,,,,,,,,,,,,,,,,,,
1989-311,Queen's Club,Grass,64,A,19890612,16,C057,5,,Kevin Curren,R,185,USA,31.28,14,0,S034,,,Robert Seguso,R,190,USA,26.116,45,0,6-4 4-6 6-2,3,R64,,,,,,,,,,,,,,,,,,,
1989-311,Queen's Club,Grass,64,A,19890612,17,M096,,,Gary Muller,L,190,RSA,24.457,133,0,M012,6,,Amos Mansdorf,R,175,ISR,23.644,21,0,3-6 6-3 10-8,3,R64,,,,,,,,,,,,,,,,,,,
1989-311,Queen's Club,Grass,64,A,19890612,18,P048,,,Chris Pridham,R,183,CAN,24.17,139,0,G174,,Q,Bret Garnett,R,185,USA,21.947,210,0,6-4 7-6,3,R64,,,,,,,,,,,,,,,,,,,
1989-311,Queen's Club,Grass,64,A,19890612,19,R016,,,Richey Reneberg,R,180,USA,23.685,113,0,D040,,,Brad Drewett,L,185,AUS,30.899,100,0,6-2 6-3,3,R64,,,,,,,,,,,,,,,,,,,
1989-311,Queen's Club,Grass,64,A,19890612,20,W035,11,,Mark Woodforde,L,188,AUS,23.718,39,0,J009,,Q,Luke Jensen,U,190,USA,22.984,292,0,6-3 7-6,3,R64,,,,,,,,,,,,,,,,,,,
1989-311,Queen's Club,Grass,64,A,19890612,21,R043,14,,Derrick Rostagno,R,185,USA,23.63,50,0,R186,,Q,Guillaume Raoux,R,180,FRA,19.324,190,0,6-1 6-3,3,R64,,,,,,,,,,,,,,,,,,,
1989-311,Queen's Club,Grass,64,A,19890612,22,B021,,,Jeremy Bates,R,180,GBR,26.982,141,0,O009,,,Andrei Olhovskiy,R,185,RUS,23.159,171,0,7-6 6-3,3,R64,,,,,,,,,,,,,,,,,,,
1989-311,Queen's Club,Grass,64,A,19890612,23,W019,,,Tim Wilkison,L,180,USA,29.552,89,0,K024,,,Ramesh Krishnan,R,170,IND,28.019,61,0,6-1 6-2,3,R64,,,,,,,,,,,,,,,,,,,
1989-311,Queen's Club,Grass,64,A,19890612,24,M041,4,,Tim Mayotte,R,190,USA,28.857,10,0,A025,,,Matt Anger,R,188,USA,25.979,143,0,6-4 7-6,3,R64,,,,,,,,,,,,,,,,,,,
1989-311,Queen's Club,Grass,64,A,19890612,25,V014,8,,Christo Van Rensburg,R,185,RSA,26.637,35,0,V032,,,Danie Visser,L,180,RSA,27.88,131,0,7-5 3-6 6-3,3,R64,,,,,,,,,,,,,,,,,,,
1989-311,Queen's Club,Grass,64,A,19890612,26,L010,,,Glenn Layendecker,L,185,USA,28.093,93,0,S045,,,Leif Shiras,R,183,USA,29.81,126,0,3-6 6-3 8-6,3,R64,,,,,,,,,,,,,,,,,,,
1989-311,Queen's Club,Grass,64,A,19890612,27,N109,,,Diego Nargiso,L,188,ITA,19.244,95,0,A066,,,Pieter Aldrich,R,180,RSA,23.762,68,0,6-4 3-6 13-11,3,R64,,,,,,,,,,,,,,,,,,,
1989-311,Queen's Club,Grass,64,A,19890612,28,F028,10,,John Fitzgerald,R,183,AUS,28.454,40,0,A165,,,Zeeshan Ali,R,180,IND,19.444,145,0,6-2 7-6,3,R64,,,,,,,,,,,,,,,,,,,
1989-311,Queen's Club,Grass,64,A,19890612,29,M030,16,,Wally Masur,R,180,AUS,26.084,51,0,S331,,,Jason Stoltenberg,R,185,AUS,19.19,108,0,6-7 6-3 6-2,3,R64,,,,,,,,,,,,,,,,,,,
1989-311,Queen's Club,Grass,64,A,19890612,30,M064,,,Glenn Michibata,R,175,CAN,26.998,111,0,A002,,Q,Ricardo Acuna,R,175,CHI,31.411,206,0,6-1 7-6,3,R64,,,,,,,,,,,,,,,,,,,
1989-311,Queen's Club,Grass,64,A,19890612,31,B322,,WC,Chris Bailey,R,196,GBR,21.12,259,0,C011,,,Jonathan Canter,R,185,USA,24.022,151,0,4-6 6-4 17-15,3,R64,,,,,,,,,,,,,,,,,,,
1989-311,Queen's Club,Grass,64,A,19890612,32,P218,,,Nicolas Pereira,R,188,VEN,18.702,118,0,E004,2,,Stefan Edberg,R,188,SWE,23.395,3,0,7-6 7-6,3,R64,,,,,,,,,,,,,,,,,,,
1989-311,Queen's Club,Grass,64,A,19890612,33,L018,1,,Ivan Lendl,R,188,USA,29.265,1,0,K021,,,Mark Kratzmann,L,178,AUS,23.072,121,0,6-2 6-3,3,R32,,,,,,,,,,,,,,,,,,,
1989-311,Queen's Club,Grass,64,A,19890612,34,J008,15,,Eric Jelen,R,180,GER,24.255,59,0,D004,,,Scott Davis,R,188,USA,26.793,86,0,3-6 6-1 7-5,3,R32,,,,,,,,,,,,,,,,,,,
1989-311,Queen's Club,Grass,64,A,19890612,35,R029,,Q,Joey Rive,L,185,USA,25.93,185,0,M197,,,Nuno Marques,L,190,POR,19.176,157,0,7-5 7-6,3,R32,,,,,,,,,,,,,,,,,,,
1989-311,Queen's Club,Grass,64,A,19890612,36,S351,,,Michael Stich,R,193,GER,20.649,107,0,C001,7,,Darren Cahill,R,185,AUS,23.693,26,0,7-6 6-3,3,R32,,,,,,,,,,,,,,,,,,,
1989-311,Queen's Club,Grass,64,A,19890612,37,W023,3,,Mats Wilander,R,183,SWE,24.804928,5,0,W123,,,David Wheaton,R,193,USA,20.027,109,0,7-6 2-6 6-3,3,R32,,,,,,,,,,,,,,,,,,,
1989-311,Queen's Club,Grass,64,A,19890612,38,C029,,,Paul Chamberlin,R,178,USA,27.214,90,0,S288,,,Christian Saceanu,R,190,GER,20.928,115,0,6-4 6-3,3,R32,,,,,,,,,,,,,,,,,,,
1989-311,Queen's Club,Grass,64,A,19890612,39,A027,12,,Paul Annacone,R,185,USA,26.231,49,0,Y002,,,Simon Youl,R,185,AUS,23.948,124,0,3-6 7-5 6-4,3,R32,,,,,,,,,,,,,,,,,,,
1989-311,Queen's Club,Grass,64,A,19890612,40,S402,,,Pete Sampras,R,185,USA,17.834,94,0,C057,5,,Kevin Curren,R,185,USA,31.28,14,0,6-3 6-3,3,R32,,,,,,,,,,,,,,,,,,,
1989-311,Queen's Club,Grass,64,A,19890612,41,M096,,,Gary Muller,L,190,RSA,24.457,133,0,P048,,,Chris Pridham,R,183,CAN,24.17,139,0,4-6 6-1 6-4,3,R32,,,,,,,,,,,,,,,,,,,
1989-311,Queen's Club,Grass,64,A,19890612,42,R016,,,Richey Reneberg,R,180,USA,23.685,113,0,W035,11,,Mark Woodforde,L,188,AUS,23.718,39,0,6-1 6-2,3,R32,,,,,,,,,,,,,,,,,,,
1989-311,Queen's Club,Grass,64,A,19890612,43,R043,14,,Derrick Rostagno,R,185,USA,23.63,50,0,B021,,,Jeremy Bates,R,180,GBR,26.982,141,0,6-2 6-3,3,R32,,,,,,,,,,,,,,,,,,,
1989-311,Queen's Club,Grass,64,A,19890612,44,W019,,,Tim Wilkison,L,180,USA,29.552,89,0,M041,4,,Tim Mayotte,R,190,USA,28.857,10,0,6-3 7-6,3,R32,,,,,,,,,,,,,,,,,,,
1989-311,Queen's Club,Grass,64,A,19890612,45,V014,8,,Christo Van Rensburg,R,185,RSA,26.637,35,0,L010,,,Glenn Layendecker,L,185,USA,28.093,93,0,6-2 6-1,3,R32,,,,,,,,,,,,,,,,,,,
1989-311,Queen's Club,Grass,64,A,19890612,46,F028,10,,John Fitzgerald,R,183,AUS,28.454,40,0,N109,,,Diego Nargiso,L,188,ITA,19.244,95,0,6-3 6-1,3,R32,,,,,,,,,,,,,,,,,,,
1989-311,Queen's Club,Grass,64,A,19890612,47,M030,16,,Wally Masur,R,180,AUS,26.084,51,0,M064,,,Glenn Michibata,R,175,CAN,26.998,111,0,7-6 6-3,3,R32,,,,,,,,,,,,,,,,,,,
1989-311,Queen's Club,Grass,64,A,19890612,48,B322,,WC,Chris Bailey,R,196,GBR,21.12,259,0,P218,,,Nicolas Pereira,R,188,VEN,18.702,118,0,6-3 7-6,3,R32,,,,,,,,,,,,,,,,,,,
1989-311,Queen's Club,Grass,64,A,19890612,49,L018,1,,Ivan Lendl,R,188,USA,29.265,1,0,J008,15,,Eric Jelen,R,180,GER,24.255,59,0,6-1 6-3,3,R16,,,,,,,,,,,,,,,,,,,
1989-311,Queen's Club,Grass,64,A,19890612,50,S351,,,Michael Stich,R,193,GER,20.649,107,0,R029,,Q,Joey Rive,L,185,USA,25.93,185,0,7-5 6-3,3,R16,,,,,,,,,,,,,,,,,,,
1989-311,Queen's Club,Grass,64,A,19890612,51,W023,3,,Mats Wilander,R,183,SWE,24.804928,5,0,C029,,,Paul Chamberlin,R,178,USA,27.214,90,0,6-1 6-4,3,R16,,,,,,,,,,,,,,,,,,,
1989-311,Queen's Club,Grass,64,A,19890612,52,A027,12,,Paul Annacone,R,185,USA,26.231,49,0,S402,,,Pete Sampras,R,185,USA,17.834,94,0,6-7 7-5 6-3,3,R16,,,,,,,,,,,,,,,,,,,
1989-311,Queen's Club,Grass,64,A,19890612,53,M096,,,Gary Muller,L,190,RSA,24.457,133,0,R016,,,Richey Reneberg,R,180,USA,23.685,113,0,3-6 6-4 6-2,3,R16,,,,,,,,,,,,,,,,,,,
1989-311,Queen's Club,Grass,64,A,19890612,54,R043,14,,Derrick Rostagno,R,185,USA,23.63,50,0,W019,,,Tim Wilkison,L,180,USA,29.552,89,0,6-3 4-6 6-2,3,R16,,,,,,,,,,,,,,,,,,,
1989-311,Queen's Club,Grass,64,A,19890612,55,V014,8,,Christo Van Rensburg,R,185,RSA,26.637,35,0,F028,10,,John Fitzgerald,R,183,AUS,28.454,40,0,7-6 6-3,3,R16,,,,,,,,,,,,,,,,,,,
1989-311,Queen's Club,Grass,64,A,19890612,56,B322,,WC,Chris Bailey,R,196,GBR,21.12,259,0,M030,16,,Wally Masur,R,180,AUS,26.084,51,0,7-6 6-4,3,R16,,,,,,,,,,,,,,,,,,,
1989-311,Queen's Club,Grass,64,A,19890612,57,L018,1,,Ivan Lendl,R,188,USA,29.265,1,0,S351,,,Michael Stich,R,193,GER,20.649,107,0,6-4 4-6 6-3,3,QF,,,,,,,,,,,,,,,,,,,
1989-311,Queen's Club,Grass,64,A,19890612,58,A027,12,,Paul Annacone,R,185,USA,26.231,49,0,W023,3,,Mats Wilander,R,183,SWE,24.804928,5,0,6-2 6-4,3,QF,,,,,,,,,,,,,,,,,,,
1989-311,Queen's Club,Grass,64,A,19890612,59,R043,14,,Derrick Rostagno,R,185,USA,23.63,50,0,M096,,,Gary Muller,L,190,RSA,24.457,133,0,6-7 6-2 6-2,3,QF,,,,,,,,,,,,,,,,,,,
1989-311,Queen's Club,Grass,64,A,19890612,60,V014,8,,Christo Van Rensburg,R,185,RSA,26.637,35,0,B322,,WC,Chris Bailey,R,196,GBR,21.12,259,0,6-2 6-4,3,QF,,,,,,,,,,,,,,,,,,,
1989-311,Queen's Club,Grass,64,A,19890612,61,L018,1,,Ivan Lendl,R,188,USA,29.265,1,0,A027,12,,Paul Annacone,R,185,USA,26.231,49,0,7-6 4-6 7-5,3,SF,,,,,,,,,,,,,,,,,,,
1989-311,Queen's Club,Grass,64,A,19890612,62,V014,8,,Christo Van Rensburg,R,185,RSA,26.637,35,0,R043,14,,Derrick Rostagno,R,185,USA,23.63,50,0,6-4 6-4,3,SF,,,,,,,,,,,,,,,,,,,
1989-311,Queen's Club,Grass,64,A,19890612,63,L018,1,,Ivan Lendl,R,188,USA,29.265,1,0,V014,8,,Christo Van Rensburg,R,185,RSA,26.637,35,0,4-6 6-3 6-4,3,F,,,,,,,,,,,,,,,,,,,
1989-312,Bologna,Clay,32,A,19890612,1,P190,1,,Guillermo Perez-Roldan,R,178,ARG,19.644,25,0,N099,,,Tomas Nydahl,R,185,SWE,21.227,162,0,6-2 6-2,3,R32,,,,,,,,,,,,,,,,,,,
1989-312,Bologna,Clay,32,A,19890612,2,M412,,Q,Gabriel Markus,R,180,ARG,19.201,353,0,P235,,WC,Stefano Pescosolido,R,185,ITA,17.999,383,0,6-3 6-4,3,R32,,,,,,,,,,,,,,,,,,,
1989-312,Bologna,Clay,32,A,19890612,3,M063,,,Claudio Mezzadri,R,180,SUI,24.005,186,0,A018,,,Christer Allgardh,R,190,SWE,22.308,154,0,6-1 6-0,3,R32,,,,,,,,,,,,,,,,,,,
1989-312,Bologna,Clay,32,A,19890612,4,C009,7,,Omar Camporese,R,188,ITA,21.095,58,0,P008,,,Claudio Panatta,R,178,ITA,29.358,221,0,6-0 6-2,3,R32,,,,,,,,,,,,,,,,,,,
1989-312,Bologna,Clay,32,A,19890612,5,S055,3,,Horst Skoff,R,175,AUT,20.805,23,0,C035,,,Massimo Cierro,R,173,ITA,25.098,188,0,6-3 3-6 7-5,3,R32,,,,,,,,,,,,,,,,,,,
1989-312,Bologna,Clay,32,A,19890612,6,P021,,,Diego Perez,R,178,URU,27.337,128,0,L206,,LL,Magnus Larsson,R,193,SWE,19.217,295,0,6-4 6-4,3,R32,,,,,,,,,,,,,,,,,,,
1989-312,Bologna,Clay,32,A,19890612,7,C043,,,Simone Colombo,R,180,ITA,25.791,163,0,W028,,,Jorgen Windahl,R,183,SWE,26.253,187,0,1-6 6-1 6-3,3,R32,,,,,,,,,,,,,,,,,,,
1989-312,Bologna,Clay,32,A,19890612,8,S015,6,,Javier Sanchez,R,178,ESP,21.361,65,0,R012,,,Pedro Rebolledo,R,170,CHI,28.485,218,0,6-2 6-0,3,R32,,,,,,,,,,,,,,,,,,,
1989-312,Bologna,Clay,32,A,19890612,9,A040,,,Roberto Azar,L,185,ARG,23.228,192,0,F165,5,,Marcelo Filippini,R,178,URU,21.856,41,0,3-6 7-5 7-6,3,R32,,,,,,,,,,,,,,,,,,,
1989-312,Bologna,Clay,32,A,19890612,10,V098,,,Andres Vysand,R,180,GER,23.258,112,0,M042,,Q,Edoardo Mazza,R,175,ITA,25.243,493,0,6-4 6-1,3,R32,,,,,,,,,,,,,,,,,,,
1989-312,Bologna,Clay,32,A,19890612,11,V034,,,Raul Antonio Viver,L,190,ECU,28.238,191,0,C013,,,Francesco Cancellotti,R,183,ITA,26.289,71,0,6-3 5-7 6-4,3,R32,,,,,,,,,,,,,,,,,,,
1989-312,Bologna,Clay,32,A,19890612,12,A006,4,,Ronald Agenor,R,180,USA,24.578,27,0,C216,,,Tomas Carbonell,R,178,ESP,20.846,119,0,7-6 7-5,3,R32,,,,,,,,,,,,,,,,,,,
1989-312,Bologna,Clay,32,A,19890612,13,D006,,,Franco Davin,L,173,ARG,19.417,150,0,K016,8,,Mark Koevermans,R,185,NED,21.355,85,0,6-4 6-2,3,R32,,,,,,,,,,,,,,,,,,,
1989-312,Bologna,Clay,32,A,19890612,14,N006,,,Massimiliano Narducci,R,185,ITA,25.295,271,0,R216,,Q,Felipe Rivera,R,183,CHI,18.092,501,0,6-7 6-4 6-3,3,R32,,,,,,,,,,,,,,,,,,,
1989-312,Bologna,Clay,32,A,19890612,15,P206,,Q,Paolo Pambianco,R,190,ITA,21.922,222,0,A172,,,Alejandro Aramburu,R,175,PER,20.323,182,0,6-4 1-6 7-5,3,R32,,,,,,,,,,,,,,,,,,,
1989-312,Bologna,Clay,32,A,19890612,16,C024,,,Sergio Casal,R,185,ESP,26.76,120,0,S101,2,,Jonas Svensson,R,188,SWE,22.642,29,0,7-6 6-3,3,R32,,,,,,,,,,,,,,,,,,,
1989-312,Bologna,Clay,32,A,19890612,17,P190,1,,Guillermo Perez-Roldan,R,178,ARG,19.644,25,0,M412,,Q,Gabriel Markus,R,180,ARG,19.201,353,0,6-3 6-3,3,R16,,,,,,,,,,,,,,,,,,,
1989-312,Bologna,Clay,32,A,19890612,18,C009,7,,Omar Camporese,R,188,ITA,21.095,58,0,M063,,,Claudio Mezzadri,R,180,SUI,24.005,186,0,3-6 7-6 6-4,3,R16,,,,,,,,,,,,,,,,,,,
1989-312,Bologna,Clay,32,A,19890612,19,P021,,,Diego Perez,R,178,URU,27.337,128,0,S055,3,,Horst Skoff,R,175,AUT,20.805,23,0,7-5 6-4,3,R16,,,,,,,,,,,,,,,,,,,
1989-312,Bologna,Clay,32,A,19890612,20,S015,6,,Javier Sanchez,R,178,ESP,21.361,65,0,C043,,,Simone Colombo,R,180,ITA,25.791,163,0,6-3 6-2,3,R16,,,,,,,,,,,,,,,,,,,
1989-312,Bologna,Clay,32,A,19890612,21,A040,,,Roberto Azar,L,185,ARG,23.228,192,0,V098,,,Andres Vysand,R,180,GER,23.258,112,0,6-3 6-2,3,R16,,,,,,,,,,,,,,,,,,,
1989-312,Bologna,Clay,32,A,19890612,22,A006,4,,Ronald Agenor,R,180,USA,24.578,27,0,V034,,,Raul Antonio Viver,L,190,ECU,28.238,191,0,6-4 6-1,3,R16,,,,,,,,,,,,,,,,,,,
1989-312,Bologna,Clay,32,A,19890612,23,D006,,,Franco Davin,L,173,ARG,19.417,150,0,N006,,,Massimiliano Narducci,R,185,ITA,25.295,271,0,7-6 6-1,3,R16,,,,,,,,,,,,,,,,,,,
1989-312,Bologna,Clay,32,A,19890612,24,P206,,Q,Paolo Pambianco,R,190,ITA,21.922,222,0,C024,,,Sergio Casal,R,185,ESP,26.76,120,0,2-6 6-4 6-3,3,R16,,,,,,,,,,,,,,,,,,,
1989-312,Bologna,Clay,32,A,19890612,25,P190,1,,Guillermo Perez-Roldan,R,178,ARG,19.644,25,0,C009,7,,Omar Camporese,R,188,ITA,21.095,58,0,7-5 4-6 6-4,3,QF,,,,,,,,,,,,,,,,,,,
1989-312,Bologna,Clay,32,A,19890612,26,S015,6,,Javier Sanchez,R,178,ESP,21.361,65,0,P021,,,Diego Perez,R,178,URU,27.337,128,0,6-3 2-6 7-5,3,QF,,,,,,,,,,,,,,,,,,,
1989-312,Bologna,Clay,32,A,19890612,27,A040,,,Roberto Azar,L,185,ARG,23.228,192,0,A006,4,,Ronald Agenor,R,180,USA,24.578,27,0,7-6 6-1,3,QF,,,,,,,,,,,,,,,,,,,
1989-312,Bologna,Clay,32,A,19890612,28,D006,,,Franco Davin,L,173,ARG,19.417,150,0,P206,,Q,Paolo Pambianco,R,190,ITA,21.922,222,0,6-4 6-3,3,QF,,,,,,,,,,,,,,,,,,,
1989-312,Bologna,Clay,32,A,19890612,29,S015,6,,Javier Sanchez,R,178,ESP,21.361,65,0,P190,1,,Guillermo Perez-Roldan,R,178,ARG,19.644,25,0,7-5 6-1,3,SF,,,,,,,,,,,,,,,,,,,
1989-312,Bologna,Clay,32,A,19890612,30,D006,,,Franco Davin,L,173,ARG,19.417,150,0,A040,,,Roberto Azar,L,185,ARG,23.228,192,0,6-3 6-3,3,SF,,,,,,,,,,,,,,,,,,,
1989-312,Bologna,Clay,32,A,19890612,31,S015,6,,Javier Sanchez,R,178,ESP,21.361,65,0,D006,,,Franco Davin,L,173,ARG,19.417,150,0,6-1 6-0,3,F,,,,,,,,,,,,,,,,,,,
1989-D046,Davis Cup G2 SF: GRE vs MON,Clay,4,D,19890615,1,110794,,,Jerome Seguin,U,,MON,,,,K001,,,George Kalovelonis,R,190,GRE,29.812457,,,6-4 7-6(3) 6-4,5,RR,,,,,,,,,,,,,,,,,,,
1989-D046,Davis Cup G2 SF: GRE vs MON,Clay,4,D,19890615,2,E007,,,Konstantinos Effraimoglou,U,188,GRE,26.529774,,,107097,,,Gilles Ganancia,R,,MON,,,,6-2 6-2 6-1,5,RR,,,,,,,,,,,,,,,,,,,
1989-D046,Davis Cup G2 SF: GRE vs MON,Clay,4,D,19890615,3,E007,,,Konstantinos Effraimoglou,U,188,GRE,26.529774,,,110794,,,Jerome Seguin,U,,MON,,,,6-4 6-2 6-0,5,RR,,,,,,,,,,,,,,,,,,,
1989-D046,Davis Cup G2 SF: GRE vs MON,Clay,4,D,19890615,4,107097,,,Gilles Ganancia,R,,MON,,,,K001,,,George Kalovelonis,R,190,GRE,29.812457,,,6-1 6-1,3,RR,,,,,,,,,,,,,,,,,,,
1989-D012,Davis Cup G2 SF: PAK vs BAN,Clay,4,D,19890616,1,107833,,,Mushaf Zia,R,,PAK,,,,110818,,,Shovon Jamaly,U,,BAN,,,,6-4 6-2 6-0,5,RR,,,,,,,,,,,,,,,,,,,
1989-D012,Davis Cup G2 SF: PAK vs BAN,Clay,4,D,19890616,2,108844,,,Hamed Ul Haq,U,,PAK,,,,110822,,,Faisal Rahman,U,,BAN,,,,6-0 6-0 6-0,5,RR,,,,,,,,,,,,,,,,,,,
1989-D012,Davis Cup G2 SF: PAK vs BAN,Clay,4,D,19890616,3,110823,,,Usman Rahim,U,,PAK,,,,110822,,,Faisal Rahman,U,,BAN,,,,6-0 6-4 6-1,5,RR,,,,,,,,,,,,,,,,,,,
1989-D012,Davis Cup G2 SF: PAK vs BAN,Clay,4,D,19890616,4,108844,,,Hamed Ul Haq,U,,PAK,,,,110818,,,Shovon Jamaly,U,,BAN,,,,6-1 6-1 6-1,5,RR,,,,,,,,,,,,,,,,,,,
1989-D015,Davis Cup G2 SF: LUX vs BEL,Hard,4,D,19890616,1,D190,,,Xavier Daufresne,R,193,BEL,20.476386,,,G030,,,Johnny Goudenbour,R,178,LUX,25.459274,,,6-1 6-7(2) 4-6 7-5 6-0,5,RR,,,,,,,,,,,,,,,,,,,
1989-D015,Davis Cup G2 SF: LUX vs BEL,Hard,4,D,19890616,2,101287,,,Denis Langaskens,R,193,BEL,,,,108867,,,Serge Brueck,U,,LUX,,,,6-3 1-6 6-4 6-2,5,RR,,,,,,,,,,,,,,,,,,,
1989-D015,Davis Cup G2 SF: LUX vs BEL,Hard,4,D,19890616,3,D190,,,Xavier Daufresne,R,193,BEL,20.476386,,,108867,,,Serge Brueck,U,,LUX,,,,6-4 7-5,3,RR,,,,,,,,,,,,,,,,,,,
1989-D015,Davis Cup G2 SF: LUX vs BEL,Hard,4,D,19890616,4,101287,,,Denis Langaskens,R,193,BEL,,,,G030,,,Johnny Goudenbour,R,178,LUX,25.459274,,,6-4 6-3,3,RR,,,,,,,,,,,,,,,,,,,
1989-D027,Davis Cup G2 SF: GHA vs CMR,Hard,4,D,19890616,1,108815,,,Kojo Atiso,U,,GHA,,,,110890,,,Lionel Kemajou,U,,CMR,,,,6-3 6-4 4-6 6-4,5,RR,,,,,,,,,,,,,,,,,,,
1989-D027,Davis Cup G2 SF: GHA vs CMR,Hard,4,D,19890616,2,110900,,,Jean Yves Job,U,,CMR,,,,110901,,,Samson Ahinakwa,U,,GHA,,,,3-6 6-3 7-5 2-6 6-3,5,RR,,,,,,,,,,,,,,,,,,,
1989-D027,Davis Cup G2 SF: GHA vs CMR,Hard,4,D,19890616,3,108815,,,Kojo Atiso,U,,GHA,,,,110900,,,Jean Yves Job,U,,CMR,,,,6-4 6-4 7-5,5,RR,,,,,,,,,,,,,,,,,,,
1989-D027,Davis Cup G2 SF: GHA vs CMR,Hard,4,D,19890616,4,110901,,,Samson Ahinakwa,U,,GHA,,,,110890,,,Lionel Kemajou,U,,CMR,,,,6-4 6-2,3,RR,,,,,,,,,,,,,,,,,,,
1989-D058,Davis Cup G2 SF: KEN vs MAR,Clay,4,D,19890616,1,106576,,,Arafat Chekrouni,R,,MAR,,,,106941,,,Eno Polo,R,,KEN,,,,5-7 6-7(1) 6-4 6-4 6-2,5,RR,,,,,,,,,,,,,,,,,,,
1989-D058,Davis Cup G2 SF: KEN vs MAR,Clay,4,D,19890616,2,O088,,,Khalid Outaleb,R,183,MAR,26.138261,,,110876,,,Norbert Oduor,U,,KEN,,,,6-0 6-0 6-3,5,RR,,,,,,,,,,,,,,,,,,,
1989-D058,Davis Cup G2 SF: KEN vs MAR,Clay,4,D,19890616,3,R330,,,Mohamed Ridaoui,R,,USA,,,,107991,,,Peter Orwa,R,,NGR,,,,6-1 6-0,3,RR,,,,,,,,,,,,,,,,,,,
1989-D058,Davis Cup G2 SF: KEN vs MAR,Clay,4,D,19890616,4,O088,,,Khalid Outaleb,R,183,MAR,26.138261,,,106941,,,Eno Polo,R,,KEN,,,,6-3 1-0 RET,5,RR,,,,,,,,,,,,,,,,,,,
1989-D072,Davis Cup G2 SF: THA vs SRI,Hard,4,D,19890616,1,S478,,,Tanakorn Srichaphan,R,,THA,21.073238,,,111101,,,Neil Rajapakse,U,,SRI,,,,6-2 6-1 6-1,5,RR,,,,,,,,,,,,,,,,,,,
1989-D072,Davis Cup G2 SF: THA vs SRI,Hard,4,D,19890616,2,108532,,,Worapol Thongkamcho,R,,THA,,,,106580,,,Arjun Fernando,R,,SRI,,,,6-1 6-4 6-4,5,RR,,,,,,,,,,,,,,,,,,,
1989-D072,Davis Cup G2 SF: THA vs SRI,Hard,4,D,19890616,3,S478,,,Tanakorn Srichaphan,R,,THA,21.073238,,,106580,,,Arjun Fernando,R,,SRI,,,,5-7 6-4 6-2,3,RR,,,,,,,,,,,,,,,,,,,
1989-D072,Davis Cup G2 SF: THA vs SRI,Hard,4,D,19890616,4,108532,,,Worapol Thongkamcho,R,,THA,,,,W407,,,Jayendra Wijeyesekera,U,,SRI,,,,6-2 6-4,3,RR,,,,,,,,,,,,,,,,,,,
1989-306,Bari,Clay,32,A,19890619,1,S015,1,,Javier Sanchez,R,178,ESP,21.38,55,0,O026,,,Ricki Osterthun,R,185,GER,25.131,245,0,6-3 2-6 6-3,3,R32,,,,,,,,,,,,,,,,,,,
1989-306,Bari,Clay,32,A,19890619,2,M063,,,Claudio Mezzadri,R,180,SUI,24.025,188,0,M412,,Q,Gabriel Markus,R,180,ARG,19.22,327,0,7-6 6-0,3,R32,,,,,,,,,,,,,,,,,,,
1989-306,Bari,Clay,32,A,19890619,3,P235,,WC,Stefano Pescosolido,R,185,ITA,18.018,396,0,C271,,LL,Mario Carnevale,R,,ITA,21.843,476,0,5-7 6-0 6-1,3,R32,,,,,,,,,,,,,,,,,,,
1989-306,Bari,Clay,32,A,19890619,4,D006,7,,Franco Davin,L,173,ARG,19.436,124,0,P008,,,Claudio Panatta,R,178,ITA,29.377,229,0,6-1 7-6,3,R32,,,,,,,,,,,,,,,,,,,
1989-306,Bari,Clay,32,A,19890619,5,A007,,,Juan Aguilera,R,183,ESP,27.244,164,0,C013,3,,Francesco Cancellotti,R,183,ITA,26.308,75,0,1-6 6-2 6-1,3,R32,,,,,,,,,,,,,,,,,,,
1989-306,Bari,Clay,32,A,19890619,6,P206,,,Paolo Pambianco,R,190,ITA,21.941,213,0,F176,,,Marco Filippeschi,R,,ITA,21.845,390,0,6-4 6-3,3,R32,,,,,,,,,,,,,,,,,,,
1989-306,Bari,Clay,32,A,19890619,7,R012,,,Pedro Rebolledo,R,170,CHI,28.504,235,0,C043,,,Simone Colombo,R,180,ITA,25.81,165,0,6-4 3-6 6-1,3,R32,,,,,,,,,,,,,,,,,,,
1989-306,Bari,Clay,32,A,19890619,8,N006,,,Massimiliano Narducci,R,185,ITA,25.314,272,0,H223,6,,Paul Haarhuis,R,188,NED,23.329,154,0,6-2 7-6,3,R32,,,,,,,,,,,,,,,,,,,
1989-306,Bari,Clay,32,A,19890619,9,C024,5,,Sergio Casal,R,185,ESP,26.779,111,0,M401,,Q,Federico Mordegan,R,170,ITA,19.379,402,0,5-7 6-4 6-3,3,R32,,,,,,,,,,,,,,,,,,,
1989-306,Bari,Clay,32,A,19890619,10,C263,,Q,Enrico Cocchi,R,190,ITA,22.511,387,0,D180,,Q,Fabio Di Mauro,R,,ITA,,328,0,6-3 6-0,3,R32,,,,,,,,,,,,,,,,,,,
1989-306,Bari,Clay,32,A,19890619,11,C035,,,Massimo Cierro,R,173,ITA,25.117,215,0,J084,,,Lars Jonsson,R,188,SWE,18.979,227,0,4-6 6-3 7-6,3,R32,,,,,,,,,,,,,,,,,,,
1989-306,Bari,Clay,32,A,19890619,12,V002,4,,Marian Vajda,R,173,SVK,24.238,92,0,M374,,,Emilio Marturano,R,,ITA,,950,0,5-7 6-2 6-1,3,R32,,,,,,,,,,,,,,,,,,,
1989-306,Bari,Clay,32,A,19890619,13,Y003,,LL,Francisco Yunis,R,190,ARG,24.851,376,0,N099,8,,Tomas Nydahl,R,185,SWE,21.246,172,0,6-3 2-6 6-3,3,R32,,,,,,,,,,,,,,,,,,,
1989-306,Bari,Clay,32,A,19890619,14,R214,,WC,Marc Rosset,R,201,SUI,18.615,334,0,A040,,,Roberto Azar,L,185,ARG,23.247,147,0,7-5 6-0,3,R32,,,,,,,,,,,,,,,,,,,
1989-306,Bari,Clay,32,A,19890619,15,R156,,LL,Eugenio Rossi,R,,ITA,19.606,490,0,F026,,,Michele Fioroni,R,180,ITA,24.337,274,0,4-6 7-6 7-5,3,R32,,,,,,,,,,,,,,,,,,,
1989-306,Bari,Clay,32,A,19890619,16,A172,,,Alejandro Aramburu,R,175,PER,20.342,196,0,S328,2,,Martin Strelba,R,190,CZE,22.245,65,0,6-7 7-6 6-1,3,R32,,,,,,,,,,,,,,,,,,,
1989-306,Bari,Clay,32,A,19890619,17,M063,,,Claudio Mezzadri,R,180,SUI,24.025,188,0,S015,1,,Javier Sanchez,R,178,ESP,21.38,55,0,6-4 6-4,3,R16,,,,,,,,,,,,,,,,,,,
1989-306,Bari,Clay,32,A,19890619,18,D006,7,,Franco Davin,L,173,ARG,19.436,124,0,P235,,WC,Stefano Pescosolido,R,185,ITA,18.018,396,0,6-4 6-3,3,R16,,,,,,,,,,,,,,,,,,,
1989-306,Bari,Clay,32,A,19890619,19,A007,,,Juan Aguilera,R,183,ESP,27.244,164,0,P206,,,Paolo Pambianco,R,190,ITA,21.941,213,0,4-6 6-4 6-0,3,R16,,,,,,,,,,,,,,,,,,,
1989-306,Bari,Clay,32,A,19890619,20,R012,,,Pedro Rebolledo,R,170,CHI,28.504,235,0,N006,,,Massimiliano Narducci,R,185,ITA,25.314,272,0,6-3 6-4,3,R16,,,,,,,,,,,,,,,,,,,
1989-306,Bari,Clay,32,A,19890619,21,C024,5,,Sergio Casal,R,185,ESP,26.779,111,0,C263,,Q,Enrico Cocchi,R,190,ITA,22.511,387,0,6-3 6-3,3,R16,,,,,,,,,,,,,,,,,,,
1989-306,Bari,Clay,32,A,19890619,22,V002,4,,Marian Vajda,R,173,SVK,24.238,92,0,C035,,,Massimo Cierro,R,173,ITA,25.117,215,0,3-6 6-4 6-0,3,R16,,,,,,,,,,,,,,,,,,,
1989-306,Bari,Clay,32,A,19890619,23,R214,,WC,Marc Rosset,R,201,SUI,18.615,334,0,Y003,,LL,Francisco Yunis,R,190,ARG,24.851,376,0,6-0 6-1,3,R16,,,,,,,,,,,,,,,,,,,
1989-306,Bari,Clay,32,A,19890619,24,A172,,,Alejandro Aramburu,R,175,PER,20.342,196,0,R156,,LL,Eugenio Rossi,R,,ITA,19.606,490,0,6-4 6-2,3,R16,,,,,,,,,,,,,,,,,,,
1989-306,Bari,Clay,32,A,19890619,25,M063,,,Claudio Mezzadri,R,180,SUI,24.025,188,0,D006,7,,Franco Davin,L,173,ARG,19.436,124,0,3-6 6-3 6-3,3,QF,,,,,,,,,,,,,,,,,,,
1989-306,Bari,Clay,32,A,19890619,26,A007,,,Juan Aguilera,R,183,ESP,27.244,164,0,R012,,,Pedro Rebolledo,R,170,CHI,28.504,235,0,6-4 6-2,3,QF,,,,,,,,,,,,,,,,,,,
1989-306,Bari,Clay,32,A,19890619,27,V002,4,,Marian Vajda,R,173,SVK,24.238,92,0,C024,5,,Sergio Casal,R,185,ESP,26.779,111,0,7-6 6-3,3,QF,,,,,,,,,,,,,,,,,,,
1989-306,Bari,Clay,32,A,19890619,28,A172,,,Alejandro Aramburu,R,175,PER,20.342,196,0,R214,,WC,Marc Rosset,R,201,SUI,18.615,334,0,6-2 6-2,3,QF,,,,,,,,,,,,,,,,,,,
1989-306,Bari,Clay,32,A,19890619,29,A007,,,Juan Aguilera,R,183,ESP,27.244,164,0,M063,,,Claudio Mezzadri,R,180,SUI,24.025,188,0,6-1 7-5,3,SF,,,,,,,,,,,,,,,,,,,
1989-306,Bari,Clay,32,A,19890619,30,V002,4,,Marian Vajda,R,173,SVK,24.238,92,0,A172,,,Alejandro Aramburu,R,175,PER,20.342,196,0,6-2 7-6,3,SF,,,,,,,,,,,,,,,,,,,
1989-306,Bari,Clay,32,A,19890619,31,A007,,,Juan Aguilera,R,183,ESP,27.244,164,0,V002,4,,Marian Vajda,R,173,SVK,24.238,92,0,4-6 6-3 6-4,3,F,,,,,,,,,,,,,,,,,,,
1989-313,Bristol,Grass,32,A,19890619,1,R043,1,,Derrick Rostagno,R,185,USA,23.65,45,0,W019,,,Tim Wilkison,L,180,USA,29.572,76,0,6-2 6-2,3,R32,,,,,,,,,,,,,,,,,,,
1989-313,Bristol,Grass,32,A,19890619,2,C029,,,Paul Chamberlin,R,178,USA,27.233,85,0,G026,,,Jason Goodall,R,178,GBR,22.404,251,0,6-2 6-4,3,R32,,,,,,,,,,,,,,,,,,,
1989-313,Bristol,Grass,32,A,19890619,3,S340,,,Roger Smith,R,185,BAH,25.413,131,0,B322,,WC,Chris Bailey,R,196,GBR,21.139,197,0,3-6 6-3 6-3,3,R32,,,,,,,,,,,,,,,,,,,
1989-313,Bristol,Grass,32,A,19890619,4,S021,7,,Michiel Schapers,R,201,NED,29.689,78,0,V008,,,Robert Van't Hof,R,193,USA,30.193,162,0,6-2 3-6 6-4,3,R32,,,,,,,,,,,,,,,,,,,
1989-313,Bristol,Grass,32,A,19890619,5,J008,4,,Eric Jelen,R,180,GER,24.274,58,0,T074,,Q,James Turner,R,180,GBR,23.964,331,0,7-6 6-3,3,R32,,,,,,,,,,,,,,,,,,,
1989-313,Bristol,Grass,32,A,19890619,6,V032,,,Danie Visser,L,180,RSA,27.899,132,0,M096,,,Gary Muller,L,190,RSA,24.476,96,0,6-2 1-0 RET,3,R32,,,,,,,,,,,,,,,,,,,
1989-313,Bristol,Grass,32,A,19890619,7,A022,,,Vijay Amritraj,R,193,IND,35.513,156,0,C246,,WC,Andrew Castle,R,190,GBR,25.593,273,0,4-6 7-6 6-4,3,R32,,,,,,,,,,,,,,,,,,,
1989-313,Bristol,Grass,32,A,19890619,8,E025,6,,Kelly Evernden,R,175,NZL,27.743,66,0,P218,,,Nicolas Pereira,R,188,VEN,18.721,101,0,3-6 7-5 6-4,3,R32,,,,,,,,,,,,,,,,,,,
1989-313,Bristol,Grass,32,A,19890619,9,A066,5,,Pieter Aldrich,R,180,RSA,23.781,69,0,D098,,,Yahiya Doumbia,R,185,SEN,25.818,123,0,6-1 6-3,3,R32,,,,,,,,,,,,,,,,,,,
1989-313,Bristol,Grass,32,A,19890619,10,B113,,WC,Nick Brown,R,190,GBR,27.792,467,0,P045,,,Gianluca Pozzi,L,180,ITA,24.005,141,0,6-4 3-6 6-3,3,R32,,,,,,,,,,,,,,,,,,,
1989-313,Bristol,Grass,32,A,19890619,11,S351,,,Michael Stich,R,193,GER,20.668,80,0,B073,,Q,Austen Brice,R,,GBR,21.413,730,0,6-3 6-2,3,R32,,,,,,,,,,,,,,,,,,,
1989-313,Bristol,Grass,32,A,19890619,12,M197,,,Nuno Marques,L,190,POR,19.195,149,0,C009,3,,Omar Camporese,R,188,ITA,21.114,52,0,6-3 6-2,3,R32,,,,,,,,,,,,,,,,,,,
1989-313,Bristol,Grass,32,A,19890619,13,D040,,,Brad Drewett,L,185,AUS,30.919,112,0,W029,8,,Todd Witsken,R,183,USA,25.624,83,0,4-6 6-4 6-3,3,R32,,,,,,,,,,,,,,,,,,,
1989-313,Bristol,Grass,32,A,19890619,14,S288,,,Christian Saceanu,R,190,GER,20.947,150,0,B298,,Q,Neil Borwick,L,193,AUS,21.76,453,0,6-3 7-5,3,R32,,,,,,,,,,,,,,,,,,,
1989-313,Bristol,Grass,32,A,19890619,15,W123,,,David Wheaton,R,193,USA,20.047,114,0,G044,,Q,Warren Green,R,,RSA,,631,0,3-6 6-3 6-4,3,R32,,,,,,,,,,,,,,,,,,,
1989-313,Bristol,Grass,32,A,19890619,16,M032,2,,Richard Matuszewski,R,188,USA,24.78,61,0,O006,,,Nduka Odizor,R,183,NGR,30.861,192,0,6-3 6-3,3,R32,,,,,,,,,,,,,,,,,,,
1989-313,Bristol,Grass,32,A,19890619,17,R043,1,,Derrick Rostagno,R,185,USA,23.65,45,0,C029,,,Paul Chamberlin,R,178,USA,27.233,85,0,6-1 6-2,3,R16,,,,,,,,,,,,,,,,,,,
1989-313,Bristol,Grass,32,A,19890619,18,S021,7,,Michiel Schapers,R,201,NED,29.689,78,0,S340,,,Roger Smith,R,185,BAH,25.413,131,0,7-6 6-1,3,R16,,,,,,,,,,,,,,,,,,,
1989-313,Bristol,Grass,32,A,19890619,19,J008,4,,Eric Jelen,R,180,GER,24.274,58,0,V032,,,Danie Visser,L,180,RSA,27.899,132,0,6-4 6-4,3,R16,,,,,,,,,,,,,,,,,,,
1989-313,Bristol,Grass,32,A,19890619,20,E025,6,,Kelly Evernden,R,175,NZL,27.743,66,0,A022,,,Vijay Amritraj,R,193,IND,35.513,156,0,6-2 6-4,3,R16,,,,,,,,,,,,,,,,,,,
1989-313,Bristol,Grass,32,A,19890619,21,B113,,WC,Nick Brown,R,190,GBR,27.792,467,0,A066,5,,Pieter Aldrich,R,180,RSA,23.781,69,0,6-3 7-5,3,R16,,,,,,,,,,,,,,,,,,,
1989-313,Bristol,Grass,32,A,19890619,22,S351,,,Michael Stich,R,193,GER,20.668,80,0,M197,,,Nuno Marques,L,190,POR,19.195,149,0,6-3 6-2,3,R16,,,,,,,,,,,,,,,,,,,
1989-313,Bristol,Grass,32,A,19890619,23,D040,,,Brad Drewett,L,185,AUS,30.919,112,0,S288,,,Christian Saceanu,R,190,GER,20.947,150,0,7-6 6-2,3,R16,,,,,,,,,,,,,,,,,,,
1989-313,Bristol,Grass,32,A,19890619,24,M032,2,,Richard Matuszewski,R,188,USA,24.78,61,0,W123,,,David Wheaton,R,193,USA,20.047,114,0,7-6 7-6,3,R16,,,,,,,,,,,,,,,,,,,
1989-313,Bristol,Grass,32,A,19890619,25,S021,7,,Michiel Schapers,R,201,NED,29.689,78,0,R043,1,,Derrick Rostagno,R,185,USA,23.65,45,0,6-4 6-2,3,QF,,,,,,,,,,,,,,,,,,,
1989-313,Bristol,Grass,32,A,19890619,26,J008,4,,Eric Jelen,R,180,GER,24.274,58,0,E025,6,,Kelly Evernden,R,175,NZL,27.743,66,0,4-6 6-4 9-7,3,QF,,,,,,,,,,,,,,,,,,,
1989-313,Bristol,Grass,32,A,19890619,27,B113,,WC,Nick Brown,R,190,GBR,27.792,467,0,S351,,,Michael Stich,R,193,GER,20.668,80,0,6-4 1-0 RET,3,QF,,,,,,,,,,,,,,,,,,,
1989-313,Bristol,Grass,32,A,19890619,28,M032,2,,Richard Matuszewski,R,188,USA,24.78,61,0,D040,,,Brad Drewett,L,185,AUS,30.919,112,0,6-2 7-6,3,QF,,,,,,,,,,,,,,,,,,,
1989-313,Bristol,Grass,32,A,19890619,29,J008,4,,Eric Jelen,R,180,GER,24.274,58,0,S021,7,,Michiel Schapers,R,201,NED,29.689,78,0,3-6 6-3 13-11,3,SF,,,,,,,,,,,,,,,,,,,
1989-313,Bristol,Grass,32,A,19890619,30,B113,,WC,Nick Brown,R,190,GBR,27.792,467,0,M032,2,,Richard Matuszewski,R,188,USA,24.78,61,0,6-2 4-6 6-3,3,SF,,,,,,,,,,,,,,,,,,,
1989-313,Bristol,Grass,32,A,19890619,31,J008,4,,Eric Jelen,R,180,GER,24.274,58,0,B113,,WC,Nick Brown,R,190,GBR,27.792,467,0,6-4 3-6 7-5,3,F,,,,,,,,,,,,,,,,,,,
1989-540,Wimbledon,Grass,128,G,19890626,1,L018,1,,Ivan Lendl,R,188,USA,29.303,1,0,P218,,,Nicolas Pereira,R,188,VEN,18.741,114,0,7-6 4-6 6-3 6-7 6-1,5,R128,,,,,,,,,,,,,,,,,,,
1989-540,Wimbledon,Grass,128,G,19890626,2,B022,,Q,Ronnie Bathman,R,183,SWE,30.174,311,0,G174,,Q,Bret Garnett,R,185,USA,21.985,209,0,6-2 6-4 6-7 4-6 6-1,5,R128,,,,,,,,,,,,,,,,,,,
1989-540,Wimbledon,Grass,128,G,19890626,3,V002,,,Marian Vajda,R,173,SVK,24.257,84,0,M064,,,Glenn Michibata,R,175,CAN,27.036,108,0,6-7 6-1 7-6 6-3,5,R128,,,,,,,,,,,,,,,,,,,
1989-540,Wimbledon,Grass,128,G,19890626,4,C216,,,Tomas Carbonell,R,178,ESP,20.884,115,0,D005,,,Marty Davis,R,183,USA,30.612,95,0,6-4 3-6 7-6 6-4,5,R128,,,,,,,,,,,,,,,,,,,
1989-540,Wimbledon,Grass,128,G,19890626,5,I034,,,Goran Ivanisevic,L,193,CRO,17.785,51,0,C028,,,Thierry Champion,R,183,FRA,22.82,153,0,6-3 6-4 3-6 6-3,5,R128,,,,,,,,,,,,,,,,,,,
1989-540,Wimbledon,Grass,128,G,19890626,6,F029,,WC,Ken Flach,R,185,USA,26.092,317,0,G013,,Q,Sammy Giammalva Jr.,R,178,USA,26.259,141,0,7-6 7-6 3-6 0-6 6-3,5,R128,,,,,,,,,,,,,,,,,,,
1989-540,Wimbledon,Grass,128,G,19890626,7,L044,,,Peter Lundgren,R,185,SWE,24.405,62,0,K024,,,Ramesh Krishnan,R,170,IND,28.057,73,0,6-4 7-6 7-5,5,R128,,,,,,,,,,,,,,,,,,,
1989-540,Wimbledon,Grass,128,G,19890626,8,P024,15,,Mikael Pernfors,R,173,SWE,25.947,21,0,S351,,,Michael Stich,R,193,GER,20.687,75,0,5-7 6-1 6-3 6-2,5,R128,,,,,,,,,,,,,,,,,,,
1989-540,Wimbledon,Grass,128,G,19890626,9,C044,10,,Jimmy Connors,L,178,USA,36.813,13,0,C260,,,Andrei Cherkasov,R,180,RUS,18.979,61,0,6-3 6-2 4-6 6-3,5,R128,,,,,,,,,,,,,,,,,,,
1989-540,Wimbledon,Grass,128,G,19890626,10,G022,,,Dan Goldie,R,188,USA,25.73,48,0,E025,,,Kelly Evernden,R,175,NZL,27.762,69,0,7-6 7-6 3-6 6-0,5,R128,,,,,,,,,,,,,,,,,,,
1989-540,Wimbledon,Grass,128,G,19890626,11,R029,,Q,Joey Rive,L,185,USA,25.969,171,0,A025,,LL,Matt Anger,R,188,USA,26.018,177,0,7-6 6-2 6-7 7-5,5,R128,,,,,,,,,,,,,,,,,,,
1989-540,Wimbledon,Grass,128,G,19890626,12,M030,,,Wally Masur,R,180,AUS,26.122,49,0,A165,,Q,Zeeshan Ali,R,180,IND,19.483,143,0,6-3 6-4 6-2,5,R128,,,,,,,,,,,,,,,,,,,
1989-540,Wimbledon,Grass,128,G,19890626,13,Z006,,,Slobodan Zivojinovic,R,198,YUG,25.927,58,0,J006,,,Anders Jarryd,R,180,SWE,27.953,33,0,3-6 7-6 6-3 6-0,5,R128,,,,,,,,,,,,,,,,,,,
1989-540,Wimbledon,Grass,128,G,19890626,14,B322,,WC,Chris Bailey,R,196,GBR,21.158,207,0,C036,,,Josef Cihak,R,185,CZE,26.272,129,0,7-5 6-7 3-6 6-3 6-4,5,R128,,,,,,,,,,,,,,,,,,,
1989-540,Wimbledon,Grass,128,G,19890626,15,K021,,,Mark Kratzmann,L,178,AUS,23.11,120,0,P004,,,Veli Paloheimo,R,183,FIN,21.536,131,0,6-2 7-6 6-1,5,R128,,,,,,,,,,,,,,,,,,,
1989-540,Wimbledon,Grass,128,G,19890626,16,M052,7,,Miloslav Mecir Sr.,R,190,SVK,25.103,10,0,W114,,Q,Scott Warner,R,196,USA,23.51,212,0,6-2 6-2 6-4,5,R128,,,,,,,,,,,,,,,,,,,
1989-540,Wimbledon,Grass,128,G,19890626,17,B028,3,,Boris Becker,R,190,GER,21.593,2,0,S380,,Q,Bryan Shelton,R,185,USA,23.51,441,0,6-1 6-4 7-6,5,R128,,,,,,,,,,,,,,,,,,,
1989-540,Wimbledon,Grass,128,G,19890626,18,M032,,,Richard Matuszewski,R,188,USA,24.799,59,0,R006,,,Olli Rahnasto,R,183,FIN,23.493,126,0,2-6 6-2 6-4 6-4,5,R128,,,,,,,,,,,,,,,,,,,
1989-540,Wimbledon,Grass,128,G,19890626,19,G053,,,Jan Gunnarsson,R,185,SWE,27.075,56,0,N109,,,Diego Nargiso,L,188,ITA,19.283,97,0,3-6 6-3 6-7 6-3 6-4,5,R128,,,,,,,,,,,,,,,,,,,
1989-540,Wimbledon,Grass,128,G,19890626,20,R043,,,Derrick Rostagno,R,185,USA,23.669,45,0,Y002,,,Simon Youl,R,185,AUS,23.986,133,0,7-6 6-4 6-4,5,R128,,,,,,,,,,,,,,,,,,,
1989-540,Wimbledon,Grass,128,G,19890626,21,K030,,,Patrik Kuhnen,R,190,GER,23.37,50,0,S328,,,Martin Strelba,R,190,CZE,22.264,66,0,7-6 6-2 6-3,5,R128,,,,,,,,,,,,,,,,,,,
1989-540,Wimbledon,Grass,128,G,19890626,22,A066,,,Pieter Aldrich,R,180,RSA,23.8,67,0,S340,,,Roger Smith,R,185,BAH,25.432,134,0,7-6 6-2 6-4,5,R128,,,,,,,,,,,,,,,,,,,
1989-540,Wimbledon,Grass,128,G,19890626,23,F041,,,Javier Frana,L,185,ARG,22.502,104,0,G039,,,Jim Grabb,R,193,USA,25.199,111,0,6-7 6-3 7-6 5-7 6-4,5,R128,,,,,,,,,,,,,,,,,,,
1989-540,Wimbledon,Grass,128,G,19890626,24,K023,13,,Aaron Krickstein,R,183,USA,21.9,15,0,C013,,,Francesco Cancellotti,R,183,ITA,26.327,79,0,6-1 6-2 3-6 6-1,5,R128,,,,,,,,,,,,,,,,,,,
1989-540,Wimbledon,Grass,128,G,19890626,25,C057,12,,Kevin Curren,R,185,USA,31.318,17,0,C246,,WC,Andrew Castle,R,190,GBR,25.613,289,0,6-2 4-6 7-6 6-3,5,R128,,,,,,,,,,,,,,,,,,,
1989-540,Wimbledon,Grass,128,G,19890626,26,S072,,,Milan Srejber,R,203,CZE,25.489,70,0,J018,,Q,Kelly Jones,R,185,USA,25.238,170,0,6-3 6-3 6-3,5,R128,,,,,,,,,,,,,,,,,,,
1989-540,Wimbledon,Grass,128,G,19890626,27,S045,,,Leif Shiras,R,183,USA,29.848,140,0,K022,,,Johan Kriek,R,175,USA,31.225,39,0,7-6 6-2 6-2,5,R128,,,,,,,,,,,,,,,,,,,
1989-540,Wimbledon,Grass,128,G,19890626,28,B021,,WC,Jeremy Bates,R,180,GBR,27.02,135,0,M092,,,Cassio Motta,R,180,BRA,29.342,88,0,6-7 6-1 4-6 7-6 6-3,5,R128,,,,,,,,,,,,,,,,,,,
1989-540,Wimbledon,Grass,128,G,19890626,29,P222,,WC,Mark Petchey,R,183,GBR,18.902,313,0,L043,,,Fernando Luna,R,175,ESP,31.173,76,0,6-2 6-7 6-2 6-1,5,R128,,,,,,,,,,,,,,,,,,,
1989-540,Wimbledon,Grass,128,G,19890626,30,F049,,Q,Nick Fulwood,R,185,GBR,25.733,232,0,C011,,,Jonathan Canter,R,185,USA,24.06,151,0,7-6 3-6 7-6 7-6,5,R128,,,,,,,,,,,,,,,,,,,
1989-540,Wimbledon,Grass,128,G,19890626,31,C029,,,Paul Chamberlin,R,178,USA,27.253,91,0,M096,,,Gary Muller,L,190,RSA,24.496,101,0,4-6 6-3 7-5 6-3,5,R128,,,,,,,,,,,,,,,,,,,
1989-540,Wimbledon,Grass,128,G,19890626,32,H029,,,Thomas Hogstedt,R,190,SWE,25.763,119,0,H025,6,,Jakob Hlasek,R,188,SUI,24.619,9,0,6-3 7-6 6-1,5,R128,,,,,,,,,,,,,,,,,,,
1989-540,Wimbledon,Grass,128,G,19890626,33,M047,5,,John McEnroe,L,180,USA,30.357,8,0,C001,,,Darren Cahill,R,185,AUS,23.732,26,0,4-6 4-6 6-2 6-3 8-6,5,R128,,,,,,,,,,,,,,,,,,,
1989-540,Wimbledon,Grass,128,G,19890626,34,R016,,,Richey Reneberg,R,180,USA,23.723,106,0,S288,,,Christian Saceanu,R,190,GER,20.966,154,0,6-4 6-4 4-6 4-6 6-2,5,R128,,,,,,,,,,,,,,,,,,,
1989-540,Wimbledon,Grass,128,G,19890626,35,S034,,,Robert Seguso,R,190,USA,26.155,52,0,C243,,,Jim Courier,R,185,USA,18.858,40,0,6-2 3-6 6-4 5-7 9-7,5,R128,,,,,,,,,,,,,,,,,,,
1989-540,Wimbledon,Grass,128,G,19890626,36,P052,,,Jim Pugh,R,193,USA,25.388,77,0,T136,,,Jeff Tarango,L,180,USA,20.597,98,0,3-6 6-3 6-1 6-3,5,R128,,,,,,,,,,,,,,,,,,,
1989-540,Wimbledon,Grass,128,G,19890626,37,S101,,,Jonas Svensson,R,188,SWE,22.68,30,0,W123,,,David Wheaton,R,193,USA,20.066,124,0,7-6 7-6 7-6,5,R128,,,,,,,,,,,,,,,,,,,
1989-540,Wimbledon,Grass,128,G,19890626,38,L030,,,Carl Limberger,R,170,AUS,25.421,138,0,N100,,,Piet Norval,R,185,RSA,19.22,128,0,7-6 6-4 3-6 6-3,5,R128,,,,,,,,,,,,,,,,,,,
1989-540,Wimbledon,Grass,128,G,19890626,39,L010,,,Glenn Layendecker,L,185,USA,28.131,96,0,D008,,,Horacio De La Pena,L,180,ARG,22.902,57,0,6-3 7-6 6-0,5,R128,,,,,,,,,,,,,,,,,,,
1989-540,Wimbledon,Grass,128,G,19890626,40,F028,,,John Fitzgerald,R,183,AUS,28.493,41,0,G016,11,,Brad Gilbert,R,185,USA,27.88,14,0,6-2 7-5 1-6 3-6 6-2,5,R128,,,,,,,,,,,,,,,,,,,
1989-540,Wimbledon,Grass,128,G,19890626,41,D040,,,Brad Drewett,L,185,AUS,30.938,99,0,C031,14,,Andrei Chesnokov,R,188,RUS,23.395,20,0,6-4 7-6 6-0,5,R128,,,,,,,,,,,,,,,,,,,
1989-540,Wimbledon,Grass,128,G,19890626,42,W019,,,Tim Wilkison,L,180,USA,29.591,80,0,B293,,Q,Patrick Baur,R,188,GER,24.148,192,0,6-2 6-2 3-6 3-6 6-1,5,R128,,,,,,,,,,,,,,,,,,,
1989-540,Wimbledon,Grass,128,G,19890626,43,L008,,Q,Martin Laurendeau,R,190,CAN,24.961,107,0,L041,,,Jorge Lozano,R,180,MEX,26.111,144,0,6-2 6-4 6-3,5,R128,,,,,,,,,,,,,,,,,,,
1989-540,Wimbledon,Grass,128,G,19890626,44,V014,,,Christo Van Rensburg,R,185,RSA,26.675,28,0,W035,,,Mark Woodforde,L,188,AUS,23.756,42,0,7-6 6-1 6-4,5,R128,,,,,,,,,,,,,,,,,,,
1989-540,Wimbledon,Grass,128,G,19890626,45,S331,,,Jason Stoltenberg,R,185,AUS,19.228,123,0,B270,,WC,Stephen Botfield,R,180,GBR,23.211,279,0,7-6 7-6 6-3,5,R128,,,,,,,,,,,,,,,,,,,
1989-540,Wimbledon,Grass,128,G,19890626,46,C009,,,Omar Camporese,R,188,ITA,21.133,53,0,B040,,,Christian Bergstrom,R,180,SWE,21.938,74,0,6-3 6-4 6-4,5,R128,,,,,,,,,,,,,,,,,,,
1989-540,Wimbledon,Grass,128,G,19890626,47,N025,,,Karel Novacek,R,190,CZE,24.241,83,0,T074,,WC,James Turner,R,180,GBR,23.984,328,0,1-6 6-3 3-6 6-1 6-2,5,R128,,,,,,,,,,,,,,,,,,,
1989-540,Wimbledon,Grass,128,G,19890626,48,W023,4,,Mats Wilander,R,183,SWE,24.843258,5,0,G182,,,Magnus Gustafsson,R,185,SWE,22.478,68,0,6-2 6-2 6-2,5,R128,,,,,,,,,,,,,,,,,,,
1989-540,Wimbledon,Grass,128,G,19890626,49,M041,8,,Tim Mayotte,R,190,USA,28.895,12,0,C012,,,Paolo Cane,R,180,ITA,24.214,38,0,7-6 6-0 6-1,5,R128,,,,,,,,,,,,,,,,,,,
1989-540,Wimbledon,Grass,128,G,19890626,50,H191,,Q,Henrik Holm,R,183,SWE,20.843,307,0,B075,,,Neil Broad,R,190,GBR,22.598,109,0,6-1 6-1 6-1,5,R128,,,,,,,,,,,,,,,,,,,
1989-540,Wimbledon,Grass,128,G,19890626,51,P012,,,David Pate,R,183,USA,27.195,147,0,A027,,,Paul Annacone,R,185,USA,26.27,34,0,3-6 7-6 4-6 7-5 6-4,5,R128,,,,,,,,,,,,,,,,,,,
1989-540,Wimbledon,Grass,128,G,19890626,52,N018,,,Tom Nijssen,R,175,NED,24.734,121,0,S055,,,Horst Skoff,R,175,AUT,20.843,25,0,7-5 6-3 6-2,5,R128,,,,,,,,,,,,,,,,,,,
1989-540,Wimbledon,Grass,128,G,19890626,53,G023,,,Andres Gomez,L,193,ECU,29.328,29,0,L009,,,Leonardo Lavalle,L,188,MEX,21.952,65,0,3-6 6-4 6-4 7-6,5,R128,,,,,,,,,,,,,,,,,,,
1989-540,Wimbledon,Grass,128,G,19890626,54,S021,,,Michiel Schapers,R,201,NED,29.708,71,0,R032,,Q,Michael Robertson,R,185,USA,25.985,218,0,7-5 4-6 7-6 6-4,5,R128,,,,,,,,,,,,,,,,,,,
1989-540,Wimbledon,Grass,128,G,19890626,55,A006,,,Ronald Agenor,R,180,USA,24.616,27,0,F031,,,Jean-Philippe Fleurian,R,185,FRA,23.789,105,0,4-6 6-3 6-3 6-4,5,R128,,,,,,,,,,,,,,,,,,,
1989-540,Wimbledon,Grass,128,G,19890626,56,C274,9,,Michael Chang,R,175,USA,17.342,6,0,S017,,Q,Bill Scanlon,R,185,USA,32.616,258,0,6-4 6-3 2-6 6-3,5,R128,,,,,,,,,,,,,,,,,,,
1989-540,Wimbledon,Grass,128,G,19890626,57,M012,16,,Amos Mansdorf,R,175,ISR,23.682,23,0,B350,,,Sergi Bruguera,R,188,ESP,18.442,37,0,6-2 6-1 6-4,5,R128,,,,,,,,,,,,,,,,,,,
1989-540,Wimbledon,Grass,128,G,19890626,58,J008,,,Eric Jelen,R,180,GER,24.293,46,0,V037,,,Alexander Volkov,L,188,RUS,22.316,35,0,7-5 6-7 6-3 6-2,5,R128,,,,,,,,,,,,,,,,,,,
1989-540,Wimbledon,Grass,128,G,19890626,59,H030,,Q,Greg Holmes,R,178,USA,25.826,309,0,B113,,WC,Nick Brown,R,190,GBR,27.811,267,0,6-3 7-6 6-3,5,R128,,,,,,,,,,,,,,,,,,,
1989-540,Wimbledon,Grass,128,G,19890626,60,W029,,,Todd Witsken,R,183,USA,25.643,82,0,C018,,,Johan Carlsson,R,183,SWE,23.406,122,0,6-3 6-4 7-6,5,R128,,,,,,,,,,,,,,,,,,,
1989-540,Wimbledon,Grass,128,G,19890626,61,D004,,,Scott Davis,R,188,USA,26.831,85,0,V098,,,Andres Vysand,R,180,GER,23.296,112,0,6-4 1-6 6-4 6-4,5,R128,,,,,,,,,,,,,,,,,,,
1989-540,Wimbledon,Grass,128,G,19890626,62,S080,,,Carl-Uwe Steeb,L,180,GER,21.818,32,0,V032,,,Danie Visser,L,180,RSA,27.918,127,0,7-6 6-7 6-3 7-6,5,R128,,,,,,,,,,,,,,,,,,,
1989-540,Wimbledon,Grass,128,G,19890626,63,W136,,Q,Todd Woodbridge,R,178,AUS,18.234,244,0,S402,,,Pete Sampras,R,185,USA,17.873,86,0,7-5 7-6 5-7 6-3,5,R128,,,,,,,,,,,,,,,,,,,
1989-540,Wimbledon,Grass,128,G,19890626,64,E004,2,,Stefan Edberg,R,188,SWE,23.433,3,0,P048,,,Chris Pridham,R,183,CAN,24.208,130,0,6-3 6-4 6-1,5,R128,,,,,,,,,,,,,,,,,,,
1989-540,Wimbledon,Grass,128,G,19890626,65,L018,1,,Ivan Lendl,R,188,USA,29.303,1,0,B022,,Q,Ronnie Bathman,R,183,SWE,30.174,311,0,6-7 6-3 6-2 6-2,5,R64,,,,,,,,,,,,,,,,,,,
1989-540,Wimbledon,Grass,128,G,19890626,66,C216,,,Tomas Carbonell,R,178,ESP,20.884,115,0,V002,,,Marian Vajda,R,173,SVK,24.257,84,0,6-2 6-4 7-5,5,R64,,,,,,,,,,,,,,,,,,,
1989-540,Wimbledon,Grass,128,G,19890626,67,F029,,WC,Ken Flach,R,185,USA,26.092,317,0,I034,,,Goran Ivanisevic,L,193,CRO,17.785,51,0,6-4 6-3 4-6 6-3,5,R64,,,,,,,,,,,,,,,,,,,
1989-540,Wimbledon,Grass,128,G,19890626,68,L044,,,Peter Lundgren,R,185,SWE,24.405,62,0,P024,15,,Mikael Pernfors,R,173,SWE,25.947,21,0,7-6 6-2 6-4,5,R64,,,,,,,,,,,,,,,,,,,
1989-540,Wimbledon,Grass,128,G,19890626,69,G022,,,Dan Goldie,R,188,USA,25.73,48,0,C044,10,,Jimmy Connors,L,178,USA,36.813,13,0,7-6 5-7 6-4 6-2,5,R64,,,,,,,,,,,,,,,,,,,
1989-540,Wimbledon,Grass,128,G,19890626,70,M030,,,Wally Masur,R,180,AUS,26.122,49,0,R029,,Q,Joey Rive,L,185,USA,25.969,171,0,6-3 7-6 4-6 6-2,5,R64,,,,,,,,,,,,,,,,,,,
1989-540,Wimbledon,Grass,128,G,19890626,71,Z006,,,Slobodan Zivojinovic,R,198,YUG,25.927,58,0,B322,,WC,Chris Bailey,R,196,GBR,21.158,207,0,6-3 7-5 7-6,5,R64,,,,,,,,,,,,,,,,,,,
1989-540,Wimbledon,Grass,128,G,19890626,72,M052,7,,Miloslav Mecir Sr.,R,190,SVK,25.103,10,0,K021,,,Mark Kratzmann,L,178,AUS,23.11,120,0,6-7 4-6 6-1 7-5 7-5,5,R64,,,,,,,,,,,,,,,,,,,
1989-540,Wimbledon,Grass,128,G,19890626,73,B028,3,,Boris Becker,R,190,GER,21.593,2,0,M032,,,Richard Matuszewski,R,188,USA,24.799,59,0,6-3 7-5 6-4,5,R64,,,,,,,,,,,,,,,,,,,
1989-540,Wimbledon,Grass,128,G,19890626,74,G053,,,Jan Gunnarsson,R,185,SWE,27.075,56,0,R043,,,Derrick Rostagno,R,185,USA,23.669,45,0,6-7 2-6 7-5 7-6 9-7,5,R64,,,,,,,,,,,,,,,,,,,
1989-540,Wimbledon,Grass,128,G,19890626,75,K030,,,Patrik Kuhnen,R,190,GER,23.37,50,0,A066,,,Pieter Aldrich,R,180,RSA,23.8,67,0,6-1 7-5 6-0,5,R64,,,,,,,,,,,,,,,,,,,
1989-540,Wimbledon,Grass,128,G,19890626,76,K023,13,,Aaron Krickstein,R,183,USA,21.9,15,0,F041,,,Javier Frana,L,185,ARG,22.502,104,0,4-6 6-3 3-6 7-6 7-5,5,R64,,,,,,,,,,,,,,,,,,,
1989-540,Wimbledon,Grass,128,G,19890626,77,C057,12,,Kevin Curren,R,185,USA,31.318,17,0,S072,,,Milan Srejber,R,203,CZE,25.489,70,0,4-6 6-2 6-3 6-0,5,R64,,,,,,,,,,,,,,,,,,,
1989-540,Wimbledon,Grass,128,G,19890626,78,S045,,,Leif Shiras,R,183,USA,29.848,140,0,B021,,WC,Jeremy Bates,R,180,GBR,27.02,135,0,4-6 7-5 6-3 6-2,5,R64,,,,,,,,,,,,,,,,,,,
1989-540,Wimbledon,Grass,128,G,19890626,79,F049,,Q,Nick Fulwood,R,185,GBR,25.733,232,0,P222,,WC,Mark Petchey,R,183,GBR,18.902,313,0,7-5 6-1 6-2,5,R64,,,,,,,,,,,,,,,,,,,
1989-540,Wimbledon,Grass,128,G,19890626,80,C029,,,Paul Chamberlin,R,178,USA,27.253,91,0,H029,,,Thomas Hogstedt,R,190,SWE,25.763,119,0,6-3 6-2 6-2,5,R64,,,,,,,,,,,,,,,,,,,
1989-540,Wimbledon,Grass,128,G,19890626,81,M047,5,,John McEnroe,L,180,USA,30.357,8,0,R016,,,Richey Reneberg,R,180,USA,23.723,106,0,6-3 3-6 6-3 7-5,5,R64,,,,,,,,,,,,,,,,,,,
1989-540,Wimbledon,Grass,128,G,19890626,82,P052,,,Jim Pugh,R,193,USA,25.388,77,0,S034,,,Robert Seguso,R,190,USA,26.155,52,0,6-3 7-6 6-3,5,R64,,,,,,,,,,,,,,,,,,,
1989-540,Wimbledon,Grass,128,G,19890626,83,S101,,,Jonas Svensson,R,188,SWE,22.68,30,0,L030,,,Carl Limberger,R,170,AUS,25.421,138,0,6-4 6-3 7-6,5,R64,,,,,,,,,,,,,,,,,,,
1989-540,Wimbledon,Grass,128,G,19890626,84,F028,,,John Fitzgerald,R,183,AUS,28.493,41,0,L010,,,Glenn Layendecker,L,185,USA,28.131,96,0,4-6 6-3 3-6 6-3 6-4,5,R64,,,,,,,,,,,,,,,,,,,
1989-540,Wimbledon,Grass,128,G,19890626,85,D040,,,Brad Drewett,L,185,AUS,30.938,99,0,W019,,,Tim Wilkison,L,180,USA,29.591,80,0,6-7 6-3 7-5 6-2,5,R64,,,,,,,,,,,,,,,,,,,
1989-540,Wimbledon,Grass,128,G,19890626,86,V014,,,Christo Van Rensburg,R,185,RSA,26.675,28,0,L008,,Q,Martin Laurendeau,R,190,CAN,24.961,107,0,3-6 7-6 6-2 6-2,5,R64,,,,,,,,,,,,,,,,,,,
1989-540,Wimbledon,Grass,128,G,19890626,87,S331,,,Jason Stoltenberg,R,185,AUS,19.228,123,0,C009,,,Omar Camporese,R,188,ITA,21.133,53,0,7-5 6-7 6-2 1-6 6-3,5,R64,,,,,,,,,,,,,,,,,,,
1989-540,Wimbledon,Grass,128,G,19890626,88,W023,4,,Mats Wilander,R,183,SWE,24.843258,5,0,N025,,,Karel Novacek,R,190,CZE,24.241,83,0,6-3 6-0 6-3,5,R64,,,,,,,,,,,,,,,,,,,
1989-540,Wimbledon,Grass,128,G,19890626,89,M041,8,,Tim Mayotte,R,190,USA,28.895,12,0,H191,,Q,Henrik Holm,R,183,SWE,20.843,307,0,7-6 6-2 4-6 6-1,5,R64,,,,,,,,,,,,,,,,,,,
1989-540,Wimbledon,Grass,128,G,19890626,90,P012,,,David Pate,R,183,USA,27.195,147,0,N018,,,Tom Nijssen,R,175,NED,24.734,121,0,6-4 2-6 1-6 7-6 15-13,5,R64,,,,,,,,,,,,,,,,,,,
1989-540,Wimbledon,Grass,128,G,19890626,91,S021,,,Michiel Schapers,R,201,NED,29.708,71,0,G023,,,Andres Gomez,L,193,ECU,29.328,29,0,2-6 7-6 7-5 3-6 6-3,5,R64,,,,,,,,,,,,,,,,,,,
1989-540,Wimbledon,Grass,128,G,19890626,92,C274,9,,Michael Chang,R,175,USA,17.342,6,0,A006,,,Ronald Agenor,R,180,USA,24.616,27,0,4-6 6-2 6-1 7-5,5,R64,,,,,,,,,,,,,,,,,,,
1989-540,Wimbledon,Grass,128,G,19890626,93,M012,16,,Amos Mansdorf,R,175,ISR,23.682,23,0,J008,,,Eric Jelen,R,180,GER,24.293,46,0,4-6 6-3 3-6 6-3 6-2,5,R64,,,,,,,,,,,,,,,,,,,
1989-540,Wimbledon,Grass,128,G,19890626,94,H030,,Q,Greg Holmes,R,178,USA,25.826,309,0,W029,,,Todd Witsken,R,183,USA,25.643,82,0,5-7 6-4 7-6 4-6 14-12,5,R64,,,,,,,,,,,,,,,,,,,
1989-540,Wimbledon,Grass,128,G,19890626,95,D004,,,Scott Davis,R,188,USA,26.831,85,0,S080,,,Carl-Uwe Steeb,L,180,GER,21.818,32,0,7-5 4-6 4-6 6-2 6-4,5,R64,,,,,,,,,,,,,,,,,,,
1989-540,Wimbledon,Grass,128,G,19890626,96,E004,2,,Stefan Edberg,R,188,SWE,23.433,3,0,W136,,Q,Todd Woodbridge,R,178,AUS,18.234,244,0,6-4 6-4 1-6 7-6,5,R64,,,,,,,,,,,,,,,,,,,
1989-540,Wimbledon,Grass,128,G,19890626,97,L018,1,,Ivan Lendl,R,188,USA,29.303,1,0,C216,,,Tomas Carbonell,R,178,ESP,20.884,115,0,7-6 6-3 6-1,5,R32,,,,,,,,,,,,,,,,,,,
1989-540,Wimbledon,Grass,128,G,19890626,98,L044,,,Peter Lundgren,R,185,SWE,24.405,62,0,F029,,WC,Ken Flach,R,185,USA,26.092,317,0,6-3 6-2 6-7 6-3,5,R32,,,,,,,,,,,,,,,,,,,
1989-540,Wimbledon,Grass,128,G,19890626,99,G022,,,Dan Goldie,R,188,USA,25.73,48,0,M030,,,Wally Masur,R,180,AUS,26.122,49,0,7-6 7-6 3-6 7-6,5,R32,,,,,,,,,,,,,,,,,,,
1989-540,Wimbledon,Grass,128,G,19890626,100,Z006,,,Slobodan Zivojinovic,R,198,YUG,25.927,58,0,M052,7,,Miloslav Mecir Sr.,R,190,SVK,25.103,10,0,6-7 6-1 7-5 6-3,5,R32,,,,,,,,,,,,,,,,,,,
1989-540,Wimbledon,Grass,128,G,19890626,101,B028,3,,Boris Becker,R,190,GER,21.593,2,0,G053,,,Jan Gunnarsson,R,185,SWE,27.075,56,0,7-5 7-6 6-3,5,R32,,,,,,,,,,,,,,,,,,,
1989-540,Wimbledon,Grass,128,G,19890626,102,K023,13,,Aaron Krickstein,R,183,USA,21.9,15,0,K030,,,Patrik Kuhnen,R,190,GER,23.37,50,0,4-6 6-3 6-3 6-2,5,R32,,,,,,,,,,,,,,,,,,,
1989-540,Wimbledon,Grass,128,G,19890626,103,S045,,,Leif Shiras,R,183,USA,29.848,140,0,C057,12,,Kevin Curren,R,185,USA,31.318,17,0,4-6 6-3 5-7 7-6 6-3,5,R32,,,,,,,,,,,,,,,,,,,
1989-540,Wimbledon,Grass,128,G,19890626,104,C029,,,Paul Chamberlin,R,178,USA,27.253,91,0,F049,,Q,Nick Fulwood,R,185,GBR,25.733,232,0,3-6 7-6 6-4 6-2,5,R32,,,,,,,,,,,,,,,,,,,
1989-540,Wimbledon,Grass,128,G,19890626,105,M047,5,,John McEnroe,L,180,USA,30.357,8,0,P052,,,Jim Pugh,R,193,USA,25.388,77,0,6-3 6-4 6-2,5,R32,,,,,,,,,,,,,,,,,,,
1989-540,Wimbledon,Grass,128,G,19890626,106,F028,,,John Fitzgerald,R,183,AUS,28.493,41,0,S101,,,Jonas Svensson,R,188,SWE,22.68,30,0,6-4 6-4 7-6,5,R32,,,,,,,,,,,,,,,,,,,
1989-540,Wimbledon,Grass,128,G,19890626,107,V014,,,Christo Van Rensburg,R,185,RSA,26.675,28,0,D040,,,Brad Drewett,L,185,AUS,30.938,99,0,6-3 2-6 2-6 6-2 10-8,5,R32,,,,,,,,,,,,,,,,,,,
1989-540,Wimbledon,Grass,128,G,19890626,108,W023,4,,Mats Wilander,R,183,SWE,24.843258,5,0,S331,,,Jason Stoltenberg,R,185,AUS,19.228,123,0,6-3 6-3 6-3,5,R32,,,,,,,,,,,,,,,,,,,
1989-540,Wimbledon,Grass,128,G,19890626,109,M041,8,,Tim Mayotte,R,190,USA,28.895,12,0,P012,,,David Pate,R,183,USA,27.195,147,0,6-4 6-1 6-3,5,R32,,,,,,,,,,,,,,,,,,,
1989-540,Wimbledon,Grass,128,G,19890626,110,C274,9,,Michael Chang,R,175,USA,17.342,6,0,S021,,,Michiel Schapers,R,201,NED,29.708,71,0,4-6 6-3 7-5 7-5,5,R32,,,,,,,,,,,,,,,,,,,
1989-540,Wimbledon,Grass,128,G,19890626,111,M012,16,,Amos Mansdorf,R,175,ISR,23.682,23,0,H030,,Q,Greg Holmes,R,178,USA,25.826,309,0,6-2 6-4 6-2,5,R32,,,,,,,,,,,,,,,,,,,
1989-540,Wimbledon,Grass,128,G,19890626,112,E004,2,,Stefan Edberg,R,188,SWE,23.433,3,0,D004,,,Scott Davis,R,188,USA,26.831,85,0,6-3 6-4 4-6 6-2,5,R32,,,,,,,,,,,,,,,,,,,
1989-540,Wimbledon,Grass,128,G,19890626,113,L018,1,,Ivan Lendl,R,188,USA,29.303,1,0,L044,,,Peter Lundgren,R,185,SWE,24.405,62,0,1-6 7-6 6-2 6-4,5,R16,,,,,,,,,,,,,,,,,,,
1989-540,Wimbledon,Grass,128,G,19890626,114,G022,,,Dan Goldie,R,188,USA,25.73,48,0,Z006,,,Slobodan Zivojinovic,R,198,YUG,25.927,58,0,6-4 6-4 7-6,5,R16,,,,,,,,,,,,,,,,,,,
1989-540,Wimbledon,Grass,128,G,19890626,115,B028,3,,Boris Becker,R,190,GER,21.593,2,0,K023,13,,Aaron Krickstein,R,183,USA,21.9,15,0,6-4 6-4 7-5,5,R16,,,,,,,,,,,,,,,,,,,
1989-540,Wimbledon,Grass,128,G,19890626,116,C029,,,Paul Chamberlin,R,178,USA,27.253,91,0,S045,,,Leif Shiras,R,183,USA,29.848,140,0,7-5 6-4 7-6,5,R16,,,,,,,,,,,,,,,,,,,
1989-540,Wimbledon,Grass,128,G,19890626,117,M047,5,,John McEnroe,L,180,USA,30.357,8,0,F028,,,John Fitzgerald,R,183,AUS,28.493,41,0,6-3 0-6 6-4 6-4,5,R16,,,,,,,,,,,,,,,,,,,
1989-540,Wimbledon,Grass,128,G,19890626,118,W023,4,,Mats Wilander,R,183,SWE,24.843258,5,0,V014,,,Christo Van Rensburg,R,185,RSA,26.675,28,0,3-6 7-5 7-5 6-3,5,R16,,,,,,,,,,,,,,,,,,,
1989-540,Wimbledon,Grass,128,G,19890626,119,M041,8,,Tim Mayotte,R,190,USA,28.895,12,0,C274,9,,Michael Chang,R,175,USA,17.342,6,0,6-3 6-1 6-3,5,R16,,,,,,,,,,,,,,,,,,,
1989-540,Wimbledon,Grass,128,G,19890626,120,E004,2,,Stefan Edberg,R,188,SWE,23.433,3,0,M012,16,,Amos Mansdorf,R,175,ISR,23.682,23,0,6-4 6-3 6-2,5,R16,,,,,,,,,,,,,,,,,,,
1989-540,Wimbledon,Grass,128,G,19890626,121,L018,1,,Ivan Lendl,R,188,USA,29.303,1,0,G022,,,Dan Goldie,R,188,USA,25.73,48,0,7-6 7-6 6-0,5,QF,,,,,,,,,,,,,,,,,,,
1989-540,Wimbledon,Grass,128,G,19890626,122,B028,3,,Boris Becker,R,190,GER,21.593,2,0,C029,,,Paul Chamberlin,R,178,USA,27.253,91,0,6-1 6-2 6-0,5,QF,,,,,,,,,,,,,,,,,,,
1989-540,Wimbledon,Grass,128,G,19890626,123,M047,5,,John McEnroe,L,180,USA,30.357,8,0,W023,4,,Mats Wilander,R,183,SWE,24.843258,5,0,7-6 3-6 6-3 6-4,5,QF,,,,,,,,,,,,,,,,,,,
1989-540,Wimbledon,Grass,128,G,19890626,124,E004,2,,Stefan Edberg,R,188,SWE,23.433,3,0,M041,8,,Tim Mayotte,R,190,USA,28.895,12,0,7-6 7-6 6-3,5,QF,,,,,,,,,,,,,,,,,,,
1989-540,Wimbledon,Grass,128,G,19890626,125,B028,3,,Boris Becker,R,190,GER,21.593,2,0,L018,1,,Ivan Lendl,R,188,USA,29.303,1,0,7-5 6-7 2-6 6-4 6-3,5,SF,,,,,,,,,,,,,,,,,,,
1989-540,Wimbledon,Grass,128,G,19890626,126,E004,2,,Stefan Edberg,R,188,SWE,23.433,3,0,M047,5,,John McEnroe,L,180,USA,30.357,8,0,7-5 7-6 7-6,5,SF,,,,,,,,,,,,,,,,,,,
1989-540,Wimbledon,Grass,128,G,19890626,127,B028,3,,Boris Becker,R,190,GER,21.593,2,0,E004,2,,Stefan Edberg,R,188,SWE,23.433,3,0,6-0 7-6 6-4,5,F,,,,,,,,,,,,,,,,,,,
1989-314,Gstaad,Clay,32,A,19890710,1,H025,1,,Jakob Hlasek,R,188,SUI,24.657,9,0,O025,,,Marko Ostoja,R,175,CRO,28.72,173,0,6-4 6-2,3,R32,,,,,,,,,,,,,,,,,,,
1989-314,Gstaad,Clay,32,A,19890710,2,W029,,,Todd Witsken,R,183,USA,25.681,85,0,S072,,,Milan Srejber,R,203,CZE,25.528,79,0,7-5 6-4,3,R32,,,,,,,,,,,,,,,,,,,
1989-314,Gstaad,Clay,32,A,19890710,3,M063,,WC,Claudio Mezzadri,R,180,SUI,24.082,165,0,S077,,WC,Roland Stadler,U,178,SUI,30.073,229,0,6-2 6-3,3,R32,,,,,,,,,,,,,,,,,,,
1989-314,Gstaad,Clay,32,A,19890710,4,G053,,,Jan Gunnarsson,R,185,SWE,27.113,52,0,S101,7,,Jonas Svensson,R,188,SWE,22.719,30,0,6-1 6-4,3,R32,,,,,,,,,,,,,,,,,,,
1989-314,Gstaad,Clay,32,A,19890710,5,D008,,,Horacio De La Pena,L,180,ARG,22.94,81,0,M012,4,,Amos Mansdorf,R,175,ISR,23.721,21,0,7-6 6-4,3,R32,,,,,,,,,,,,,,,,,,,
1989-314,Gstaad,Clay,32,A,19890710,6,N025,,,Karel Novacek,R,190,CZE,24.279,83,0,C024,,,Sergio Casal,R,185,ESP,26.836,147,0,6-3 7-6,3,R32,,,,,,,,,,,,,,,,,,,
1989-314,Gstaad,Clay,32,A,19890710,7,I034,,,Goran Ivanisevic,L,193,CRO,17.823,46,0,V002,,,Marian Vajda,R,173,SVK,24.296,93,0,6-4 3-6 6-3,3,R32,,,,,,,,,,,,,,,,,,,
1989-314,Gstaad,Clay,32,A,19890710,8,G182,,,Magnus Gustafsson,R,185,SWE,22.516,65,0,S055,5,,Horst Skoff,R,175,AUT,20.882,29,0,6-4 7-5,3,R32,,,,,,,,,,,,,,,,,,,
1989-314,Gstaad,Clay,32,A,19890710,9,B350,,,Sergi Bruguera,R,188,ESP,18.48,38,0,A006,6,,Ronald Agenor,R,180,USA,24.654,26,0,6-3 6-2,3,R32,,,,,,,,,,,,,,,,,,,
1989-314,Gstaad,Clay,32,A,19890710,10,K148,,,Petr Korda,L,190,CZE,21.462,282,0,T032,,,Thierry Tulasne,R,178,FRA,25.996,102,0,6-7 7-6 7-6,3,R32,,,,,,,,,,,,,,,,,,,
1989-314,Gstaad,Clay,32,A,19890710,11,R023,,,Udo Riglewski,R,185,GER,22.951,156,0,C252,,Q,Francisco Clavet,L,183,ESP,20.709,251,0,6-7 7-6 6-2,3,R32,,,,,,,,,,,,,,,,,,,
1989-314,Gstaad,Clay,32,A,19890710,12,S014,3,,Emilio Sanchez,R,180,ESP,24.115,17,0,S015,,,Javier Sanchez,R,178,ESP,21.437,54,0,6-4 6-4,3,R32,,,,,,,,,,,,,,,,,,,
1989-314,Gstaad,Clay,32,A,19890710,13,S080,8,,Carl-Uwe Steeb,L,180,GER,21.856,28,0,S329,,Q,Cyril Suk,R,180,CZE,22.445,195,0,5-7 6-2 6-2,3,R32,,,,,,,,,,,,,,,,,,,
1989-314,Gstaad,Clay,32,A,19890710,14,M092,,,Cassio Motta,R,180,BRA,29.38,90,0,L189,,Q,Andreas Lesch,L,196,GER,23.513,434,0,6-4 6-3,3,R32,,,,,,,,,,,,,,,,,,,
1989-314,Gstaad,Clay,32,A,19890710,15,S328,,,Martin Strelba,R,190,CZE,22.303,67,0,P213,,Q,Laurent Prades,L,183,FRA,20.975,485,0,7-6 6-3,3,R32,,,,,,,,,,,,,,,,,,,
1989-314,Gstaad,Clay,32,A,19890710,16,K023,2,,Aaron Krickstein,R,183,USA,21.938,13,0,O026,,WC,Ricki Osterthun,R,185,GER,25.188,170,0,6-2 6-4,3,R32,,,,,,,,,,,,,,,,,,,
1989-314,Gstaad,Clay,32,A,19890710,17,W029,,,Todd Witsken,R,183,USA,25.681,85,0,H025,1,,Jakob Hlasek,R,188,SUI,24.657,9,0,6-4 6-0,3,R16,,,,,,,,,,,,,,,,,,,
1989-314,Gstaad,Clay,32,A,19890710,18,G053,,,Jan Gunnarsson,R,185,SWE,27.113,52,0,M063,,WC,Claudio Mezzadri,R,180,SUI,24.082,165,0,6-4 6-2,3,R16,,,,,,,,,,,,,,,,,,,
1989-314,Gstaad,Clay,32,A,19890710,19,D008,,,Horacio De La Pena,L,180,ARG,22.94,81,0,N025,,,Karel Novacek,R,190,CZE,24.279,83,0,6-4 5-7 7-5,3,R16,,,,,,,,,,,,,,,,,,,
1989-314,Gstaad,Clay,32,A,19890710,20,G182,,,Magnus Gustafsson,R,185,SWE,22.516,65,0,I034,,,Goran Ivanisevic,L,193,CRO,17.823,46,0,7-5 6-2,3,R16,,,,,,,,,,,,,,,,,,,
1989-314,Gstaad,Clay,32,A,19890710,21,B350,,,Sergi Bruguera,R,188,ESP,18.48,38,0,K148,,,Petr Korda,L,190,CZE,21.462,282,0,6-1 4-6 6-3,3,R16,,,,,,,,,,,,,,,,,,,
1989-314,Gstaad,Clay,32,A,19890710,22,R023,,,Udo Riglewski,R,185,GER,22.951,156,0,S014,3,,Emilio Sanchez,R,180,ESP,24.115,17,0,5-7 7-6 7-5,3,R16,,,,,,,,,,,,,,,,,,,
1989-314,Gstaad,Clay,32,A,19890710,23,S080,8,,Carl-Uwe Steeb,L,180,GER,21.856,28,0,M092,,,Cassio Motta,R,180,BRA,29.38,90,0,4-6 7-6 7-6,3,R16,,,,,,,,,,,,,,,,,,,
1989-314,Gstaad,Clay,32,A,19890710,24,K023,2,,Aaron Krickstein,R,183,USA,21.938,13,0,S328,,,Martin Strelba,R,190,CZE,22.303,67,0,6-2 6-3,3,R16,,,,,,,,,,,,,,,,,,,
1989-314,Gstaad,Clay,32,A,19890710,25,G053,,,Jan Gunnarsson,R,185,SWE,27.113,52,0,W029,,,Todd Witsken,R,183,USA,25.681,85,0,7-5 6-4,3,QF,,,,,,,,,,,,,,,,,,,
1989-314,Gstaad,Clay,32,A,19890710,26,G182,,,Magnus Gustafsson,R,185,SWE,22.516,65,0,D008,,,Horacio De La Pena,L,180,ARG,22.94,81,0,6-4 6-4,3,QF,,,,,,,,,,,,,,,,,,,
1989-314,Gstaad,Clay,32,A,19890710,27,B350,,,Sergi Bruguera,R,188,ESP,18.48,38,0,R023,,,Udo Riglewski,R,185,GER,22.951,156,0,7-5 6-4,3,QF,,,,,,,,,,,,,,,,,,,
1989-314,Gstaad,Clay,32,A,19890710,28,S080,8,,Carl-Uwe Steeb,L,180,GER,21.856,28,0,K023,2,,Aaron Krickstein,R,183,USA,21.938,13,0,6-2 6-4,3,QF,,,,,,,,,,,,,,,,,,,
1989-314,Gstaad,Clay,32,A,19890710,29,G182,,,Magnus Gustafsson,R,185,SWE,22.516,65,0,G053,,,Jan Gunnarsson,R,185,SWE,27.113,52,0,6-4 6-2,3,SF,,,,,,,,,,,,,,,,,,,
1989-314,Gstaad,Clay,32,A,19890710,30,S080,8,,Carl-Uwe Steeb,L,180,GER,21.856,28,0,B350,,,Sergi Bruguera,R,188,ESP,18.48,38,0,6-4 5-7 6-3,3,SF,,,,,,,,,,,,,,,,,,,
1989-314,Gstaad,Clay,32,A,19890710,31,S080,8,,Carl-Uwe Steeb,L,180,GER,21.856,28,0,G182,,,Magnus Gustafsson,R,185,SWE,22.516,65,0,6-7 3-6 6-2 6-4 6-2,5,F,,,,,,,,,,,,,,,,,,,
1989-315,Newport,Grass,32,A,19890710,1,A027,1,,Paul Annacone,R,185,USA,26.308,45,0,C011,,,Jonathan Canter,R,185,USA,24.099,143,0,7-5 6-4,3,R32,,,,,,,,,,,,,,,,,,,
1989-315,Newport,Grass,32,A,19890710,2,D040,,,Brad Drewett,L,185,AUS,30.976,106,0,F033,,WC,Marc Flur,R,190,USA,27.088,379,0,6-1 6-2,3,R32,,,,,,,,,,,,,,,,,,,
1989-315,Newport,Grass,32,A,19890710,3,L010,,,Glenn Layendecker,L,185,USA,28.17,89,0,G211,,Q,Patrick Galbraith,L,183,USA,22.234,586,0,6-4 6-3,3,R32,,,,,,,,,,,,,,,,,,,
1989-315,Newport,Grass,32,A,19890710,4,E025,8,,Kelly Evernden,R,175,NZL,27.8,64,0,W124,,WC,MaliVai Washington,R,180,USA,20.055,345,0,4-6 6-4 6-1,3,R32,,,,,,,,,,,,,,,,,,,
1989-315,Newport,Grass,32,A,19890710,5,F028,3,,John Fitzgerald,R,183,AUS,28.531,32,0,P048,,,Chris Pridham,R,183,CAN,24.246,154,0,6-4 6-4,3,R32,,,,,,,,,,,,,,,,,,,
1989-315,Newport,Grass,32,A,19890710,6,G212,,Q,Brian Garrow,R,173,USA,21.254,550,0,G174,,,Bret Garnett,R,185,USA,22.023,205,0,2-6 6-3 6-4,3,R32,,,,,,,,,,,,,,,,,,,
1989-315,Newport,Grass,32,A,19890710,7,T136,,WC,Jeff Tarango,L,180,USA,20.635,99,0,G013,,,Sammy Giammalva Jr.,R,178,USA,26.297,175,0,6-1 6-4,3,R32,,,,,,,,,,,,,,,,,,,
1989-315,Newport,Grass,32,A,19890710,8,L044,6,,Peter Lundgren,R,185,SWE,24.444,48,0,K156,,,Kent Kinnear,R,196,USA,22.609,264,0,7-6 6-4,3,R32,,,,,,,,,,,,,,,,,,,
1989-315,Newport,Grass,32,A,19890710,9,A025,,,Matt Anger,R,188,USA,26.056,168,0,M030,5,,Wally Masur,R,180,AUS,26.16,68,0,6-2 7-6,3,R32,,,,,,,,,,,,,,,,,,,
1989-315,Newport,Grass,32,A,19890710,10,P052,,,Jim Pugh,R,193,USA,25.426,63,0,W019,,,Tim Wilkison,L,180,USA,29.629,75,0,6-7 6-3 6-2,3,R32,,,,,,,,,,,,,,,,,,,
1989-315,Newport,Grass,32,A,19890710,11,S288,,,Christian Saceanu,R,190,GER,21.005,149,0,A022,,,Vijay Amritraj,R,193,IND,35.57,210,0,6-7 6-3 6-4,3,R32,,,,,,,,,,,,,,,,,,,
1989-315,Newport,Grass,32,A,19890710,12,R043,4,,Derrick Rostagno,R,185,USA,23.707,44,0,V008,,,Robert Van't Hof,R,193,USA,30.251,161,0,6-4 6-1,3,R32,,,,,,,,,,,,,,,,,,,
1989-315,Newport,Grass,32,A,19890710,13,A066,7,,Pieter Aldrich,R,180,RSA,23.838,71,0,B075,,,Neil Broad,R,190,GBR,22.637,131,0,6-4 6-4,3,R32,,,,,,,,,,,,,,,,,,,
1989-315,Newport,Grass,32,A,19890710,14,V032,,,Danie Visser,L,180,RSA,27.956,129,0,T004,,Q,Byron Talbot,R,183,RSA,24.816,265,0,6-2 6-3,3,R32,,,,,,,,,,,,,,,,,,,
1989-315,Newport,Grass,32,A,19890710,15,M096,,,Gary Muller,L,190,RSA,24.534,103,0,S380,,Q,Bryan Shelton,R,185,USA,23.548,426,0,6-2 7-5,3,R32,,,,,,,,,,,,,,,,,,,
1989-315,Newport,Grass,32,A,19890710,16,K022,2,,Johan Kriek,R,175,USA,31.264,39,0,F041,,,Javier Frana,L,185,ARG,22.541,104,0,6-4 6-3,3,R32,,,,,,,,,,,,,,,,,,,
1989-315,Newport,Grass,32,A,19890710,17,A027,1,,Paul Annacone,R,185,USA,26.308,45,0,D040,,,Brad Drewett,L,185,AUS,30.976,106,0,4-6 6-3 6-2,3,R16,,,,,,,,,,,,,,,,,,,
1989-315,Newport,Grass,32,A,19890710,18,L010,,,Glenn Layendecker,L,185,USA,28.17,89,0,E025,8,,Kelly Evernden,R,175,NZL,27.8,64,0,4-6 6-3 6-1,3,R16,,,,,,,,,,,,,,,,,,,
1989-315,Newport,Grass,32,A,19890710,19,F028,3,,John Fitzgerald,R,183,AUS,28.531,32,0,G212,,Q,Brian Garrow,R,173,USA,21.254,550,0,6-3 6-3,3,R16,,,,,,,,,,,,,,,,,,,
1989-315,Newport,Grass,32,A,19890710,20,L044,6,,Peter Lundgren,R,185,SWE,24.444,48,0,T136,,WC,Jeff Tarango,L,180,USA,20.635,99,0,6-4 7-5,3,R16,,,,,,,,,,,,,,,,,,,
1989-315,Newport,Grass,32,A,19890710,21,P052,,,Jim Pugh,R,193,USA,25.426,63,0,A025,,,Matt Anger,R,188,USA,26.056,168,0,7-6 7-5,3,R16,,,,,,,,,,,,,,,,,,,
1989-315,Newport,Grass,32,A,19890710,22,S288,,,Christian Saceanu,R,190,GER,21.005,149,0,R043,4,,Derrick Rostagno,R,185,USA,23.707,44,0,6-4 1-6 7-6,3,R16,,,,,,,,,,,,,,,,,,,
1989-315,Newport,Grass,32,A,19890710,23,V032,,,Danie Visser,L,180,RSA,27.956,129,0,A066,7,,Pieter Aldrich,R,180,RSA,23.838,71,0,6-4 4-6 6-3,3,R16,,,,,,,,,,,,,,,,,,,
1989-315,Newport,Grass,32,A,19890710,24,K022,2,,Johan Kriek,R,175,USA,31.264,39,0,M096,,,Gary Muller,L,190,RSA,24.534,103,0,6-1 6-4,3,R16,,,,,,,,,,,,,,,,,,,
1989-315,Newport,Grass,32,A,19890710,25,L010,,,Glenn Layendecker,L,185,USA,28.17,89,0,A027,1,,Paul Annacone,R,185,USA,26.308,45,0,4-6 6-3 7-6,3,QF,,,,,,,,,,,,,,,,,,,
1989-315,Newport,Grass,32,A,19890710,26,L044,6,,Peter Lundgren,R,185,SWE,24.444,48,0,F028,3,,John Fitzgerald,R,183,AUS,28.531,32,0,7-6 7-6,3,QF,,,,,,,,,,,,,,,,,,,
1989-315,Newport,Grass,32,A,19890710,27,P052,,,Jim Pugh,R,193,USA,25.426,63,0,S288,,,Christian Saceanu,R,190,GER,21.005,149,0,6-3 6-4,3,QF,,,,,,,,,,,,,,,,,,,
1989-315,Newport,Grass,32,A,19890710,28,V032,,,Danie Visser,L,180,RSA,27.956,129,0,K022,2,,Johan Kriek,R,175,USA,31.264,39,0,6-3 6-2,3,QF,,,,,,,,,,,,,,,,,,,
1989-315,Newport,Grass,32,A,19890710,29,L044,6,,Peter Lundgren,R,185,SWE,24.444,48,0,L010,,,Glenn Layendecker,L,185,USA,28.17,89,0,6-3 6-4,3,SF,,,,,,,,,,,,,,,,,,,
1989-315,Newport,Grass,32,A,19890710,30,P052,,,Jim Pugh,R,193,USA,25.426,63,0,V032,,,Danie Visser,L,180,RSA,27.956,129,0,6-4 6-7 6-3,3,SF,,,,,,,,,,,,,,,,,,,
1989-315,Newport,Grass,32,A,19890710,31,P052,,,Jim Pugh,R,193,USA,25.426,63,0,L044,6,,Peter Lundgren,R,185,SWE,24.444,48,0,6-4 4-6 6-2,3,F,,,,,,,,,,,,,,,,,,,
1989-417,Boston,Clay,56,A,19890710,1,G055,,,Steve Guy,R,188,NZL,30.322,208,0,B082,,WC,Andrew Burrow,R,178,RSA,26.064,310,0,7-5 6-3,3,R64,,,,,,,,,,,,,,,,,,,
1989-417,Boston,Clay,56,A,19890710,2,M076,,,Barry Moir,R,180,RSA,26.108,202,0,M172,,LL,Tom Mercer,R,185,USA,24.663,339,0,7-5 6-0,3,R64,,,,,,,,,,,,,,,,,,,
1989-417,Boston,Clay,56,A,19890710,3,B271,,Q,Martin Barba,R,180,USA,22.883,384,0,B074,16,,Jimmy Brown,R,180,USA,24.2,107,0,4-6 6-3 6-4,3,R64,,,,,,,,,,,,,,,,,,,
1989-417,Boston,Clay,56,A,19890710,4,D044,10,,Lawson Duncan,R,185,USA,24.704,84,0,B326,,WC,Mike Brown,R,183,USA,20.586,1067,0,6-1 6-0,3,R64,,,,,,,,,,,,,,,,,,,
1989-417,Boston,Clay,56,A,19890710,5,N016,,,Miguel Nido,R,180,PUR,26.341,193,0,F164,,,Richard Fromberg,R,196,AUS,19.201,134,0,6-3 3-6 7-6,3,R64,,,,,,,,,,,,,,,,,,,
1989-417,Boston,Clay,56,A,19890710,6,R012,,,Pedro Rebolledo,R,170,CHI,28.561,206,0,L151,,,Dirk Leppen,R,180,GER,22.88,185,0,6-3 7-5,3,R64,,,,,,,,,,,,,,,,,,,
1989-417,Boston,Clay,56,A,19890710,7,W038,,,Martin Wostenholme,R,183,CAN,26.746,159,0,C248,,,Ned Caswell,R,190,USA,25.533,226,0,6-4 3-6 6-2,3,R64,,,,,,,,,,,,,,,,,,,
1989-417,Boston,Clay,56,A,19890710,8,R016,,,Richey Reneberg,R,180,USA,23.762,110,0,G197,,,Gustavo Giussani,R,180,ARG,21.344,164,0,6-2 3-6 6-1,3,R64,,,,,,,,,,,,,,,,,,,
1989-417,Boston,Clay,56,A,19890710,9,L043,13,,Fernando Luna,R,175,ESP,31.211,76,0,B084,,,Juan Carlos Baguena,R,183,ESP,22.505,239,0,6-2 6-4,3,R64,,,,,,,,,,,,,,,,,,,
1989-417,Boston,Clay,56,A,19890710,10,D049,,,Broderick Dyke,L,183,AUS,28.523,169,0,O018,12,,Bruno Oresar,R,175,CRO,22.22,88,0,6-4 2-6 6-4,3,R64,,,,,,,,,,,,,,,,,,,
1989-417,Boston,Clay,56,A,19890710,11,R028,,,Guillermo Rivas,R,183,ARG,25.415,196,0,R042,,,John Ross,R,185,USA,25.361,272,0,6-4 6-2,3,R64,,,,,,,,,,,,,,,,,,,
1989-417,Boston,Clay,56,A,19890710,12,P021,,,Diego Perez,R,178,URU,27.414,118,0,Y002,,,Simon Youl,R,185,AUS,24.025,194,0,7-6 6-1,3,R64,,,,,,,,,,,,,,,,,,,
1989-417,Boston,Clay,56,A,19890710,13,J009,,WC,Luke Jensen,U,190,USA,23.061,309,0,A172,,,Alejandro Aramburu,R,175,PER,20.4,157,0,6-4 6-3,3,R64,,,,,,,,,,,,,,,,,,,
1989-417,Boston,Clay,56,A,19890710,14,B083,,,Doug Burke,R,180,JAM,25.96,222,0,M130,,Q,Agustin Moreno,R,180,MEX,22.278,319,0,7-6 4-6 7-5,3,R64,,,,,,,,,,,,,,,,,,,
1989-417,Boston,Clay,56,A,19890710,15,J004,11,,Martin Jaite,R,178,ARG,24.75,53,0,D024,,Q,Steve DeVries,R,180,USA,24.586,456,0,7-5 6-3,3,R64,,,,,,,,,,,,,,,,,,,
1989-417,Boston,Clay,56,A,19890710,16,B035,14,,Eduardo Bengoechea,R,185,ARG,30.023,74,0,B069,,Q,John Boytim,R,175,USA,21.552,433,0,7-6 6-0,3,R64,,,,,,,,,,,,,,,,,,,
1989-417,Boston,Clay,56,A,19890710,17,S358,,Q,John Sobel,R,173,USA,25.399,513,0,B409,,WC,Will Bull,R,185,USA,17.024,,,6-4 6-7 6-2,3,R64,,,,,,,,,,,,,,,,,,,
1989-417,Boston,Clay,56,A,19890710,18,J083,,LL,Philip Johnson,R,173,USA,24.827,240,0,J018,,,Kelly Jones,R,185,USA,25.276,181,0,1-6 6-3 6-2,3,R64,,,,,,,,,,,,,,,,,,,
1989-417,Boston,Clay,56,A,19890710,19,P014,,Q,Brad Pearce,R,175,USA,23.305,211,0,A134,,,Malcolm Allen,R,178,USA,21.993,267,0,6-1 6-2,3,R64,,,,,,,,,,,,,,,,,,,
1989-417,Boston,Clay,56,A,19890710,20,K150,,Q,Mark Kaplan,R,185,RSA,21.555,785,0,G196,,WC,Chris Garner,R,180,USA,20.257,269,0,6-4 1-6 7-5,3,R64,,,,,,,,,,,,,,,,,,,
1989-417,Boston,Clay,56,A,19890710,21,B305,,,Karsten Braasch,L,180,GER,21.99,217,0,M035,9,,Luiz Mattar,R,183,BRA,25.895,43,0,6-2 7-6,3,R64,,,,,,,,,,,,,,,,,,,
1989-417,Boston,Clay,56,A,19890710,22,A031,15,,Jimmy Arias,R,175,USA,24.898,87,0,A035,,,Pablo Arraya,R,180,PER,27.718,274,0,6-4 6-1,3,R64,,,,,,,,,,,,,,,,,,,
1989-417,Boston,Clay,56,A,19890710,23,A007,,,Juan Aguilera,R,183,ESP,27.302,115,0,A030,,,Roberto Arguello,U,173,ARG,26.163,163,0,2-6 7-5 6-0,3,R64,,,,,,,,,,,,,,,,,,,
1989-417,Boston,Clay,56,A,19890710,24,R032,,,Michael Robertson,R,185,USA,26.023,224,0,I003,,,Marcelo Ingaramo,L,178,ARG,26.741,227,0,7-6 6-2,3,R64,,,,,,,,,,,,,,,,,,,
1989-417,Boston,Clay,56,A,19890710,25,A092,1,,Andre Agassi,R,180,USA,19.198,4,0,G055,,,Steve Guy,R,188,NZL,30.322,208,0,6-4 6-0,3,R32,,,,,,,,,,,,,,,,,,,
1989-417,Boston,Clay,56,A,19890710,26,M076,,,Barry Moir,R,180,RSA,26.108,202,0,B271,,Q,Martin Barba,R,180,USA,22.883,384,0,7-6 6-3,3,R32,,,,,,,,,,,,,,,,,,,
1989-417,Boston,Clay,56,A,19890710,27,D044,10,,Lawson Duncan,R,185,USA,24.704,84,0,N016,,,Miguel Nido,R,180,PUR,26.341,193,0,6-4 6-4,3,R32,,,,,,,,,,,,,,,,,,,
1989-417,Boston,Clay,56,A,19890710,28,Y017,7,,Jaime Yzaga,R,170,PER,21.714,35,0,R012,,,Pedro Rebolledo,R,170,CHI,28.561,206,0,6-1 6-3,3,R32,,,,,,,,,,,,,,,,,,,
1989-417,Boston,Clay,56,A,19890710,29,B281,4,,Jay Berger,R,180,USA,22.62,22,0,W038,,,Martin Wostenholme,R,183,CAN,26.746,159,0,6-4 6-1,3,R32,,,,,,,,,,,,,,,,,,,
1989-417,Boston,Clay,56,A,19890710,30,L043,13,,Fernando Luna,R,175,ESP,31.211,76,0,R016,,,Richey Reneberg,R,180,USA,23.762,110,0,6-2 6-4,3,R32,,,,,,,,,,,,,,,,,,,
1989-417,Boston,Clay,56,A,19890710,31,D049,,,Broderick Dyke,L,183,AUS,28.523,169,0,R028,,,Guillermo Rivas,R,183,ARG,25.415,196,0,7-5 6-3,3,R32,,,,,,,,,,,,,,,,,,,
1989-417,Boston,Clay,56,A,19890710,32,G023,6,,Andres Gomez,L,193,ECU,29.366,27,0,P021,,,Diego Perez,R,178,URU,27.414,118,0,6-3 6-4,3,R32,,,,,,,,,,,,,,,,,,,
1989-417,Boston,Clay,56,A,19890710,33,P190,5,,Guillermo Perez-Roldan,R,178,ARG,19.721,24,0,J009,,WC,Luke Jensen,U,190,USA,23.061,309,0,6-4 6-7 7-6,3,R32,,,,,,,,,,,,,,,,,,,
1989-417,Boston,Clay,56,A,19890710,34,J004,11,,Martin Jaite,R,178,ARG,24.75,53,0,B083,,,Doug Burke,R,180,JAM,25.96,222,0,6-3 6-2,3,R32,,,,,,,,,,,,,,,,,,,
1989-417,Boston,Clay,56,A,19890710,35,B035,14,,Eduardo Bengoechea,R,185,ARG,30.023,74,0,S358,,Q,John Sobel,R,173,USA,25.399,513,0,6-3 6-2,3,R32,,,,,,,,,,,,,,,,,,,
1989-417,Boston,Clay,56,A,19890710,36,J083,,LL,Philip Johnson,R,173,USA,24.827,240,0,M372,3,,Alberto Mancini,R,180,ARG,20.14,10,0,7-6 6-2,3,R32,,,,,,,,,,,,,,,,,,,
1989-417,Boston,Clay,56,A,19890710,37,A034,8,,Jordi Arrese,R,175,ESP,24.862,41,0,P014,,Q,Brad Pearce,R,175,USA,23.305,211,0,6-2 3-6 7-6,3,R32,,,,,,,,,,,,,,,,,,,
1989-417,Boston,Clay,56,A,19890710,38,B305,,,Karsten Braasch,L,180,GER,21.99,217,0,K150,,Q,Mark Kaplan,R,185,RSA,21.555,785,0,6-2 6-2,3,R32,,,,,,,,,,,,,,,,,,,
1989-417,Boston,Clay,56,A,19890710,39,A031,15,,Jimmy Arias,R,175,USA,24.898,87,0,A007,,,Juan Aguilera,R,183,ESP,27.302,115,0,3-6 7-6 6-0,3,R32,,,,,,,,,,,,,,,,,,,
1989-417,Boston,Clay,56,A,19890710,40,W023,2,,Mats Wilander,R,183,SWE,24.881588,6,0,R032,,,Michael Robertson,R,185,USA,26.023,224,0,6-3 6-2,3,R32,,,,,,,,,,,,,,,,,,,
1989-417,Boston,Clay,56,A,19890710,41,A092,1,,Andre Agassi,R,180,USA,19.198,4,0,M076,,,Barry Moir,R,180,RSA,26.108,202,0,6-1 6-2,3,R16,,,,,,,,,,,,,,,,,,,
1989-417,Boston,Clay,56,A,19890710,42,Y017,7,,Jaime Yzaga,R,170,PER,21.714,35,0,D044,10,,Lawson Duncan,R,185,USA,24.704,84,0,6-4 6-2,3,R16,,,,,,,,,,,,,,,,,,,
1989-417,Boston,Clay,56,A,19890710,43,B281,4,,Jay Berger,R,180,USA,22.62,22,0,L043,13,,Fernando Luna,R,175,ESP,31.211,76,0,6-3 6-2,3,R16,,,,,,,,,,,,,,,,,,,
1989-417,Boston,Clay,56,A,19890710,44,G023,6,,Andres Gomez,L,193,ECU,29.366,27,0,D049,,,Broderick Dyke,L,183,AUS,28.523,169,0,4-6 7-5 7-6,3,R16,,,,,,,,,,,,,,,,,,,
1989-417,Boston,Clay,56,A,19890710,45,J004,11,,Martin Jaite,R,178,ARG,24.75,53,0,P190,5,,Guillermo Perez-Roldan,R,178,ARG,19.721,24,0,6-3 6-3,3,R16,,,,,,,,,,,,,,,,,,,
1989-417,Boston,Clay,56,A,19890710,46,B035,14,,Eduardo Bengoechea,R,185,ARG,30.023,74,0,J083,,LL,Philip Johnson,R,173,USA,24.827,240,0,6-4 6-4,3,R16,,,,,,,,,,,,,,,,,,,
1989-417,Boston,Clay,56,A,19890710,47,A034,8,,Jordi Arrese,R,175,ESP,24.862,41,0,B305,,,Karsten Braasch,L,180,GER,21.99,217,0,6-3 7-6,3,R16,,,,,,,,,,,,,,,,,,,
1989-417,Boston,Clay,56,A,19890710,48,W023,2,,Mats Wilander,R,183,SWE,24.881588,6,0,A031,15,,Jimmy Arias,R,175,USA,24.898,87,0,3-6 7-5 6-4,3,R16,,,,,,,,,,,,,,,,,,,
1989-417,Boston,Clay,56,A,19890710,49,A092,1,,Andre Agassi,R,180,USA,19.198,4,0,Y017,7,,Jaime Yzaga,R,170,PER,21.714,35,0,6-4 6-2,3,QF,,,,,,,,,,,,,,,,,,,
1989-417,Boston,Clay,56,A,19890710,50,G023,6,,Andres Gomez,L,193,ECU,29.366,27,0,B281,4,,Jay Berger,R,180,USA,22.62,22,0,6-4 6-4,3,QF,,,,,,,,,,,,,,,,,,,
1989-417,Boston,Clay,56,A,19890710,51,J004,11,,Martin Jaite,R,178,ARG,24.75,53,0,B035,14,,Eduardo Bengoechea,R,185,ARG,30.023,74,0,6-3 4-6 7-6,3,QF,,,,,,,,,,,,,,,,,,,
1989-417,Boston,Clay,56,A,19890710,52,W023,2,,Mats Wilander,R,183,SWE,24.881588,6,0,A034,8,,Jordi Arrese,R,175,ESP,24.862,41,0,7-6 6-4,3,QF,,,,,,,,,,,,,,,,,,,
1989-417,Boston,Clay,56,A,19890710,53,G023,6,,Andres Gomez,L,193,ECU,29.366,27,0,A092,1,,Andre Agassi,R,180,USA,19.198,4,0,7-6 6-7 6-2,3,SF,,,,,,,,,,,,,,,,,,,
1989-417,Boston,Clay,56,A,19890710,54,W023,2,,Mats Wilander,R,183,SWE,24.881588,6,0,J004,11,,Martin Jaite,R,178,ARG,24.75,53,0,3-6 6-4 6-4,3,SF,,,,,,,,,,,,,,,,,,,
1989-417,Boston,Clay,56,A,19890710,55,G023,6,,Andres Gomez,L,193,ECU,29.366,27,0,W023,2,,Mats Wilander,R,183,SWE,24.881588,6,0,6-1 6-4,3,F,,,,,,,,,,,,,,,,,,,
1989-224,Schenectady,Hard,32,A,19890717,1,G022,1,,Dan Goldie,R,188,USA,25.788,30,0,D049,,,Broderick Dyke,L,183,AUS,28.542,155,0,6-3 6-3,3,R32,,,,,,,,,,,,,,,,,,,
1989-224,Schenectady,Hard,32,A,19890717,2,N016,,,Miguel Nido,R,180,PUR,26.36,173,0,J083,,,Philip Johnson,R,173,USA,24.846,156,0,3-6 7-6 7-6,3,R32,,,,,,,,,,,,,,,,,,,
1989-224,Schenectady,Hard,32,A,19890717,3,A022,,,Vijay Amritraj,R,193,IND,35.589,214,0,C248,,,Ned Caswell,R,190,USA,25.552,224,0,7-5 6-2,3,R32,,,,,,,,,,,,,,,,,,,
1989-224,Schenectady,Hard,32,A,19890717,4,T136,7,,Jeff Tarango,L,180,USA,20.654,96,0,C046,,Q,Grant Connell,L,185,CAN,23.663,142,0,6-3 6-4,3,R32,,,,,,,,,,,,,,,,,,,
1989-224,Schenectady,Hard,32,A,19890717,5,D004,4,,Scott Davis,R,188,USA,26.888,81,0,B069,,Q,John Boytim,R,175,USA,21.572,418,0,6-7 7-6 6-2,3,R32,,,,,,,,,,,,,,,,,,,
1989-224,Schenectady,Hard,32,A,19890717,6,B075,,,Neil Broad,R,190,GBR,22.656,125,0,A134,,,Malcolm Allen,R,178,USA,22.012,285,0,6-2 6-4,3,R32,,,,,,,,,,,,,,,,,,,
1989-224,Schenectady,Hard,32,A,19890717,7,R032,,,Michael Robertson,R,185,USA,26.042,221,0,G196,,WC,Chris Garner,R,180,USA,20.277,266,0,6-1 3-6 7-6,3,R32,,,,,,,,,,,,,,,,,,,
1989-224,Schenectady,Hard,32,A,19890717,8,W114,,,Scott Warner,R,196,USA,23.567,211,0,F040,5,,John Frawley,R,173,AUS,24.036,91,0,6-3 6-4,3,R32,,,,,,,,,,,,,,,,,,,
1989-224,Schenectady,Hard,32,A,19890717,9,L008,6,,Martin Laurendeau,R,190,CAN,25.018,99,0,H251,,WC,Tommy Ho,L,183,USA,16.082,578,0,6-1 6-4,3,R32,,,,,,,,,,,,,,,,,,,
1989-224,Schenectady,Hard,32,A,19890717,10,Y002,,,Simon Youl,R,185,AUS,24.044,205,0,F164,,,Richard Fromberg,R,196,AUS,19.22,146,0,6-2 4-6 7-5,3,R32,,,,,,,,,,,,,,,,,,,
1989-224,Schenectady,Hard,32,A,19890717,11,B083,,,Doug Burke,R,180,JAM,25.979,217,0,B084,,,Juan Carlos Baguena,R,183,ESP,22.524,245,0,6-2 6-4,3,R32,,,,,,,,,,,,,,,,,,,
1989-224,Schenectady,Hard,32,A,19890717,12,K024,3,,Ramesh Krishnan,R,170,IND,28.115,75,0,P014,,Q,Brad Pearce,R,175,USA,23.324,212,0,6-3 6-3,3,R32,,,,,,,,,,,,,,,,,,,
1989-224,Schenectady,Hard,32,A,19890717,13,M064,8,,Glenn Michibata,R,175,CAN,27.094,118,0,M076,,,Barry Moir,R,180,RSA,26.127,195,0,6-4 6-7 6-4,3,R32,,,,,,,,,,,,,,,,,,,
1989-224,Schenectady,Hard,32,A,19890717,14,O006,,,Nduka Odizor,R,183,NGR,30.938,194,0,K156,,,Kent Kinnear,R,196,USA,22.628,263,0,4-6 6-4 6-4,3,R32,,,,,,,,,,,,,,,,,,,
1989-224,Schenectady,Hard,32,A,19890717,15,P048,,,Chris Pridham,R,183,CAN,24.266,168,0,J005,,Q,Ville Jansson,R,183,SWE,24.268,350,0,6-4 6-4,3,R32,,,,,,,,,,,,,,,,,,,
1989-224,Schenectady,Hard,32,A,19890717,16,R006,,,Olli Rahnasto,R,183,FIN,23.551,124,0,M032,2,,Richard Matuszewski,R,188,USA,24.857,57,0,6-3 2-6 6-4,3,R32,,,,,,,,,,,,,,,,,,,
1989-224,Schenectady,Hard,32,A,19890717,17,G022,1,,Dan Goldie,R,188,USA,25.788,30,0,N016,,,Miguel Nido,R,180,PUR,26.36,173,0,6-2 6-4,3,R16,,,,,,,,,,,,,,,,,,,
1989-224,Schenectady,Hard,32,A,19890717,18,T136,7,,Jeff Tarango,L,180,USA,20.654,96,0,A022,,,Vijay Amritraj,R,193,IND,35.589,214,0,6-3 6-3,3,R16,,,,,,,,,,,,,,,,,,,
1989-224,Schenectady,Hard,32,A,19890717,19,D004,4,,Scott Davis,R,188,USA,26.888,81,0,B075,,,Neil Broad,R,190,GBR,22.656,125,0,7-5 6-1,3,R16,,,,,,,,,,,,,,,,,,,
1989-224,Schenectady,Hard,32,A,19890717,20,W114,,,Scott Warner,R,196,USA,23.567,211,0,R032,,,Michael Robertson,R,185,USA,26.042,221,0,6-7 7-6 7-5,3,R16,,,,,,,,,,,,,,,,,,,
1989-224,Schenectady,Hard,32,A,19890717,21,Y002,,,Simon Youl,R,185,AUS,24.044,205,0,L008,6,,Martin Laurendeau,R,190,CAN,25.018,99,0,6-4 6-0,3,R16,,,,,,,,,,,,,,,,,,,
1989-224,Schenectady,Hard,32,A,19890717,22,K024,3,,Ramesh Krishnan,R,170,IND,28.115,75,0,B083,,,Doug Burke,R,180,JAM,25.979,217,0,6-3 6-2,3,R16,,,,,,,,,,,,,,,,,,,
1989-224,Schenectady,Hard,32,A,19890717,23,M064,8,,Glenn Michibata,R,175,CAN,27.094,118,0,O006,,,Nduka Odizor,R,183,NGR,30.938,194,0,6-2 6-3,3,R16,,,,,,,,,,,,,,,,,,,
1989-224,Schenectady,Hard,32,A,19890717,24,P048,,,Chris Pridham,R,183,CAN,24.266,168,0,R006,,,Olli Rahnasto,R,183,FIN,23.551,124,0,3-6 6-1 6-2,3,R16,,,,,,,,,,,,,,,,,,,
1989-224,Schenectady,Hard,32,A,19890717,25,G022,1,,Dan Goldie,R,188,USA,25.788,30,0,T136,7,,Jeff Tarango,L,180,USA,20.654,96,0,1-6 7-6 6-2,3,QF,,,,,,,,,,,,,,,,,,,
1989-224,Schenectady,Hard,32,A,19890717,26,D004,4,,Scott Davis,R,188,USA,26.888,81,0,W114,,,Scott Warner,R,196,USA,23.567,211,0,7-5 6-1,3,QF,,,,,,,,,,,,,,,,,,,
1989-224,Schenectady,Hard,32,A,19890717,27,Y002,,,Simon Youl,R,185,AUS,24.044,205,0,K024,3,,Ramesh Krishnan,R,170,IND,28.115,75,0,6-3 3-6 7-5,3,QF,,,,,,,,,,,,,,,,,,,
1989-224,Schenectady,Hard,32,A,19890717,28,M064,8,,Glenn Michibata,R,175,CAN,27.094,118,0,P048,,,Chris Pridham,R,183,CAN,24.266,168,0,7-6 6-4,3,QF,,,,,,,,,,,,,,,,,,,
1989-224,Schenectady,Hard,32,A,19890717,29,D004,4,,Scott Davis,R,188,USA,26.888,81,0,G022,1,,Dan Goldie,R,188,USA,25.788,30,0,3-6 6-4 6-1,3,SF,,,,,,,,,,,,,,,,,,,
1989-224,Schenectady,Hard,32,A,19890717,30,Y002,,,Simon Youl,R,185,AUS,24.044,205,0,M064,8,,Glenn Michibata,R,175,CAN,27.094,118,0,3-6 7-6 7-6,3,SF,,,,,,,,,,,,,,,,,,,
1989-224,Schenectady,Hard,32,A,19890717,31,Y002,,,Simon Youl,R,185,AUS,24.044,205,0,D004,4,,Scott Davis,R,188,USA,26.888,81,0,2-6 6-4 6-4,3,F,,,,,,,,,,,,,,,,,,,
1989-D004,Davis Cup WG PO: GBR vs ARG,Grass,4,D,19890720,1,B021,,,Jeremy Bates,R,180,GBR,27.085558,,,J004,,,Martin Jaite,R,178,ARG,24.77755,,,6-2 6-7(2) 6-3 1-6 7-5,5,RR,,,,,,,,,,,,,,,,,,,
1989-D004,Davis Cup WG PO: GBR vs ARG,Grass,4,D,19890720,2,M372,,,Alberto Mancini,R,180,ARG,20.167009,,,B322,,,Chris Bailey,R,196,GBR,21.223819,,,7-5 6-7(4) 7-6(0) 5-7 6-4,5,RR,,,,,,,,,,,,,,,,,,,
1989-D004,Davis Cup WG PO: GBR vs ARG,Grass,4,D,19890720,3,J004,,,Martin Jaite,R,178,ARG,24.77755,,,B322,,,Chris Bailey,R,196,GBR,21.223819,,,7-6(4) 6-3 7-5,5,RR,,,,,,,,,,,,,,,,,,,
1989-D004,Davis Cup WG PO: GBR vs ARG,Grass,4,D,19890720,4,B021,,,Jeremy Bates,R,180,GBR,27.085558,,,M372,,,Alberto Mancini,R,180,ARG,20.167009,,,5-0 RET,5,RR,,,,,,,,,,,,,,,,,,,
1989-D006,Davis Cup WG PO: PER vs AUS,Clay,4,D,19890721,1,Y017,,,Jaime Yzaga,R,170,PER,21.744011,,,M030,,,Wally Masur,R,180,AUS,26.190281,,,6-4 2-6 6-4 6-2,5,RR,,,,,,,,,,,,,,,,,,,
1989-D006,Davis Cup WG PO: PER vs AUS,Clay,4,D,19890721,2,C001,,,Darren Cahill,R,185,AUS,23.800137,,,A035,,,Pablo Arraya,R,180,PER,27.748118,,,7-5 6-1 6-0,5,RR,,,,,,,,,,,,,,,,,,,
1989-D006,Davis Cup WG PO: PER vs AUS,Clay,4,D,19890721,3,Y017,,,Jaime Yzaga,R,170,PER,21.744011,,,S331,,,Jason Stoltenberg,R,185,AUS,19.296372,,,1-6 6-2 6-1 1-6 9-7,5,RR,,,,,,,,,,,,,,,,,,,
1989-D006,Davis Cup WG PO: PER vs AUS,Clay,4,D,19890721,4,M030,,,Wally Masur,R,180,AUS,26.190281,,,A035,,,Pablo Arraya,R,180,PER,27.748118,,,6-4 6-4 4-6 6-2,5,RR,,,,,,,,,,,,,,,,,,,
1989-D008,Davis Cup G2 F: BAH vs CHI,Hard,4,D,19890721,1,K171,,,Mark Knowles,R,190,BAH,17.878166,,,100898,,,Robinson Ureta,R,,CHI,,,,6-4 6-4 6-0,5,RR,,,,,,,,,,,,,,,,,,,
1989-D008,Davis Cup G2 F: BAH vs CHI,Hard,4,D,19890721,2,F014,,,Jose Antonio Fernandez,R,170,CHI,24.481862,,,107382,,,John Farrington,R,,BAH,,,,6-2 6-3 4-6 4-6 6-2,5,RR,,,,,,,,,,,,,,,,,,,
1989-D008,Davis Cup G2 F: BAH vs CHI,Hard,4,D,19890721,3,F014,,,Jose Antonio Fernandez,R,170,CHI,24.481862,,,K171,,,Mark Knowles,R,190,BAH,17.878166,,,6-0 7-6(4) 3-6 7-5,5,RR,,,,,,,,,,,,,,,,,,,
1989-D008,Davis Cup G2 F: BAH vs CHI,Hard,4,D,19890721,4,100898,,,Robinson Ureta,R,,CHI,,,,A147,,,John Antonas,R,0,BAH,37.856263,,,6-1 6-3,3,RR,,,,,,,,,,,,,,,,,,,
1989-D014,Davis Cup G2 F: GRE vs BEL,Clay,4,D,19890721,1,101287,,,Denis Langaskens,R,193,BEL,,,,K001,,,George Kalovelonis,R,190,GRE,29.91102,,,2-6 7-6(8) 6-0 7-6(3),5,RR,,,,,,,,,,,,,,,,,,,
1989-D014,Davis Cup G2 F: GRE vs BEL,Clay,4,D,19890721,2,W133,,,Bart Wuyts,R,178,BEL,19.84668,,,E007,,,Konstantinos Effraimoglou,U,188,GRE,26.628337,,,6-2 5-7 6-2 6-4,5,RR,,,,,,,,,,,,,,,,,,,
1989-D014,Davis Cup G2 F: GRE vs BEL,Clay,4,D,19890721,3,W133,,,Bart Wuyts,R,178,BEL,19.84668,,,K001,,,George Kalovelonis,R,190,GRE,29.91102,,,6-3 4-6 6-1,3,RR,,,,,,,,,,,,,,,,,,,
1989-D014,Davis Cup G2 F: GRE vs BEL,Clay,4,D,19890721,4,101287,,,Denis Langaskens,R,193,BEL,,,,E007,,,Konstantinos Effraimoglou,U,188,GRE,26.628337,,,6-3 6-2,3,RR,,,,,,,,,,,,,,,,,,,
1989-D031,Davis Cup WG PO: DEN vs ITA,Carpet,4,D,19890721,1,N109,,,Diego Nargiso,L,188,ITA,19.351129,,,T010,,,Michael Tauson,R,193,DEN,23.071869,,,4-6 6-4 6-1 6-3,5,RR,,,,,,,,,,,,,,,,,,,
1989-D031,Davis Cup WG PO: DEN vs ITA,Carpet,4,D,19890721,2,C009,,,Omar Camporese,R,188,ITA,21.201916,,,C034,,,Morten Christensen,R,190,DEN,24.098563,,,4-6 6-4 3-6 6-2 8-6,5,RR,,,,,,,,,,,,,,,,,,,
1989-D031,Davis Cup WG PO: DEN vs ITA,Carpet,4,D,19890721,3,C009,,,Omar Camporese,R,188,ITA,21.201916,,,107979,,,Peter Flintsoe,R,,DEN,,,,7-6(2) 6-1,3,RR,,,,,,,,,,,,,,,,,,,
1989-D031,Davis Cup WG PO: DEN vs ITA,Carpet,4,D,19890721,4,C034,,,Morten Christensen,R,190,DEN,24.098563,,,P037,,,Claudio Pistolesi,R,180,ITA,21.905544,,,6-4 7-5,3,RR,,,,,,,,,,,,,,,,,,,
1989-D044,Davis Cup WG SF: FRG vs USA,Carpet,4,D,19890721,1,G016,,,Brad Gilbert,R,185,USA,27.947981,,,S080,,,Carl-Uwe Steeb,L,180,GER,21.886379,,,6-2 2-6 2-6 6-4 6-4,5,RR,,,,,,,,,,,,,,,,,,,
1989-D044,Davis Cup WG SF: FRG vs USA,Carpet,4,D,19890721,2,B028,,,Boris Becker,R,190,GER,21.661,,,A092,,,Andre Agassi,R,180,USA,19.227926,,,6-7(4) 6-7(5) 7-6(4) 6-3 6-4,5,RR,,,,,,,,,,,,,,,,,,,
1989-D044,Davis Cup WG SF: FRG vs USA,Carpet,4,D,19890721,3,S080,,,Carl-Uwe Steeb,L,180,GER,21.886379,,,A092,,,Andre Agassi,R,180,USA,19.227926,,,4-6 6-4 6-4 6-2,5,RR,,,,,,,,,,,,,,,,,,,
1989-D044,Davis Cup WG SF: FRG vs USA,Carpet,4,D,19890721,4,G016,,,Brad Gilbert,R,185,USA,27.947981,,,K030,,,Patrik Kuhnen,R,190,GER,23.438741,,,6-4 1-6 6-4,3,RR,,,,,,,,,,,,,,,,,,,
1989-D045,Davis Cup G2 F: GHA vs MAR,Hard,4,D,19890721,1,101884,,,Frank Ofori,R,,GHA,,,,106442,,,Abdul Khalek Nadini,R,,MAR,,,,6-3 7-6(0) 4-6 6-4,5,RR,,,,,,,,,,,,,,,,,,,
1989-D045,Davis Cup G2 F: GHA vs MAR,Hard,4,D,19890721,2,O088,,,Khalid Outaleb,R,183,MAR,26.234086,,,108815,,,Kojo Atiso,U,,GHA,,,,6-4 6-4 6-4,5,RR,,,,,,,,,,,,,,,,,,,
1989-D045,Davis Cup G2 F: GHA vs MAR,Hard,4,D,19890721,3,101884,,,Frank Ofori,R,,GHA,,,,O088,,,Khalid Outaleb,R,183,MAR,26.234086,,,6-4 6-4 3-6 4-6 7-5,5,RR,,,,,,,,,,,,,,,,,,,
1989-D045,Davis Cup G2 F: GHA vs MAR,Hard,4,D,19890721,4,108815,,,Kojo Atiso,U,,GHA,,,,106442,,,Abdul Khalek Nadini,R,,MAR,,,,6-4 6-7(3) 9-7,3,RR,,,,,,,,,,,,,,,,,,,
1989-D051,Davis Cup WG PO: NED vs INA,Carpet,4,D,19890721,1,N018,,,Tom Nijssen,R,175,NED,24.80219,,,108823,,,Tintus Arianto Wibowo,U,,INA,,,,7-5 6-3 6-7(5) 6-3,5,RR,,,,,,,,,,,,,,,,,,,
1989-D051,Davis Cup WG PO: NED vs INA,Carpet,4,D,19890721,2,S021,,,Michiel Schapers,R,201,NED,29.776865,,,108332,,,Suharyadi Suharyadi,R,,INA,,,,7-5 6-3 6-2,5,RR,,,,,,,,,,,,,,,,,,,
1989-D051,Davis Cup WG PO: NED vs INA,Carpet,4,D,19890721,3,S021,,,Michiel Schapers,R,201,NED,29.776865,,,108823,,,Tintus Arianto Wibowo,U,,INA,,,,6-2 6-3,3,RR,,,,,,,,,,,,,,,,,,,
1989-D051,Davis Cup WG PO: NED vs INA,Carpet,4,D,19890721,4,N018,,,Tom Nijssen,R,175,NED,24.80219,,,108332,,,Suharyadi Suharyadi,R,,INA,,,,6-2 6-0,3,RR,,,,,,,,,,,,,,,,,,,
1989-D054,Davis Cup WG PO: KOR vs ISR,Hard,4,D,19890721,1,B051,,,Gilad Bloom,L,173,ISR,22.390144,,,S213,,,Dong-Wook Song,L,175,KOR,26.918549,,,6-4 6-2 6-4,5,RR,,,,,,,,,,,,,,,,,,,
1989-D054,Davis Cup WG PO: KOR vs ISR,Hard,4,D,19890721,2,M012,,,Amos Mansdorf,R,175,ISR,23.750856,,,K068,,,Bong-Soo Kim,R,180,KOR,26.639288,,,7-6(3) 6-3 6-0,5,RR,,,,,,,,,,,,,,,,,,,
1989-D054,Davis Cup WG PO: KOR vs ISR,Hard,4,D,19890721,3,M012,,,Amos Mansdorf,R,175,ISR,23.750856,,,S213,,,Dong-Wook Song,L,175,KOR,26.918549,,,7-5 6-3,3,RR,,,,,,,,,,,,,,,,,,,
1989-D054,Davis Cup WG PO: KOR vs ISR,Hard,4,D,19890721,4,K068,,,Bong-Soo Kim,R,180,KOR,26.639288,,,B051,,,Gilad Bloom,L,173,ISR,22.390144,,,7-6(3) 6-4,3,RR,,,,,,,,,,,,,,,,,,,
1989-D063,Davis Cup WG PO: MEX vs URS,Clay,4,D,19890721,1,L009,,,Leonardo Lavalle,L,188,MEX,22.020534,,,C031,,,Andrei Chesnokov,R,188,RUS,23.463381,,,7-6(5) 4-6 6-3 6-4,5,RR,,,,,,,,,,,,,,,,,,,
1989-D063,Davis Cup WG PO: MEX vs URS,Clay,4,D,19890721,2,L041,,,Jorge Lozano,R,180,MEX,26.179329,,,C260,,,Andrei Cherkasov,R,180,RUS,19.047228,,,7-6(5) 4-6 7-6(3) 6-4,5,RR,,,,,,,,,,,,,,,,,,,
1989-D063,Davis Cup WG PO: MEX vs URS,Clay,4,D,19890721,3,C260,,,Andrei Cherkasov,R,180,RUS,19.047228,,,M130,,,Agustin Moreno,R,180,MEX,22.308008,,,6-7(5) 6-4 6-4,3,RR,,,,,,,,,,,,,,,,,,,
1989-D063,Davis Cup WG PO: MEX vs URS,Clay,4,D,19890721,4,L041,,,Jorge Lozano,R,180,MEX,26.179329,,,C031,,,Andrei Chesnokov,R,188,RUS,23.463381,,,6-3 6-0,3,RR,,,,,,,,,,,,,,,,,,,
1989-D066,Davis Cup G2 F: PAK vs THA,Clay,4,D,19890721,1,107833,,,Mushaf Zia,R,,PAK,,,,108532,,,Worapol Thongkamcho,R,,THA,,,,6-3 6-2 7-6(4),5,RR,,,,,,,,,,,,,,,,,,,
1989-D066,Davis Cup G2 F: PAK vs THA,Clay,4,D,19890721,2,108844,,,Hamed Ul Haq,U,,PAK,,,,S478,,,Tanakorn Srichaphan,R,,THA,21.169062,,,6-3 6-7(3) 4-6 6-1 6-2,5,RR,,,,,,,,,,,,,,,,,,,
1989-D066,Davis Cup G2 F: PAK vs THA,Clay,4,D,19890721,3,107833,,,Mushaf Zia,R,,PAK,,,,S478,,,Tanakorn Srichaphan,R,,THA,21.169062,,,6-3 6-4 6-7(2) 6-7(2) 11-9,5,RR,,,,,,,,,,,,,,,,,,,
1989-D067,Davis Cup WG PO: SUI vs PAR,Clay,4,D,19890721,1,M063,,,Claudio Mezzadri,R,180,SUI,24.112252,,,108182,,,Ruben Alvarenga,R,,PAR,,,,6-2 6-2 6-1,5,RR,,,,,,,,,,,,,,,,,,,
1989-D067,Davis Cup WG PO: SUI vs PAR,Clay,4,D,19890721,2,H025,,,Jakob Hlasek,R,188,SUI,24.687201,,,C147,,,Hugo Chapacu,R,178,PAR,27.211499,,,7-6(8) 6-1 6-3,5,RR,,,,,,,,,,,,,,,,,,,
1989-D067,Davis Cup WG PO: SUI vs PAR,Clay,4,D,19890721,3,M063,,,Claudio Mezzadri,R,180,SUI,24.112252,,,C147,,,Hugo Chapacu,R,178,PAR,27.211499,,,7-6(3) 7-5,3,RR,,,,,,,,,,,,,,,,,,,
1989-D067,Davis Cup WG PO: SUI vs PAR,Clay,4,D,19890721,4,H025,,,Jakob Hlasek,R,188,SUI,24.687201,,,108182,,,Ruben Alvarenga,R,,PAR,,,,6-2 6-2,3,RR,,,,,,,,,,,,,,,,,,,
1989-D074,Davis Cup WG SF: SWE vs YUG,Clay,4,D,19890721,1,S101,,,Jonas Svensson,R,188,SWE,22.748802,,,I034,,,Goran Ivanisevic,L,193,CRO,17.853525,,,6-4 7-6(7) 3-6 6-4,5,RR,,,,,,,,,,,,,,,,,,,
1989-D074,Davis Cup WG SF: SWE vs YUG,Clay,4,D,19890721,2,W023,,,Mats Wilander,R,183,SWE,24.911704,,,P050,,,Goran Prpic,R,180,CRO,25.212868,,,7-6(7) 6-1 6-0,5,RR,,,,,,,,,,,,,,,,,,,
1989-D074,Davis Cup WG SF: SWE vs YUG,Clay,4,D,19890721,3,S101,,,Jonas Svensson,R,188,SWE,22.748802,,,P050,,,Goran Prpic,R,180,CRO,25.212868,,,6-7(3) 6-4 7-6(7) 3-6 6-3,5,RR,,,,,,,,,,,,,,,,,,,
1989-D074,Davis Cup WG SF: SWE vs YUG,Clay,4,D,19890721,4,W023,,,Mats Wilander,R,183,SWE,24.911704,,,I034,,,Goran Ivanisevic,L,193,CRO,17.853525,,,6-3 6-3,3,RR,,,,,,,,,,,,,,,,,,,
1989-317,Hilversum,Clay,32,A,19890724,1,H223,,,Paul Haarhuis,R,188,NED,23.425,150,0,C019,1,,Kent Carlsson,R,180,SWE,21.555,13,0,6-3 7-5,3,R32,,,,,,,,,,,,,,,,,,,
1989-317,Hilversum,Clay,32,A,19890724,2,A040,,Q,Roberto Azar,L,185,ARG,23.343,136,0,K133,,,Niclas Kroon,R,183,SWE,23.463,148,0,1-6 6-3 6-2,3,R32,,,,,,,,,,,,,,,,,,,
1989-317,Hilversum,Clay,32,A,19890724,3,C024,,,Sergio Casal,R,185,ESP,26.875,193,0,L091,,,Stefan Lochbihler,R,180,AUT,23.811,141,0,6-2 6-2,3,R32,,,,,,,,,,,,,,,,,,,
1989-317,Hilversum,Clay,32,A,19890724,4,N025,8,,Karel Novacek,R,190,CZE,24.318,89,0,C036,,,Josef Cihak,R,185,CZE,26.349,119,0,2-6 6-3 7-6,3,R32,,,,,,,,,,,,,,,,,,,
1989-317,Hilversum,Clay,32,A,19890724,5,S055,4,,Horst Skoff,R,175,AUT,20.92,29,0,R023,,,Udo Riglewski,R,185,GER,22.99,139,0,6-4 6-4,3,R32,,,,,,,,,,,,,,,,,,,
1989-317,Hilversum,Clay,32,A,19890724,6,N099,,,Tomas Nydahl,R,185,SWE,21.342,206,0,C252,,Q,Francisco Clavet,L,183,ESP,20.747,247,0,6-1 6-7 7-6,3,R32,,,,,,,,,,,,,,,,,,,
1989-317,Hilversum,Clay,32,A,19890724,7,P037,,,Claudio Pistolesi,R,180,ITA,21.914,127,0,D170,,WC,Hendrik Jan Davids,L,183,NED,20.479,249,0,6-1 6-4,3,R32,,,,,,,,,,,,,,,,,,,
1989-317,Hilversum,Clay,32,A,19890724,8,C216,,,Tomas Carbonell,R,178,ESP,20.961,95,0,K162,,LL,Ralph Kok,R,,NED,21.765914,256,0,6-1 6-2,3,R32,,,,,,,,,,,,,,,,,,,
1989-317,Hilversum,Clay,32,A,19890724,9,C012,5,,Paolo Cane,R,180,ITA,24.29,37,0,N107,,LL,Peter Nyborg,R,190,SWE,19.614,176,0,6-4 6-7 6-1,3,R32,,,,,,,,,,,,,,,,,,,
1989-317,Hilversum,Clay,32,A,19890724,10,G010,,Q,Christian Geyer,L,183,GER,25.281,414,0,B323,,,Jaroslav Bulant,R,175,CZE,25.257,156,0,7-6 6-2,3,R32,,,,,,,,,,,,,,,,,,,
1989-317,Hilversum,Clay,32,A,19890724,11,P021,,,Diego Perez,R,178,URU,27.452,113,0,L030,,,Carl Limberger,R,170,AUS,25.498,128,0,6-1 6-0,3,R32,,,,,,,,,,,,,,,,,,,
1989-317,Hilversum,Clay,32,A,19890724,12,C031,3,,Andrei Chesnokov,R,188,RUS,23.472,18,0,C028,,,Thierry Champion,R,183,FRA,22.897,164,0,6-3 6-1,3,R32,,,,,,,,,,,,,,,,,,,
1989-317,Hilversum,Clay,32,A,19890724,13,S015,7,,Javier Sanchez,R,178,ESP,21.476,56,0,D188,,WC,Paul Dogger,R,185,NED,18.056,335,0,6-3 7-6,3,R32,,,,,,,,,,,,,,,,,,,
1989-317,Hilversum,Clay,32,A,19890724,14,D006,,,Franco Davin,L,173,ARG,19.532,105,0,E106,,Q,Jacco Eltingh,R,188,NED,18.902,260,0,7-5 6-1,3,R32,,,,,,,,,,,,,,,,,,,
1989-317,Hilversum,Clay,32,A,19890724,15,G197,,,Gustavo Giussani,R,180,ARG,21.383,178,0,V098,,,Andres Vysand,R,180,GER,23.373,123,0,6-1 6-3,3,R32,,,,,,,,,,,,,,,,,,,
1989-317,Hilversum,Clay,32,A,19890724,16,S014,2,,Emilio Sanchez,R,180,ESP,24.153,16,0,N018,,,Tom Nijssen,R,175,NED,24.81,100,0,7-6 7-5,3,R32,,,,,,,,,,,,,,,,,,,
1989-317,Hilversum,Clay,32,A,19890724,17,H223,,,Paul Haarhuis,R,188,NED,23.425,150,0,A040,,Q,Roberto Azar,L,185,ARG,23.343,136,0,7-6 6-2,3,R16,,,,,,,,,,,,,,,,,,,
1989-317,Hilversum,Clay,32,A,19890724,18,N025,8,,Karel Novacek,R,190,CZE,24.318,89,0,C024,,,Sergio Casal,R,185,ESP,26.875,193,0,6-3 3-6 6-3,3,R16,,,,,,,,,,,,,,,,,,,
1989-317,Hilversum,Clay,32,A,19890724,19,S055,4,,Horst Skoff,R,175,AUT,20.92,29,0,N099,,,Tomas Nydahl,R,185,SWE,21.342,206,0,6-2 7-6,3,R16,,,,,,,,,,,,,,,,,,,
1989-317,Hilversum,Clay,32,A,19890724,20,C216,,,Tomas Carbonell,R,178,ESP,20.961,95,0,P037,,,Claudio Pistolesi,R,180,ITA,21.914,127,0,4-6 7-5 6-2,3,R16,,,,,,,,,,,,,,,,,,,
1989-317,Hilversum,Clay,32,A,19890724,21,C012,5,,Paolo Cane,R,180,ITA,24.29,37,0,G010,,Q,Christian Geyer,L,183,GER,25.281,414,0,6-4 6-2,3,R16,,,,,,,,,,,,,,,,,,,
1989-317,Hilversum,Clay,32,A,19890724,22,C031,3,,Andrei Chesnokov,R,188,RUS,23.472,18,0,P021,,,Diego Perez,R,178,URU,27.452,113,0,6-2 6-2,3,R16,,,,,,,,,,,,,,,,,,,
1989-317,Hilversum,Clay,32,A,19890724,23,D006,,,Franco Davin,L,173,ARG,19.532,105,0,S015,7,,Javier Sanchez,R,178,ESP,21.476,56,0,7-6 3-6 7-6,3,R16,,,,,,,,,,,,,,,,,,,
1989-317,Hilversum,Clay,32,A,19890724,24,S014,2,,Emilio Sanchez,R,180,ESP,24.153,16,0,G197,,,Gustavo Giussani,R,180,ARG,21.383,178,0,1-6 6-2 6-2,3,R16,,,,,,,,,,,,,,,,,,,
1989-317,Hilversum,Clay,32,A,19890724,25,N025,8,,Karel Novacek,R,190,CZE,24.318,89,0,H223,,,Paul Haarhuis,R,188,NED,23.425,150,0,6-2 6-3,3,QF,,,,,,,,,,,,,,,,,,,
1989-317,Hilversum,Clay,32,A,19890724,26,C216,,,Tomas Carbonell,R,178,ESP,20.961,95,0,S055,4,,Horst Skoff,R,175,AUT,20.92,29,0,7-5 6-3,3,QF,,,,,,,,,,,,,,,,,,,
1989-317,Hilversum,Clay,32,A,19890724,27,C012,5,,Paolo Cane,R,180,ITA,24.29,37,0,C031,3,,Andrei Chesnokov,R,188,RUS,23.472,18,0,7-5 1-6 6-4,3,QF,,,,,,,,,,,,,,,,,,,
1989-317,Hilversum,Clay,32,A,19890724,28,S014,2,,Emilio Sanchez,R,180,ESP,24.153,16,0,D006,,,Franco Davin,L,173,ARG,19.532,105,0,6-7 6-1 6-3,3,QF,,,,,,,,,,,,,,,,,,,
1989-317,Hilversum,Clay,32,A,19890724,29,N025,8,,Karel Novacek,R,190,CZE,24.318,89,0,C216,,,Tomas Carbonell,R,178,ESP,20.961,95,0,6-3 7-6,3,SF,,,,,,,,,,,,,,,,,,,
1989-317,Hilversum,Clay,32,A,19890724,30,S014,2,,Emilio Sanchez,R,180,ESP,24.153,16,0,C012,5,,Paolo Cane,R,180,ITA,24.29,37,0,6-2 6-2,3,SF,,,,,,,,,,,,,,,,,,,
1989-317,Hilversum,Clay,32,A,19890724,31,N025,8,,Karel Novacek,R,190,CZE,24.318,89,0,S014,2,,Emilio Sanchez,R,180,ESP,24.153,16,0,6-2 6-4,3,F,,,,,,,,,,,,,,,,,,,
1989-321,Stuttgart Outdoor,Clay,48,A,19890724,1,W144,,WC,Jens Woehrmann,R,180,GER,21.875,144,0,O018,,,Bruno Oresar,R,175,CRO,22.259,87,0,6-2 4-6 7-6,3,R64,,,,,,,,,,,,,,,,,,,
1989-321,Stuttgart Outdoor,Clay,48,A,19890724,2,C013,,,Francesco Cancellotti,R,183,ITA,26.404,106,0,O025,,Q,Marko Ostoja,R,175,CRO,28.758,173,0,6-4 6-3,3,R64,,,,,,,,,,,,,,,,,,,
1989-321,Stuttgart Outdoor,Clay,48,A,19890724,3,S424,,Q,Fabrice Santoro,R,178,FRA,16.621,437,0,Z039,,Q,Markus Zillner,L,178,GER,19.348,364,0,7-6 6-3,3,R64,,,,,,,,,,,,,,,,,,,
1989-321,Stuttgart Outdoor,Clay,48,A,19890724,4,C043,,,Simone Colombo,R,180,ITA,25.906,163,0,D015,,,Olivier Delaitre,R,170,FRA,22.146,124,0,1-6 7-6 6-1,3,R64,,,,,,,,,,,,,,,,,,,
1989-321,Stuttgart Outdoor,Clay,48,A,19890724,5,K202,,Q,Lars Koslowski,R,188,GER,18.174,533,0,D198,,Q,Slava Dosedel,R,183,CZE,18.943,283,0,6-0 5-7 6-2,3,R64,,,,,,,,,,,,,,,,,,,
1989-321,Stuttgart Outdoor,Clay,48,A,19890724,6,K148,,Q,Petr Korda,L,190,CZE,21.5,235,0,D044,,,Lawson Duncan,R,185,USA,24.742,85,0,6-0 0-6 6-3,3,R64,,,,,,,,,,,,,,,,,,,
1989-321,Stuttgart Outdoor,Clay,48,A,19890724,7,T032,,,Thierry Tulasne,R,178,FRA,26.034,107,0,S058,,WC,Tomas Smid,R,190,CZE,33.177,227,0,7-6 7-6,3,R64,,,,,,,,,,,,,,,,,,,
1989-321,Stuttgart Outdoor,Clay,48,A,19890724,8,C260,,,Andrei Cherkasov,R,180,RUS,19.055,62,0,D005,,,Marty Davis,R,183,USA,30.689,96,0,1-6 7-6 6-1,3,R64,,,,,,,,,,,,,,,,,,,
1989-321,Stuttgart Outdoor,Clay,48,A,19890724,9,P050,,,Goran Prpic,R,180,CRO,25.221,69,0,M092,,,Cassio Motta,R,180,BRA,29.418,93,0,6-3 6-2,3,R64,,,,,,,,,,,,,,,,,,,
1989-321,Stuttgart Outdoor,Clay,48,A,19890724,10,S351,,,Michael Stich,R,193,GER,20.764,78,0,L043,,,Fernando Luna,R,175,ESP,31.25,82,0,7-5 6-2,3,R64,,,,,,,,,,,,,,,,,,,
1989-321,Stuttgart Outdoor,Clay,48,A,19890724,11,A028,,,Alex Antonitsch,R,188,AUT,23.455,125,0,M338,,,Shuzo Matsuoka,R,185,JPN,21.714,74,0,7-6 3-6 6-1,3,R64,,,,,,,,,,,,,,,,,,,
1989-321,Stuttgart Outdoor,Clay,48,A,19890724,12,D008,,,Horacio De La Pena,L,180,ARG,22.979,67,0,D040,,,Brad Drewett,L,185,AUS,31.014,104,0,6-3 6-2,3,R64,,,,,,,,,,,,,,,,,,,
1989-321,Stuttgart Outdoor,Clay,48,A,19890724,13,S367,,WC,Martin Sinner,R,180,GER,21.459,205,0,W026,,,Eric Winogradsky,R,188,FRA,23.255,112,0,6-4 7-5,3,R64,,,,,,,,,,,,,,,,,,,
1989-321,Stuttgart Outdoor,Clay,48,A,19890724,14,V002,,,Marian Vajda,R,173,SVK,24.334,91,0,T021,,WC,Magnus Tideman,R,193,SWE,26.292,591,0,3-6 6-1 6-2,3,R64,,,,,,,,,,,,,,,,,,,
1989-321,Stuttgart Outdoor,Clay,48,A,19890724,15,W038,,,Martin Wostenholme,R,183,CAN,26.784,142,0,B035,,,Eduardo Bengoechea,R,185,ARG,30.062,71,0,6-3 7-6,3,R64,,,,,,,,,,,,,,,,,,,
1989-321,Stuttgart Outdoor,Clay,48,A,19890724,16,F165,,,Marcelo Filippini,R,178,URU,21.971,66,0,S328,,,Martin Strelba,R,190,CZE,22.341,72,0,7-6 7-6,3,R64,,,,,,,,,,,,,,,,,,,
1989-321,Stuttgart Outdoor,Clay,48,A,19890724,17,W144,,WC,Jens Woehrmann,R,180,GER,21.875,144,0,H025,1,,Jakob Hlasek,R,188,SUI,24.695,9,0,6-4 4-6 6-3,3,R32,,,,,,,,,,,,,,,,,,,
1989-321,Stuttgart Outdoor,Clay,48,A,19890724,18,G053,16,,Jan Gunnarsson,R,185,SWE,27.151,43,0,C013,,,Francesco Cancellotti,R,183,ITA,26.404,106,0,6-1 3-6 6-3,3,R32,,,,,,,,,,,,,,,,,,,
1989-321,Stuttgart Outdoor,Clay,48,A,19890724,19,S424,,Q,Fabrice Santoro,R,178,FRA,16.621,437,0,G023,10,,Andres Gomez,L,193,ECU,29.405,40,0,7-6 2-6 7-6,3,R32,,,,,,,,,,,,,,,,,,,
1989-321,Stuttgart Outdoor,Clay,48,A,19890724,20,P190,7,,Guillermo Perez-Roldan,R,178,ARG,19.759,26,0,C043,,,Simone Colombo,R,180,ITA,25.906,163,0,6-1 7-6,3,R32,,,,,,,,,,,,,,,,,,,
1989-321,Stuttgart Outdoor,Clay,48,A,19890724,21,K023,3,,Aaron Krickstein,R,183,USA,21.977,15,0,K202,,Q,Lars Koslowski,R,188,GER,18.174,533,0,6-2 6-3,3,R32,,,,,,,,,,,,,,,,,,,
1989-321,Stuttgart Outdoor,Clay,48,A,19890724,22,J004,14,,Martin Jaite,R,178,ARG,24.789,38,0,K148,,Q,Petr Korda,L,190,CZE,21.5,235,0,6-3 6-1,3,R32,,,,,,,,,,,,,,,,,,,
1989-321,Stuttgart Outdoor,Clay,48,A,19890724,23,A034,12,,Jordi Arrese,R,175,ESP,24.901,35,0,T032,,,Thierry Tulasne,R,178,FRA,26.034,107,0,6-0 6-4,3,R32,,,,,,,,,,,,,,,,,,,
1989-321,Stuttgart Outdoor,Clay,48,A,19890724,24,P024,6,,Mikael Pernfors,R,173,SWE,26.023,21,0,C260,,,Andrei Cherkasov,R,180,RUS,19.055,62,0,7-5 6-2,3,R32,,,,,,,,,,,,,,,,,,,
1989-321,Stuttgart Outdoor,Clay,48,A,19890724,25,P050,,,Goran Prpic,R,180,CRO,25.221,69,0,M052,5,,Miloslav Mecir Sr.,R,190,SVK,25.18,20,0,6-0 6-3,3,R32,,,,,,,,,,,,,,,,,,,
1989-321,Stuttgart Outdoor,Clay,48,A,19890724,26,A006,11,,Ronald Agenor,R,180,USA,24.693,32,0,S351,,,Michael Stich,R,193,GER,20.764,78,0,4-6 6-1 6-4,3,R32,,,,,,,,,,,,,,,,,,,
1989-321,Stuttgart Outdoor,Clay,48,A,19890724,27,A028,,,Alex Antonitsch,R,188,AUT,23.455,125,0,C001,13,,Darren Cahill,R,185,AUS,23.808,36,0,6-4 6-1,3,R32,,,,,,,,,,,,,,,,,,,
1989-321,Stuttgart Outdoor,Clay,48,A,19890724,28,C057,4,,Kevin Curren,R,185,USA,31.395,14,0,D008,,,Horacio De La Pena,L,180,ARG,22.979,67,0,6-3 6-4,3,R32,,,,,,,,,,,,,,,,,,,
1989-321,Stuttgart Outdoor,Clay,48,A,19890724,29,B350,8,,Sergi Bruguera,R,188,ESP,18.519,28,0,S367,,WC,Martin Sinner,R,180,GER,21.459,205,0,6-3 6-4,3,R32,,,,,,,,,,,,,,,,,,,
1989-321,Stuttgart Outdoor,Clay,48,A,19890724,30,V002,,,Marian Vajda,R,173,SVK,24.334,91,0,F028,9,,John Fitzgerald,R,183,AUS,28.569,30,0,6-0 6-4,3,R32,,,,,,,,,,,,,,,,,,,
1989-321,Stuttgart Outdoor,Clay,48,A,19890724,31,W038,,,Martin Wostenholme,R,183,CAN,26.784,142,0,V037,15,,Alexander Volkov,L,188,RUS,22.393,39,0,6-4 7-5,3,R32,,,,,,,,,,,,,,,,,,,
1989-321,Stuttgart Outdoor,Clay,48,A,19890724,32,M372,2,,Alberto Mancini,R,180,ARG,20.178,10,0,F165,,,Marcelo Filippini,R,178,URU,21.971,66,0,6-3 7-6,3,R32,,,,,,,,,,,,,,,,,,,
1989-321,Stuttgart Outdoor,Clay,48,A,19890724,33,W144,,WC,Jens Woehrmann,R,180,GER,21.875,144,0,G053,16,,Jan Gunnarsson,R,185,SWE,27.151,43,0,6-4 6-4,3,R16,,,,,,,,,,,,,,,,,,,
1989-321,Stuttgart Outdoor,Clay,48,A,19890724,34,P190,7,,Guillermo Perez-Roldan,R,178,ARG,19.759,26,0,S424,,Q,Fabrice Santoro,R,178,FRA,16.621,437,0,6-1 3-6 6-3,3,R16,,,,,,,,,,,,,,,,,,,
1989-321,Stuttgart Outdoor,Clay,48,A,19890724,35,J004,14,,Martin Jaite,R,178,ARG,24.789,38,0,K023,3,,Aaron Krickstein,R,183,USA,21.977,15,0,6-1 4-6 6-2,3,R16,,,,,,,,,,,,,,,,,,,
1989-321,Stuttgart Outdoor,Clay,48,A,19890724,36,A034,12,,Jordi Arrese,R,175,ESP,24.901,35,0,P024,6,,Mikael Pernfors,R,173,SWE,26.023,21,0,6-4 6-3,3,R16,,,,,,,,,,,,,,,,,,,
1989-321,Stuttgart Outdoor,Clay,48,A,19890724,37,P050,,,Goran Prpic,R,180,CRO,25.221,69,0,A006,11,,Ronald Agenor,R,180,USA,24.693,32,0,1-6 6-4 6-1,3,R16,,,,,,,,,,,,,,,,,,,
1989-321,Stuttgart Outdoor,Clay,48,A,19890724,38,A028,,,Alex Antonitsch,R,188,AUT,23.455,125,0,C057,4,,Kevin Curren,R,185,USA,31.395,14,0,5-7 6-4 6-0,3,R16,,,,,,,,,,,,,,,,,,,
1989-321,Stuttgart Outdoor,Clay,48,A,19890724,39,B350,8,,Sergi Bruguera,R,188,ESP,18.519,28,0,V002,,,Marian Vajda,R,173,SVK,24.334,91,0,6-2 4-6 6-1,3,R16,,,,,,,,,,,,,,,,,,,
1989-321,Stuttgart Outdoor,Clay,48,A,19890724,40,W038,,,Martin Wostenholme,R,183,CAN,26.784,142,0,M372,2,,Alberto Mancini,R,180,ARG,20.178,10,0,6-2 6-2,3,R16,,,,,,,,,,,,,,,,,,,
1989-321,Stuttgart Outdoor,Clay,48,A,19890724,41,W144,,WC,Jens Woehrmann,R,180,GER,21.875,144,0,P190,7,,Guillermo Perez-Roldan,R,178,ARG,19.759,26,0,6-3 6-3,3,QF,,,,,,,,,,,,,,,,,,,
1989-321,Stuttgart Outdoor,Clay,48,A,19890724,42,J004,14,,Martin Jaite,R,178,ARG,24.789,38,0,A034,12,,Jordi Arrese,R,175,ESP,24.901,35,0,3-6 7-5 6-4,3,QF,,,,,,,,,,,,,,,,,,,
1989-321,Stuttgart Outdoor,Clay,48,A,19890724,43,P050,,,Goran Prpic,R,180,CRO,25.221,69,0,A028,,,Alex Antonitsch,R,188,AUT,23.455,125,0,7-6 6-7 6-3,3,QF,,,,,,,,,,,,,,,,,,,
1989-321,Stuttgart Outdoor,Clay,48,A,19890724,44,B350,8,,Sergi Bruguera,R,188,ESP,18.519,28,0,W038,,,Martin Wostenholme,R,183,CAN,26.784,142,0,6-1 6-4,3,QF,,,,,,,,,,,,,,,,,,,
1989-321,Stuttgart Outdoor,Clay,48,A,19890724,45,J004,14,,Martin Jaite,R,178,ARG,24.789,38,0,W144,,WC,Jens Woehrmann,R,180,GER,21.875,144,0,5-7 6-4 6-3,3,SF,,,,,,,,,,,,,,,,,,,
1989-321,Stuttgart Outdoor,Clay,48,A,19890724,46,P050,,,Goran Prpic,R,180,CRO,25.221,69,0,B350,8,,Sergi Bruguera,R,188,ESP,18.519,28,0,3-6 7-5 6-1,3,SF,,,,,,,,,,,,,,,,,,,
1989-321,Stuttgart Outdoor,Clay,48,A,19890724,47,J004,14,,Martin Jaite,R,178,ARG,24.789,38,0,P050,,,Goran Prpic,R,180,CRO,25.221,69,0,6-3 6-2,3,F,,,,,,,,,,,,,,,,,,,
1989-418,Washington,Hard,56,A,19890724,1,R042,,,John Ross,R,185,USA,25.399,305,0,W114,,Q,Scott Warner,R,196,USA,23.587,186,0,6-4 7-6,3,R64,,,,,,,,,,,,,,,,,,,
1989-418,Washington,Hard,56,A,19890724,2,M076,,,Barry Moir,R,180,RSA,26.146,257,0,D049,,,Broderick Dyke,L,183,AUS,28.561,165,0,6-4 6-3,3,R64,,,,,,,,,,,,,,,,,,,
1989-418,Washington,Hard,56,A,19890724,3,C018,,,Johan Carlsson,R,183,SWE,23.483,129,0,F040,15,,John Frawley,R,173,AUS,24.055,92,0,6-3 6-2,3,R64,,,,,,,,,,,,,,,,,,,
1989-418,Washington,Hard,56,A,19890724,4,P045,,,Gianluca Pozzi,L,180,ITA,24.101,154,0,M032,9,,Richard Matuszewski,R,188,USA,24.876,58,0,6-3 6-4,3,R64,,,,,,,,,,,,,,,,,,,
1989-418,Washington,Hard,56,A,19890724,5,Y002,,,Simon Youl,R,185,AUS,24.063,133,0,N016,,,Miguel Nido,R,180,PUR,26.379,162,0,6-2 6-2,3,R64,,,,,,,,,,,,,,,,,,,
1989-418,Washington,Hard,56,A,19890724,6,J083,,,Philip Johnson,R,173,USA,24.865,167,0,G205,,Q,Dan Goldberg,L,185,USA,21.881,715,0,6-4 6-2,3,R64,,,,,,,,,,,,,,,,,,,
1989-418,Washington,Hard,56,A,19890724,7,O006,,,Nduka Odizor,R,183,NGR,30.957,196,0,P012,,,David Pate,R,183,USA,27.272,130,0,7-6 1-6 6-4,3,R64,,,,,,,,,,,,,,,,,,,
1989-418,Washington,Hard,56,A,19890724,8,G039,,,Jim Grabb,R,193,USA,25.276,135,0,B305,,,Karsten Braasch,L,180,GER,22.029,169,0,7-5 6-3,3,R64,,,,,,,,,,,,,,,,,,,
1989-418,Washington,Hard,56,A,19890724,9,A031,14,,Jimmy Arias,R,175,USA,24.936,86,0,B401,,Q,Steve Bryan,R,178,USA,18.954,519,0,6-2 6-0,3,R64,,,,,,,,,,,,,,,,,,,
1989-418,Washington,Hard,56,A,19890724,10,W029,11,,Todd Witsken,R,183,USA,25.719,64,0,D098,,,Yahiya Doumbia,R,185,SEN,25.914,111,0,6-0 6-2,3,R64,,,,,,,,,,,,,,,,,,,
1989-418,Washington,Hard,56,A,19890724,11,B075,,,Neil Broad,R,190,GBR,22.675,145,0,G174,,,Bret Garnett,R,185,USA,22.062,226,0,6-4 7-6,3,R64,,,,,,,,,,,,,,,,,,,
1989-418,Washington,Hard,56,A,19890724,12,B083,,,Doug Burke,R,180,JAM,25.999,230,0,M048,,WC,Patrick McEnroe,R,183,USA,23.064,670,0,6-1 6-7 6-3,3,R64,,,,,,,,,,,,,,,,,,,
1989-418,Washington,Hard,56,A,19890724,13,F041,,,Javier Frana,L,185,ARG,22.579,116,0,B074,,,Jimmy Brown,R,180,USA,24.238,117,0,5-7 6-3 6-4,3,R64,,,,,,,,,,,,,,,,,,,
1989-418,Washington,Hard,56,A,19890724,14,W123,,,David Wheaton,R,193,USA,20.142,126,0,C022,,,Dan Cassidy,R,178,USA,28.235,99,0,6-7 6-4 6-0,3,R64,,,,,,,,,,,,,,,,,,,
1989-418,Washington,Hard,56,A,19890724,15,K024,12,,Ramesh Krishnan,R,170,IND,28.134,80,0,J018,,,Kelly Jones,R,185,USA,25.314,185,0,6-4 3-6 6-0,3,R64,,,,,,,,,,,,,,,,,,,
1989-418,Washington,Hard,56,A,19890724,16,R016,,,Richey Reneberg,R,180,USA,23.8,115,0,S072,13,,Milan Srejber,R,203,CZE,25.566,83,0,7-6 6-0,3,R64,,,,,,,,,,,,,,,,,,,
1989-418,Washington,Hard,56,A,19890724,17,F164,,,Richard Fromberg,R,196,AUS,19.239,157,0,N100,,,Piet Norval,R,185,RSA,19.296,184,0,6-6 RET,3,R64,,,,,,,,,,,,,,,,,,,
1989-418,Washington,Hard,56,A,19890724,18,K021,,,Mark Kratzmann,L,178,AUS,23.187,103,0,C248,,,Ned Caswell,R,190,USA,25.572,253,0,6-7 6-0 6-0,3,R64,,,,,,,,,,,,,,,,,,,
1989-418,Washington,Hard,56,A,19890724,19,G196,,Q,Chris Garner,R,180,USA,20.296,277,0,K156,,,Kent Kinnear,R,196,USA,22.648,272,0,4-6 6-2 6-2,3,R64,,,,,,,,,,,,,,,,,,,
1989-418,Washington,Hard,56,A,19890724,20,B271,,Q,Martin Barba,R,180,USA,22.921,343,0,B069,,Q,John Boytim,R,175,USA,21.591,434,0,6-1 1-0 RET,3,R64,,,,,,,,,,,,,,,,,,,
1989-418,Washington,Hard,56,A,19890724,21,C029,10,,Paul Chamberlin,R,178,USA,27.329,55,0,R006,,,Olli Rahnasto,R,183,FIN,23.57,122,0,6-4 6-1,3,R64,,,,,,,,,,,,,,,,,,,
1989-418,Washington,Hard,56,A,19890724,22,T136,16,,Jeff Tarango,L,180,USA,20.674,88,0,R032,,,Michael Robertson,R,185,USA,26.062,211,0,6-2 6-3,3,R64,,,,,,,,,,,,,,,,,,,
1989-418,Washington,Hard,56,A,19890724,23,M096,,,Gary Muller,L,190,RSA,24.572,98,0,P176,,,Philippe Pech,L,180,FRA,22.957,207,0,6-4 6-3,3,R64,,,,,,,,,,,,,,,,,,,
1989-418,Washington,Hard,56,A,19890724,24,W124,,WC,MaliVai Washington,R,180,USA,20.093,347,0,S423,,Q,James Schor,R,185,USA,23.775,431,0,6-3 6-3,3,R64,,,,,,,,,,,,,,,,,,,
1989-418,Washington,Hard,56,A,19890724,25,M041,1,,Tim Mayotte,R,190,USA,28.972,11,0,R042,,,John Ross,R,185,USA,25.399,305,0,7-6 6-2,3,R32,,,,,,,,,,,,,,,,,,,
1989-418,Washington,Hard,56,A,19890724,26,M076,,,Barry Moir,R,180,RSA,26.146,257,0,C018,,,Johan Carlsson,R,183,SWE,23.483,129,0,7-5 4-6 6-3,3,R32,,,,,,,,,,,,,,,,,,,
1989-418,Washington,Hard,56,A,19890724,27,Y002,,,Simon Youl,R,185,AUS,24.063,133,0,P045,,,Gianluca Pozzi,L,180,ITA,24.101,154,0,6-7 6-1 6-1,3,R32,,,,,,,,,,,,,,,,,,,
1989-418,Washington,Hard,56,A,19890724,28,R043,7,,Derrick Rostagno,R,185,USA,23.745,60,0,J083,,,Philip Johnson,R,173,USA,24.865,167,0,7-6 7-5,3,R32,,,,,,,,,,,,,,,,,,,
1989-418,Washington,Hard,56,A,19890724,29,B281,3,,Jay Berger,R,180,USA,22.658,22,0,O006,,,Nduka Odizor,R,183,NGR,30.957,196,0,6-2 6-2,3,R32,,,,,,,,,,,,,,,,,,,
1989-418,Washington,Hard,56,A,19890724,30,G039,,,Jim Grabb,R,193,USA,25.276,135,0,A031,14,,Jimmy Arias,R,175,USA,24.936,86,0,7-6 7-6,3,R32,,,,,,,,,,,,,,,,,,,
1989-418,Washington,Hard,56,A,19890724,31,W029,11,,Todd Witsken,R,183,USA,25.719,64,0,B075,,,Neil Broad,R,190,GBR,22.675,145,0,6-4 6-4,3,R32,,,,,,,,,,,,,,,,,,,
1989-418,Washington,Hard,56,A,19890724,32,A027,6,,Paul Annacone,R,185,USA,26.346,46,0,B083,,,Doug Burke,R,180,JAM,25.999,230,0,7-5 6-3,3,R32,,,,,,,,,,,,,,,,,,,
1989-418,Washington,Hard,56,A,19890724,33,F041,,,Javier Frana,L,185,ARG,22.579,116,0,G022,5,,Dan Goldie,R,188,USA,25.807,27,0,6-3 6-4,3,R32,,,,,,,,,,,,,,,,,,,
1989-418,Washington,Hard,56,A,19890724,34,K024,12,,Ramesh Krishnan,R,170,IND,28.134,80,0,W123,,,David Wheaton,R,193,USA,20.142,126,0,4-6 6-2 6-1,3,R32,,,,,,,,,,,,,,,,,,,
1989-418,Washington,Hard,56,A,19890724,35,R016,,,Richey Reneberg,R,180,USA,23.8,115,0,F164,,,Richard Fromberg,R,196,AUS,19.239,157,0,6-1 6-3,3,R32,,,,,,,,,,,,,,,,,,,
1989-418,Washington,Hard,56,A,19890724,36,N022,4,,Yannick Noah,R,193,FRA,29.183,24,0,K021,,,Mark Kratzmann,L,178,AUS,23.187,103,0,6-7 7-6 7-5,3,R32,,,,,,,,,,,,,,,,,,,
1989-418,Washington,Hard,56,A,19890724,37,G196,,Q,Chris Garner,R,180,USA,20.296,277,0,S034,8,,Robert Seguso,R,190,USA,26.231,54,0,6-4 6-3,3,R32,,,,,,,,,,,,,,,,,,,
1989-418,Washington,Hard,56,A,19890724,38,C029,10,,Paul Chamberlin,R,178,USA,27.329,55,0,B271,,Q,Martin Barba,R,180,USA,22.921,343,0,6-2 7-6,3,R32,,,,,,,,,,,,,,,,,,,
1989-418,Washington,Hard,56,A,19890724,39,M096,,,Gary Muller,L,190,RSA,24.572,98,0,T136,16,,Jeff Tarango,L,180,USA,20.674,88,0,7-5 6-1,3,R32,,,,,,,,,,,,,,,,,,,
1989-418,Washington,Hard,56,A,19890724,40,G016,2,,Brad Gilbert,R,185,USA,27.956,12,0,W124,,WC,MaliVai Washington,R,180,USA,20.093,347,0,1-6 6-3 7-6,3,R32,,,,,,,,,,,,,,,,,,,
1989-418,Washington,Hard,56,A,19890724,41,M041,1,,Tim Mayotte,R,190,USA,28.972,11,0,M076,,,Barry Moir,R,180,RSA,26.146,257,0,7-6 6-3,3,R16,,,,,,,,,,,,,,,,,,,
1989-418,Washington,Hard,56,A,19890724,42,Y002,,,Simon Youl,R,185,AUS,24.063,133,0,R043,7,,Derrick Rostagno,R,185,USA,23.745,60,0,7-6 7-6,3,R16,,,,,,,,,,,,,,,,,,,
1989-418,Washington,Hard,56,A,19890724,43,G039,,,Jim Grabb,R,193,USA,25.276,135,0,B281,3,,Jay Berger,R,180,USA,22.658,22,0,7-6 6-3,3,R16,,,,,,,,,,,,,,,,,,,
1989-418,Washington,Hard,56,A,19890724,44,W029,11,,Todd Witsken,R,183,USA,25.719,64,0,A027,6,,Paul Annacone,R,185,USA,26.346,46,0,1-6 6-2 6-3,3,R16,,,,,,,,,,,,,,,,,,,
1989-418,Washington,Hard,56,A,19890724,45,K024,12,,Ramesh Krishnan,R,170,IND,28.134,80,0,F041,,,Javier Frana,L,185,ARG,22.579,116,0,7-5 6-1,3,R16,,,,,,,,,,,,,,,,,,,
1989-418,Washington,Hard,56,A,19890724,46,R016,,,Richey Reneberg,R,180,USA,23.8,115,0,N022,4,,Yannick Noah,R,193,FRA,29.183,24,0,6-3 7-5,3,R16,,,,,,,,,,,,,,,,,,,
1989-418,Washington,Hard,56,A,19890724,47,C029,10,,Paul Chamberlin,R,178,USA,27.329,55,0,G196,,Q,Chris Garner,R,180,USA,20.296,277,0,6-3 6-2,3,R16,,,,,,,,,,,,,,,,,,,
1989-418,Washington,Hard,56,A,19890724,48,G016,2,,Brad Gilbert,R,185,USA,27.956,12,0,M096,,,Gary Muller,L,190,RSA,24.572,98,0,6-2 7-6,3,R16,,,,,,,,,,,,,,,,,,,
1989-418,Washington,Hard,56,A,19890724,49,M041,1,,Tim Mayotte,R,190,USA,28.972,11,0,Y002,,,Simon Youl,R,185,AUS,24.063,133,0,6-3 6-3,3,QF,,,,,,,,,,,,,,,,,,,
1989-418,Washington,Hard,56,A,19890724,50,W029,11,,Todd Witsken,R,183,USA,25.719,64,0,G039,,,Jim Grabb,R,193,USA,25.276,135,0,4-6 7-6 6-3,3,QF,,,,,,,,,,,,,,,,,,,
1989-418,Washington,Hard,56,A,19890724,51,R016,,,Richey Reneberg,R,180,USA,23.8,115,0,K024,12,,Ramesh Krishnan,R,170,IND,28.134,80,0,6-1 6-1,3,QF,,,,,,,,,,,,,,,,,,,
1989-418,Washington,Hard,56,A,19890724,52,G016,2,,Brad Gilbert,R,185,USA,27.956,12,0,C029,10,,Paul Chamberlin,R,178,USA,27.329,55,0,6-7 6-4 6-4,3,QF,,,,,,,,,,,,,,,,,,,
1989-418,Washington,Hard,56,A,19890724,53,M041,1,,Tim Mayotte,R,190,USA,28.972,11,0,W029,11,,Todd Witsken,R,183,USA,25.719,64,0,6-3 6-2,3,SF,,,,,,,,,,,,,,,,,,,
1989-418,Washington,Hard,56,A,19890724,54,G016,2,,Brad Gilbert,R,185,USA,27.956,12,0,R016,,,Richey Reneberg,R,180,USA,23.8,115,0,6-4 3-6 6-3,3,SF,,,,,,,,,,,,,,,,,,,
1989-418,Washington,Hard,56,A,19890724,55,M041,1,,Tim Mayotte,R,190,USA,28.972,11,0,G016,2,,Brad Gilbert,R,185,USA,27.956,12,0,3-6 6-4 7-5,3,F,,,,,,,,,,,,,,,,,,,
1989-316,Bastad,Clay,32,A,19890731,1,A163,,Q,Johan Anderson,R,183,AUS,17.837,299,0,M052,1,,Miloslav Mecir Sr.,R,190,SVK,25.199,19,0,6-4 4-6 6-1,3,R32,,,,,,,,,,,,,,,,,,,
1989-316,Bastad,Clay,32,A,19890731,2,N099,,,Tomas Nydahl,R,185,SWE,21.361,204,0,L206,,WC,Magnus Larsson,R,193,SWE,19.351,296,0,6-1 1-6 6-4,3,R32,,,,,,,,,,,,,,,,,,,
1989-316,Bastad,Clay,32,A,19890731,3,C036,,,Josef Cihak,R,185,CZE,26.368,125,0,W038,,,Martin Wostenholme,R,183,CAN,26.804,100,0,6-1 6-1,3,R32,,,,,,,,,,,,,,,,,,,
1989-316,Bastad,Clay,32,A,19890731,4,G182,7,,Magnus Gustafsson,R,185,SWE,22.574,55,0,H218,,,Thomas Haldin,R,185,SWE,24.055,139,0,6-4 6-1,3,R32,,,,,,,,,,,,,,,,,,,
1989-316,Bastad,Clay,32,A,19890731,5,S101,3,,Jonas Svensson,R,188,SWE,22.776,32,0,H155,,Q,Per Henricsson,R,190,SWE,19.975,292,0,6-3 6-2,3,R32,,,,,,,,,,,,,,,,,,,
1989-316,Bastad,Clay,32,A,19890731,6,O018,,,Bruno Oresar,R,175,CRO,22.278,95,0,B022,,Q,Ronnie Bathman,R,183,SWE,30.27,318,0,6-2 3-6 7-6,3,R32,,,,,,,,,,,,,,,,,,,
1989-316,Bastad,Clay,32,A,19890731,7,U020,,WC,Nicklas Utgren,R,188,SWE,20.548,214,0,M338,,,Shuzo Matsuoka,R,185,JPN,21.733,78,0,6-1 6-0,3,R32,,,,,,,,,,,,,,,,,,,
1989-316,Bastad,Clay,32,A,19890731,8,N025,,,Karel Novacek,R,190,CZE,24.337,62,0,G023,6,,Andres Gomez,L,193,ECU,29.424,38,0,6-3 6-4,3,R32,,,,,,,,,,,,,,,,,,,
1989-316,Bastad,Clay,32,A,19890731,9,C012,5,,Paolo Cane,R,180,ITA,24.309,34,0,K133,,,Niclas Kroon,R,183,SWE,23.483,165,0,7-6 7-6,3,R32,,,,,,,,,,,,,,,,,,,
1989-316,Bastad,Clay,32,A,19890731,10,A018,,,Christer Allgardh,R,190,SWE,22.442,257,0,J084,,,Lars Jonsson,R,188,SWE,19.094,148,0,6-4 7-5,3,R32,,,,,,,,,,,,,,,,,,,
1989-316,Bastad,Clay,32,A,19890731,11,B040,,,Christian Bergstrom,R,180,SWE,22.034,96,0,N107,,,Peter Nyborg,R,190,SWE,19.633,175,0,6-1 7-5,3,R32,,,,,,,,,,,,,,,,,,,
1989-316,Bastad,Clay,32,A,19890731,12,T010,,,Michael Tauson,R,193,DEN,23.099,153,0,A034,4,,Jordi Arrese,R,175,ESP,24.92,30,0,6-3 6-7 6-3,3,R32,,,,,,,,,,,,,,,,,,,
1989-316,Bastad,Clay,32,A,19890731,13,F165,8,,Marcelo Filippini,R,178,URU,21.99,63,0,S347,,,Tobias Svantesson,R,193,SWE,26.333,212,0,6-3 6-4,3,R32,,,,,,,,,,,,,,,,,,,
1989-316,Bastad,Clay,32,A,19890731,14,K181,,,Nicklas Kulti,R,190,SWE,18.275,202,0,R028,,,Guillermo Rivas,R,183,ARG,25.473,189,0,6-3 6-7 6-2,3,R32,,,,,,,,,,,,,,,,,,,
1989-316,Bastad,Clay,32,A,19890731,15,E061,,Q,David Engel,R,180,SWE,21.788,239,0,Z040,,LL,Magnus Zeile,R,,SWE,20.972,308,0,6-3 7-5,3,R32,,,,,,,,,,,,,,,,,,,
1989-316,Bastad,Clay,32,A,19890731,16,N030,,WC,Joakim Nystrom,R,188,SWE,26.442,679,0,P024,2,,Mikael Pernfors,R,173,SWE,26.042,23,0,6-2 6-4,3,R32,,,,,,,,,,,,,,,,,,,
1989-316,Bastad,Clay,32,A,19890731,17,A163,,Q,Johan Anderson,R,183,AUS,17.837,299,0,N099,,,Tomas Nydahl,R,185,SWE,21.361,204,0,6-4 6-1,3,R16,,,,,,,,,,,,,,,,,,,
1989-316,Bastad,Clay,32,A,19890731,18,G182,7,,Magnus Gustafsson,R,185,SWE,22.574,55,0,C036,,,Josef Cihak,R,185,CZE,26.368,125,0,6-2 6-4,3,R16,,,,,,,,,,,,,,,,,,,
1989-316,Bastad,Clay,32,A,19890731,19,O018,,,Bruno Oresar,R,175,CRO,22.278,95,0,S101,3,,Jonas Svensson,R,188,SWE,22.776,32,0,2-6 6-2 6-0,3,R16,,,,,,,,,,,,,,,,,,,
1989-316,Bastad,Clay,32,A,19890731,20,N025,,,Karel Novacek,R,190,CZE,24.337,62,0,U020,,WC,Nicklas Utgren,R,188,SWE,20.548,214,0,6-4 6-3,3,R16,,,,,,,,,,,,,,,,,,,
1989-316,Bastad,Clay,32,A,19890731,21,C012,5,,Paolo Cane,R,180,ITA,24.309,34,0,A018,,,Christer Allgardh,R,190,SWE,22.442,257,0,6-3 7-5,3,R16,,,,,,,,,,,,,,,,,,,
1989-316,Bastad,Clay,32,A,19890731,22,B040,,,Christian Bergstrom,R,180,SWE,22.034,96,0,T010,,,Michael Tauson,R,193,DEN,23.099,153,0,6-4 6-2,3,R16,,,,,,,,,,,,,,,,,,,
1989-316,Bastad,Clay,32,A,19890731,23,K181,,,Nicklas Kulti,R,190,SWE,18.275,202,0,F165,8,,Marcelo Filippini,R,178,URU,21.99,63,0,6-4 6-2,3,R16,,,,,,,,,,,,,,,,,,,
1989-316,Bastad,Clay,32,A,19890731,24,N030,,WC,Joakim Nystrom,R,188,SWE,26.442,679,0,E061,,Q,David Engel,R,180,SWE,21.788,239,0,6-4 4-6 6-3,3,R16,,,,,,,,,,,,,,,,,,,
1989-316,Bastad,Clay,32,A,19890731,25,A163,,Q,Johan Anderson,R,183,AUS,17.837,299,0,G182,7,,Magnus Gustafsson,R,185,SWE,22.574,55,0,4-6 6-3 7-6,3,QF,,,,,,,,,,,,,,,,,,,
1989-316,Bastad,Clay,32,A,19890731,26,O018,,,Bruno Oresar,R,175,CRO,22.278,95,0,N025,,,Karel Novacek,R,190,CZE,24.337,62,0,6-4 6-1,3,QF,,,,,,,,,,,,,,,,,,,
1989-316,Bastad,Clay,32,A,19890731,27,C012,5,,Paolo Cane,R,180,ITA,24.309,34,0,B040,,,Christian Bergstrom,R,180,SWE,22.034,96,0,4-6 6-2 6-4,3,QF,,,,,,,,,,,,,,,,,,,
1989-316,Bastad,Clay,32,A,19890731,28,K181,,,Nicklas Kulti,R,190,SWE,18.275,202,0,N030,,WC,Joakim Nystrom,R,188,SWE,26.442,679,0,6-2 6-4,3,QF,,,,,,,,,,,,,,,,,,,
1989-316,Bastad,Clay,32,A,19890731,29,O018,,,Bruno Oresar,R,175,CRO,22.278,95,0,A163,,Q,Johan Anderson,R,183,AUS,17.837,299,0,7-6 6-2,3,SF,,,,,,,,,,,,,,,,,,,
1989-316,Bastad,Clay,32,A,19890731,30,C012,5,,Paolo Cane,R,180,ITA,24.309,34,0,K181,,,Nicklas Kulti,R,190,SWE,18.275,202,0,6-4 6-2,3,SF,,,,,,,,,,,,,,,,,,,
1989-316,Bastad,Clay,32,A,19890731,31,C012,5,,Paolo Cane,R,180,ITA,24.309,34,0,O018,,,Bruno Oresar,R,175,CRO,22.278,95,0,7-6 7-6,3,F,,,,,,,,,,,,,,,,,,,
1989-319,Kitzbuhel,Clay,64,A,19890731,1,M372,1,,Alberto Mancini,R,180,ARG,20.197,12,0,V055,,Q,Richard Vogel,R,193,CZE,24.964,334,0,6-2 6-7 6-3,3,R64,,,,,,,,,,,,,,,,,,,
1989-319,Kitzbuhel,Clay,64,A,19890731,2,B317,,WC,Thomas Buchmayer,L,185,AUT,18.459,437,0,C216,,,Tomas Carbonell,R,178,ESP,20.98,84,0,1-6 6-3 6-0,3,R64,,,,,,,,,,,,,,,,,,,
1989-319,Kitzbuhel,Clay,64,A,19890731,3,C252,,,Francisco Clavet,L,183,ESP,20.767,259,0,S329,,,Cyril Suk,R,180,CZE,22.502,210,0,6-3 6-3,3,R64,,,,,,,,,,,,,,,,,,,
1989-319,Kitzbuhel,Clay,64,A,19890731,4,B035,15,,Eduardo Bengoechea,R,185,ARG,30.081,85,0,M063,,,Claudio Mezzadri,R,180,SUI,24.14,157,0,6-3 6-2,3,R64,,,,,,,,,,,,,,,,,,,
1989-319,Kitzbuhel,Clay,64,A,19890731,5,K148,,,Petr Korda,L,190,CZE,21.52,215,0,V018,,LL,Srinivasan Vasudevan,R,190,IND,27.57,267,0,6-4 4-6 6-2,3,R64,,,,,,,,,,,,,,,,,,,
1989-319,Kitzbuhel,Clay,64,A,19890731,6,S058,,,Tomas Smid,R,190,CZE,33.196,237,0,B084,,,Juan Carlos Baguena,R,183,ESP,22.563,245,0,6-4 6-7 6-4,3,R64,,,,,,,,,,,,,,,,,,,
1989-319,Kitzbuhel,Clay,64,A,19890731,7,G197,,,Gustavo Giussani,R,180,ARG,21.402,162,0,L041,,,Jorge Lozano,R,180,MEX,26.207,159,0,7-5 3-6 7-6,3,R64,,,,,,,,,,,,,,,,,,,
1989-319,Kitzbuhel,Clay,64,A,19890731,8,J004,7,,Martin Jaite,R,178,ARG,24.808,26,0,I003,,,Marcelo Ingaramo,L,178,ARG,26.798,258,0,6-2 6-1,3,R64,,,,,,,,,,,,,,,,,,,
1989-319,Kitzbuhel,Clay,64,A,19890731,9,P190,4,,Guillermo Perez-Roldan,R,178,ARG,19.778,28,0,C041,,,Jesus Colas,R,170,ESP,27.718,300,0,6-3 6-3,3,R64,,,,,,,,,,,,,,,,,,,
1989-319,Kitzbuhel,Clay,64,A,19890731,10,M432,,WC,Harald Mair,R,,AUT,,912,0,V034,,,Raul Antonio Viver,L,190,ECU,28.372,207,0,6-3 6-3,3,R64,,,,,,,,,,,,,,,,,,,
1989-319,Kitzbuhel,Clay,64,A,19890731,11,C043,,,Simone Colombo,R,180,ITA,25.925,160,0,A028,,,Alex Antonitsch,R,188,AUT,23.474,94,0,2-6 6-3 6-2,3,R64,,,,,,,,,,,,,,,,,,,
1989-319,Kitzbuhel,Clay,64,A,19890731,12,P050,14,,Goran Prpic,R,180,CRO,25.24,44,0,S315,,,Gilbert Schaller,R,180,AUT,20.372,201,0,6-0 6-4,3,R64,,,,,,,,,,,,,,,,,,,
1989-319,Kitzbuhel,Clay,64,A,19890731,13,C260,11,,Andrei Cherkasov,R,180,RUS,19.075,67,0,S348,,Q,Vicente Solves,R,180,ESP,20.474,456,0,6-2 6-4,3,R64,,,,,,,,,,,,,,,,,,,
1989-319,Kitzbuhel,Clay,64,A,19890731,14,N110,,,Libor Nemecek,R,168,CZE,20.761,243,0,G108,,Q,Rodolphe Gilbert,L,183,FRA,20.632,312,0,6-4 6-2,3,R64,,,,,,,,,,,,,,,,,,,
1989-319,Kitzbuhel,Clay,64,A,19890731,15,L043,,,Fernando Luna,R,175,ESP,31.269,89,0,P232,,WC,Hans Priller,R,,AUT,,431,0,6-0 6-0,3,R64,,,,,,,,,,,,,,,,,,,
1989-319,Kitzbuhel,Clay,64,A,19890731,16,V002,,,Marian Vajda,R,173,SVK,24.353,86,0,S055,6,,Horst Skoff,R,175,AUT,20.939,33,0,7-5 2-6 6-4,3,R64,,,,,,,,,,,,,,,,,,,
1989-319,Kitzbuhel,Clay,64,A,19890731,17,B350,5,,Sergi Bruguera,R,188,ESP,18.538,27,0,O025,,,Marko Ostoja,R,175,CRO,28.778,173,0,6-2 6-0,3,R64,,,,,,,,,,,,,,,,,,,
1989-319,Kitzbuhel,Clay,64,A,19890731,18,C035,,,Massimo Cierro,R,173,ITA,25.232,209,0,A172,,,Alejandro Aramburu,R,175,PER,20.457,150,0,2-6 6-1 6-4,3,R64,,,,,,,,,,,,,,,,,,,
1989-319,Kitzbuhel,Clay,64,A,19890731,19,C013,,,Francesco Cancellotti,R,183,ITA,26.423,107,0,F192,,Q,Renzo Furlan,R,175,ITA,19.206,220,0,6-4 7-6,3,R64,,,,,,,,,,,,,,,,,,,
1989-319,Kitzbuhel,Clay,64,A,19890731,20,A040,,,Roberto Azar,L,185,ARG,23.362,138,0,L009,12,,Leonardo Lavalle,L,188,MEX,22.048,80,0,6-3 3-6 6-3,3,R64,,,,,,,,,,,,,,,,,,,
1989-319,Kitzbuhel,Clay,64,A,19890731,21,A007,,,Juan Aguilera,R,183,ESP,27.359,119,0,D008,13,,Horacio De La Pena,L,180,ARG,22.998,75,0,6-4 6-4,3,R64,,,,,,,,,,,,,,,,,,,
1989-319,Kitzbuhel,Clay,64,A,19890731,22,P037,,,Claudio Pistolesi,R,180,ITA,21.933,131,0,B323,,,Jaroslav Bulant,R,175,CZE,25.276,169,0,6-2 6-0,3,R64,,,,,,,,,,,,,,,,,,,
1989-319,Kitzbuhel,Clay,64,A,19890731,23,D006,,,Franco Davin,L,173,ARG,19.551,106,0,F184,,WC,Vojtech Flegl,R,180,CZE,22.103,550,0,6-3 6-4,3,R64,,,,,,,,,,,,,,,,,,,
1989-319,Kitzbuhel,Clay,64,A,19890731,24,S014,3,,Emilio Sanchez,R,180,ESP,24.172,17,0,D044,,,Lawson Duncan,R,185,USA,24.761,97,0,6-1 6-1,3,R64,,,,,,,,,,,,,,,,,,,
1989-319,Kitzbuhel,Clay,64,A,19890731,25,B001,,Q,Mansour Bahrami,R,178,IRI,33.262,389,0,V037,8,,Alexander Volkov,L,188,RUS,22.412,45,0,6-4 5-7 6-1,3,R64,,,,,,,,,,,,,,,,,,,
1989-319,Kitzbuhel,Clay,64,A,19890731,26,G165,,Q,Ruben Gajardo,R,,CHI,21.569,432,0,O009,,,Andrei Olhovskiy,R,185,RUS,23.294,339,0,1-6 6-1 6-3,3,R64,,,,,,,,,,,,,,,,,,,
1989-319,Kitzbuhel,Clay,64,A,19890731,27,R177,,,Francisco Roig,R,175,ESP,21.331,190,0,S452,,Q,Martin Schaffl,R,,AUT,19.63,,,6-4 6-1,3,R64,,,,,,,,,,,,,,,,,,,
1989-319,Kitzbuhel,Clay,64,A,19890731,28,S015,10,,Javier Sanchez,R,178,ESP,21.495,60,0,C038,,Q,Jose Clavet,R,180,ESP,23.885,265,0,6-1 6-2,3,R64,,,,,,,,,,,,,,,,,,,
1989-319,Kitzbuhel,Clay,64,A,19890731,29,S328,16,,Martin Strelba,R,190,CZE,22.36,79,0,C024,,,Sergio Casal,R,185,ESP,26.894,174,0,6-3 6-3,3,R64,,,,,,,,,,,,,,,,,,,
1989-319,Kitzbuhel,Clay,64,A,19890731,30,C179,,,Carlos Costa,R,183,ESP,21.273,168,0,A030,,,Roberto Arguello,U,173,ARG,26.22,193,0,7-5 4-6 7-6,3,R64,,,,,,,,,,,,,,,,,,,
1989-319,Kitzbuhel,Clay,64,A,19890731,31,S288,,,Christian Saceanu,R,190,GER,21.062,135,0,L091,,,Stefan Lochbihler,R,180,AUT,23.83,147,0,6-2 6-4,3,R64,,,,,,,,,,,,,,,,,,,
1989-319,Kitzbuhel,Clay,64,A,19890731,32,C019,2,,Kent Carlsson,R,180,SWE,21.574,13,0,P021,,,Diego Perez,R,178,URU,27.472,124,0,7-5 1-6 6-2,3,R64,,,,,,,,,,,,,,,,,,,
1989-319,Kitzbuhel,Clay,64,A,19890731,33,B317,,WC,Thomas Buchmayer,L,185,AUT,18.459,437,0,M372,1,,Alberto Mancini,R,180,ARG,20.197,12,0,6-4 2-6 6-2,3,R32,,,,,,,,,,,,,,,,,,,
1989-319,Kitzbuhel,Clay,64,A,19890731,34,C252,,,Francisco Clavet,L,183,ESP,20.767,259,0,B035,15,,Eduardo Bengoechea,R,185,ARG,30.081,85,0,6-2 6-3,3,R32,,,,,,,,,,,,,,,,,,,
1989-319,Kitzbuhel,Clay,64,A,19890731,35,K148,,,Petr Korda,L,190,CZE,21.52,215,0,S058,,,Tomas Smid,R,190,CZE,33.196,237,0,6-1 6-2,3,R32,,,,,,,,,,,,,,,,,,,
1989-319,Kitzbuhel,Clay,64,A,19890731,36,J004,7,,Martin Jaite,R,178,ARG,24.808,26,0,G197,,,Gustavo Giussani,R,180,ARG,21.402,162,0,6-3 6-3,3,R32,,,,,,,,,,,,,,,,,,,
1989-319,Kitzbuhel,Clay,64,A,19890731,37,P190,4,,Guillermo Perez-Roldan,R,178,ARG,19.778,28,0,M432,,WC,Harald Mair,R,,AUT,,912,0,6-0 6-3,3,R32,,,,,,,,,,,,,,,,,,,
1989-319,Kitzbuhel,Clay,64,A,19890731,38,P050,14,,Goran Prpic,R,180,CRO,25.24,44,0,C043,,,Simone Colombo,R,180,ITA,25.925,160,0,3-6 6-3 7-6,3,R32,,,,,,,,,,,,,,,,,,,
1989-319,Kitzbuhel,Clay,64,A,19890731,39,N110,,,Libor Nemecek,R,168,CZE,20.761,243,0,C260,11,,Andrei Cherkasov,R,180,RUS,19.075,67,0,6-1 7-6,3,R32,,,,,,,,,,,,,,,,,,,
1989-319,Kitzbuhel,Clay,64,A,19890731,40,V002,,,Marian Vajda,R,173,SVK,24.353,86,0,L043,,,Fernando Luna,R,175,ESP,31.269,89,0,7-5 6-1,3,R32,,,,,,,,,,,,,,,,,,,
1989-319,Kitzbuhel,Clay,64,A,19890731,41,B350,5,,Sergi Bruguera,R,188,ESP,18.538,27,0,C035,,,Massimo Cierro,R,173,ITA,25.232,209,0,6-2 6-3,3,R32,,,,,,,,,,,,,,,,,,,
1989-319,Kitzbuhel,Clay,64,A,19890731,42,A040,,,Roberto Azar,L,185,ARG,23.362,138,0,C013,,,Francesco Cancellotti,R,183,ITA,26.423,107,0,6-7 6-3 7-6,3,R32,,,,,,,,,,,,,,,,,,,
1989-319,Kitzbuhel,Clay,64,A,19890731,43,A007,,,Juan Aguilera,R,183,ESP,27.359,119,0,P037,,,Claudio Pistolesi,R,180,ITA,21.933,131,0,7-5 6-1,3,R32,,,,,,,,,,,,,,,,,,,
1989-319,Kitzbuhel,Clay,64,A,19890731,44,S014,3,,Emilio Sanchez,R,180,ESP,24.172,17,0,D006,,,Franco Davin,L,173,ARG,19.551,106,0,6-3 6-3,3,R32,,,,,,,,,,,,,,,,,,,
1989-319,Kitzbuhel,Clay,64,A,19890731,45,B001,,Q,Mansour Bahrami,R,178,IRI,33.262,389,0,G165,,Q,Ruben Gajardo,R,,CHI,21.569,432,0,4-6 6-4 6-3,3,R32,,,,,,,,,,,,,,,,,,,
1989-319,Kitzbuhel,Clay,64,A,19890731,46,S015,10,,Javier Sanchez,R,178,ESP,21.495,60,0,R177,,,Francisco Roig,R,175,ESP,21.331,190,0,4-6 6-3 7-6,3,R32,,,,,,,,,,,,,,,,,,,
1989-319,Kitzbuhel,Clay,64,A,19890731,47,S328,16,,Martin Strelba,R,190,CZE,22.36,79,0,C179,,,Carlos Costa,R,183,ESP,21.273,168,0,6-1 6-2,3,R32,,,,,,,,,,,,,,,,,,,
1989-319,Kitzbuhel,Clay,64,A,19890731,48,S288,,,Christian Saceanu,R,190,GER,21.062,135,0,C019,2,,Kent Carlsson,R,180,SWE,21.574,13,0,6-4 6-4,3,R32,,,,,,,,,,,,,,,,,,,
1989-319,Kitzbuhel,Clay,64,A,19890731,49,C252,,,Francisco Clavet,L,183,ESP,20.767,259,0,B317,,WC,Thomas Buchmayer,L,185,AUT,18.459,437,0,6-2 6-2,3,R16,,,,,,,,,,,,,,,,,,,
1989-319,Kitzbuhel,Clay,64,A,19890731,50,J004,7,,Martin Jaite,R,178,ARG,24.808,26,0,K148,,,Petr Korda,L,190,CZE,21.52,215,0,6-4 6-3,3,R16,,,,,,,,,,,,,,,,,,,
1989-319,Kitzbuhel,Clay,64,A,19890731,51,P050,14,,Goran Prpic,R,180,CRO,25.24,44,0,P190,4,,Guillermo Perez-Roldan,R,178,ARG,19.778,28,0,6-4 4-6 6-3,3,R16,,,,,,,,,,,,,,,,,,,
1989-319,Kitzbuhel,Clay,64,A,19890731,52,V002,,,Marian Vajda,R,173,SVK,24.353,86,0,N110,,,Libor Nemecek,R,168,CZE,20.761,243,0,6-2 6-2,3,R16,,,,,,,,,,,,,,,,,,,
1989-319,Kitzbuhel,Clay,64,A,19890731,53,B350,5,,Sergi Bruguera,R,188,ESP,18.538,27,0,A040,,,Roberto Azar,L,185,ARG,23.362,138,0,6-4 6-1,3,R16,,,,,,,,,,,,,,,,,,,
1989-319,Kitzbuhel,Clay,64,A,19890731,54,S014,3,,Emilio Sanchez,R,180,ESP,24.172,17,0,A007,,,Juan Aguilera,R,183,ESP,27.359,119,0,6-4 6-2,3,R16,,,,,,,,,,,,,,,,,,,
1989-319,Kitzbuhel,Clay,64,A,19890731,55,S015,10,,Javier Sanchez,R,178,ESP,21.495,60,0,B001,,Q,Mansour Bahrami,R,178,IRI,33.262,389,0,6-4 7-6,3,R16,,,,,,,,,,,,,,,,,,,
1989-319,Kitzbuhel,Clay,64,A,19890731,56,S328,16,,Martin Strelba,R,190,CZE,22.36,79,0,S288,,,Christian Saceanu,R,190,GER,21.062,135,0,6-3 6-1,3,R16,,,,,,,,,,,,,,,,,,,
1989-319,Kitzbuhel,Clay,64,A,19890731,57,J004,7,,Martin Jaite,R,178,ARG,24.808,26,0,C252,,,Francisco Clavet,L,183,ESP,20.767,259,0,7-6 6-3,3,QF,,,,,,,,,,,,,,,,,,,
1989-319,Kitzbuhel,Clay,64,A,19890731,58,P050,14,,Goran Prpic,R,180,CRO,25.24,44,0,V002,,,Marian Vajda,R,173,SVK,24.353,86,0,6-0 6-1,3,QF,,,,,,,,,,,,,,,,,,,
1989-319,Kitzbuhel,Clay,64,A,19890731,59,S014,3,,Emilio Sanchez,R,180,ESP,24.172,17,0,B350,5,,Sergi Bruguera,R,188,ESP,18.538,27,0,6-3 6-2,3,QF,,,,,,,,,,,,,,,,,,,
1989-319,Kitzbuhel,Clay,64,A,19890731,60,S015,10,,Javier Sanchez,R,178,ESP,21.495,60,0,S328,16,,Martin Strelba,R,190,CZE,22.36,79,0,4-6 6-3 6-4,3,QF,,,,,,,,,,,,,,,,,,,
1989-319,Kitzbuhel,Clay,64,A,19890731,61,J004,7,,Martin Jaite,R,178,ARG,24.808,26,0,P050,14,,Goran Prpic,R,180,CRO,25.24,44,0,0-6 6-4 6-3,3,SF,,,,,,,,,,,,,,,,,,,
1989-319,Kitzbuhel,Clay,64,A,19890731,62,S014,3,,Emilio Sanchez,R,180,ESP,24.172,17,0,S015,10,,Javier Sanchez,R,178,ESP,21.495,60,0,6-1 6-4,3,SF,,,,,,,,,,,,,,,,,,,
1989-319,Kitzbuhel,Clay,64,A,19890731,63,S014,3,,Emilio Sanchez,R,180,ESP,24.172,17,0,J004,7,,Martin Jaite,R,178,ARG,24.808,26,0,7-6 6-1 2-6 6-2,5,F,,,,,,,,,,,,,,,,,,,
1989-420,Stratton Mountain,Hard,64,A,19890731,1,A092,1,,Andre Agassi,R,180,USA,19.255,7,0,M064,,,Glenn Michibata,R,175,CAN,27.132,115,0,6-2 6-2,3,R64,,,,,,,,,,,,,,,,,,,
1989-420,Stratton Mountain,Hard,64,A,19890731,2,D005,,,Marty Davis,R,183,USA,30.708,121,0,V032,,,Danie Visser,L,180,RSA,28.014,102,0,7-6 6-2,3,R64,,,,,,,,,,,,,,,,,,,
1989-420,Stratton Mountain,Hard,64,A,19890731,3,W123,,,David Wheaton,R,193,USA,20.162,122,0,L008,,,Martin Laurendeau,R,190,CAN,25.057,98,0,6-4 6-2,3,R64,,,,,,,,,,,,,,,,,,,
1989-420,Stratton Mountain,Hard,64,A,19890731,4,D004,16,,Scott Davis,R,188,USA,26.927,64,0,L203,,WC,Donni Leaycraft,R,180,USA,21.035,807,0,6-1 6-0,3,R64,,,,,,,,,,,,,,,,,,,
1989-420,Stratton Mountain,Hard,64,A,19890731,5,C243,9,,Jim Courier,R,185,USA,18.954,42,0,B074,,,Jimmy Brown,R,180,USA,24.257,123,0,6-3 7-5,3,R64,,,,,,,,,,,,,,,,,,,
1989-420,Stratton Mountain,Hard,64,A,19890731,6,G013,,,Sammy Giammalva Jr.,R,178,USA,26.355,182,0,F041,,,Javier Frana,L,185,ARG,22.598,104,0,6-4 3-6 6-3,3,R64,,,,,,,,,,,,,,,,,,,
1989-420,Stratton Mountain,Hard,64,A,19890731,7,F029,,Q,Ken Flach,R,185,USA,26.188,281,0,P176,,,Philippe Pech,L,180,FRA,22.976,206,0,6-4 6-3,3,R64,,,,,,,,,,,,,,,,,,,
1989-420,Stratton Mountain,Hard,64,A,19890731,8,G022,8,,Dan Goldie,R,188,USA,25.826,37,0,M048,,WC,Patrick McEnroe,R,183,USA,23.083,651,0,6-1 6-4,3,R64,,,,,,,,,,,,,,,,,,,
1989-420,Stratton Mountain,Hard,64,A,19890731,9,G016,3,,Brad Gilbert,R,185,USA,27.975,11,0,S291,,Q,Richard Schmidt,R,185,USA,24.496,444,0,6-2 6-2,3,R64,,,,,,,,,,,,,,,,,,,
1989-420,Stratton Mountain,Hard,64,A,19890731,10,P045,,,Gianluca Pozzi,L,180,ITA,24.12,143,0,C022,,,Dan Cassidy,R,178,USA,28.255,105,0,3-6 6-3 6-2,3,R64,,,,,,,,,,,,,,,,,,,
1989-420,Stratton Mountain,Hard,64,A,19890731,11,A066,,,Pieter Aldrich,R,180,RSA,23.896,68,0,P012,,,David Pate,R,183,USA,27.291,137,0,6-3 2-6 6-2,3,R64,,,,,,,,,,,,,,,,,,,
1989-420,Stratton Mountain,Hard,64,A,19890731,12,M030,,,Wally Masur,R,180,AUS,26.218,71,0,C029,13,,Paul Chamberlin,R,178,USA,27.348,49,0,1-6 7-6 6-3,3,R64,,,,,,,,,,,,,,,,,,,
1989-420,Stratton Mountain,Hard,64,A,19890731,13,A027,11,,Paul Annacone,R,185,USA,26.366,70,0,P218,,,Nicolas Pereira,R,188,VEN,18.836,117,0,7-5 6-2,3,R64,,,,,,,,,,,,,,,,,,,
1989-420,Stratton Mountain,Hard,64,A,19890731,14,L010,,,Glenn Layendecker,L,185,USA,28.227,72,0,M096,,,Gary Muller,L,190,RSA,24.591,91,0,6-7 7-6 6-3,3,R64,,,,,,,,,,,,,,,,,,,
1989-420,Stratton Mountain,Hard,64,A,19890731,15,C046,,,Grant Connell,L,185,CAN,23.702,154,0,S021,,,Michiel Schapers,R,201,NED,29.804,81,0,6-1 7-6,3,R64,,,,,,,,,,,,,,,,,,,
1989-420,Stratton Mountain,Hard,64,A,19890731,16,M012,5,,Amos Mansdorf,R,175,ISR,23.778,20,0,B271,,Q,Martin Barba,R,180,USA,22.94,340,0,6-4 6-1,3,R64,,,,,,,,,,,,,,,,,,,
1989-420,Stratton Mountain,Hard,64,A,19890731,17,B281,6,,Jay Berger,R,180,USA,22.678,24,0,T136,,,Jeff Tarango,L,180,USA,20.693,90,0,6-3 6-7 6-2,3,R64,,,,,,,,,,,,,,,,,,,
1989-420,Stratton Mountain,Hard,64,A,19890731,18,S102,,,Andrew Sznajder,R,175,CAN,22.185,88,0,L030,,,Carl Limberger,R,170,AUS,25.517,129,0,6-4 6-7 6-2,3,R64,,,,,,,,,,,,,,,,,,,
1989-420,Stratton Mountain,Hard,64,A,19890731,19,W019,,,Tim Wilkison,L,180,USA,29.687,83,0,Y002,,,Simon Youl,R,185,AUS,24.082,113,0,7-5 6-1,3,R64,,,,,,,,,,,,,,,,,,,
1989-420,Stratton Mountain,Hard,64,A,19890731,20,S034,12,,Robert Seguso,R,190,USA,26.251,61,0,K021,,,Mark Kratzmann,L,178,AUS,23.206,112,0,6-3 3-6 6-3,3,R64,,,,,,,,,,,,,,,,,,,
1989-420,Stratton Mountain,Hard,64,A,19890731,21,P052,14,,Jim Pugh,R,193,USA,25.484,59,0,P209,,WC,Al Parker,R,188,USA,20.605,1093,0,6-2 3-6 7-5,3,R64,,,,,,,,,,,,,,,,,,,
1989-420,Stratton Mountain,Hard,64,A,19890731,22,P048,,,Chris Pridham,R,183,CAN,24.304,167,0,F040,,,John Frawley,R,173,AUS,24.074,99,0,7-5 5-7 6-3,3,R64,,,,,,,,,,,,,,,,,,,
1989-420,Stratton Mountain,Hard,64,A,19890731,23,P233,,WC,Jared Palmer,R,190,USA,18.081,377,0,W114,,Q,Scott Warner,R,196,USA,23.606,181,0,7-6 6-3,3,R64,,,,,,,,,,,,,,,,,,,
1989-420,Stratton Mountain,Hard,64,A,19890731,24,C057,4,,Kevin Curren,R,185,USA,31.414,15,0,G205,,Q,Dan Goldberg,L,185,USA,21.9,700,0,7-6 6-1,3,R64,,,,,,,,,,,,,,,,,,,
1989-420,Stratton Mountain,Hard,64,A,19890731,25,N022,7,,Yannick Noah,R,193,FRA,29.202,25,0,B021,,,Jeremy Bates,R,180,GBR,27.116,136,0,4-6 7-6 6-2,3,R64,,,,,,,,,,,,,,,,,,,
1989-420,Stratton Mountain,Hard,64,A,19890731,26,G039,,,Jim Grabb,R,193,USA,25.295,114,0,D098,,,Yahiya Doumbia,R,185,SEN,25.933,142,0,6-3 6-4,3,R64,,,,,,,,,,,,,,,,,,,
1989-420,Stratton Mountain,Hard,64,A,19890731,27,B401,,Q,Steve Bryan,R,178,USA,18.973,503,0,R400,,Q,Tertius Reynders,R,,RSA,,485,0,6-3 6-0,3,R64,,,,,,,,,,,,,,,,,,,
1989-420,Stratton Mountain,Hard,64,A,19890731,28,K022,10,,Johan Kriek,R,175,USA,31.321,36,0,F164,,,Richard Fromberg,R,196,AUS,19.258,155,0,7-6 6-1,3,R64,,,,,,,,,,,,,,,,,,,
1989-420,Stratton Mountain,Hard,64,A,19890731,29,R043,15,,Derrick Rostagno,R,185,USA,23.765,56,0,M197,,,Nuno Marques,L,190,POR,19.31,144,0,0-6 6-3 7-6,3,R64,,,,,,,,,,,,,,,,,,,
1989-420,Stratton Mountain,Hard,64,A,19890731,30,D216,,Q,Tim Donovan,R,175,USA,22.442,856,0,B075,,,Neil Broad,R,190,GBR,22.694,146,0,7-6 6-4,3,R64,,,,,,,,,,,,,,,,,,,
1989-420,Stratton Mountain,Hard,64,A,19890731,31,C018,,,Johan Carlsson,R,183,SWE,23.502,132,0,H029,,,Thomas Hogstedt,R,190,SWE,25.859,118,0,6-1 6-0,3,R64,,,,,,,,,,,,,,,,,,,
1989-420,Stratton Mountain,Hard,64,A,19890731,32,C274,2,,Michael Chang,R,175,USA,17.437,6,0,S402,,,Pete Sampras,R,185,USA,17.969,103,0,6-4 6-4,3,R64,,,,,,,,,,,,,,,,,,,
1989-420,Stratton Mountain,Hard,64,A,19890731,33,A092,1,,Andre Agassi,R,180,USA,19.255,7,0,D005,,,Marty Davis,R,183,USA,30.708,121,0,6-1 3-6 6-3,3,R32,,,,,,,,,,,,,,,,,,,
1989-420,Stratton Mountain,Hard,64,A,19890731,34,W123,,,David Wheaton,R,193,USA,20.162,122,0,D004,16,,Scott Davis,R,188,USA,26.927,64,0,6-1 6-4,3,R32,,,,,,,,,,,,,,,,,,,
1989-420,Stratton Mountain,Hard,64,A,19890731,35,C243,9,,Jim Courier,R,185,USA,18.954,42,0,G013,,,Sammy Giammalva Jr.,R,178,USA,26.355,182,0,6-2 6-2,3,R32,,,,,,,,,,,,,,,,,,,
1989-420,Stratton Mountain,Hard,64,A,19890731,36,G022,8,,Dan Goldie,R,188,USA,25.826,37,0,F029,,Q,Ken Flach,R,185,USA,26.188,281,0,6-7 6-1 7-6,3,R32,,,,,,,,,,,,,,,,,,,
1989-420,Stratton Mountain,Hard,64,A,19890731,37,G016,3,,Brad Gilbert,R,185,USA,27.975,11,0,P045,,,Gianluca Pozzi,L,180,ITA,24.12,143,0,6-1 6-2,3,R32,,,,,,,,,,,,,,,,,,,
1989-420,Stratton Mountain,Hard,64,A,19890731,38,M030,,,Wally Masur,R,180,AUS,26.218,71,0,A066,,,Pieter Aldrich,R,180,RSA,23.896,68,0,3-6 6-3 6-4,3,R32,,,,,,,,,,,,,,,,,,,
1989-420,Stratton Mountain,Hard,64,A,19890731,39,L010,,,Glenn Layendecker,L,185,USA,28.227,72,0,A027,11,,Paul Annacone,R,185,USA,26.366,70,0,6-4 7-6,3,R32,,,,,,,,,,,,,,,,,,,
1989-420,Stratton Mountain,Hard,64,A,19890731,40,C046,,,Grant Connell,L,185,CAN,23.702,154,0,M012,5,,Amos Mansdorf,R,175,ISR,23.778,20,0,6-3 7-6,3,R32,,,,,,,,,,,,,,,,,,,
1989-420,Stratton Mountain,Hard,64,A,19890731,41,S102,,,Andrew Sznajder,R,175,CAN,22.185,88,0,B281,6,,Jay Berger,R,180,USA,22.678,24,0,6-2 2-6 6-3,3,R32,,,,,,,,,,,,,,,,,,,
1989-420,Stratton Mountain,Hard,64,A,19890731,42,S034,12,,Robert Seguso,R,190,USA,26.251,61,0,W019,,,Tim Wilkison,L,180,USA,29.687,83,0,6-3 6-2,3,R32,,,,,,,,,,,,,,,,,,,
1989-420,Stratton Mountain,Hard,64,A,19890731,43,P052,14,,Jim Pugh,R,193,USA,25.484,59,0,P048,,,Chris Pridham,R,183,CAN,24.304,167,0,3-6 7-5 7-6,3,R32,,,,,,,,,,,,,,,,,,,
1989-420,Stratton Mountain,Hard,64,A,19890731,44,P233,,WC,Jared Palmer,R,190,USA,18.081,377,0,C057,4,,Kevin Curren,R,185,USA,31.414,15,0,6-4 6-3,3,R32,,,,,,,,,,,,,,,,,,,
1989-420,Stratton Mountain,Hard,64,A,19890731,45,G039,,,Jim Grabb,R,193,USA,25.295,114,0,N022,7,,Yannick Noah,R,193,FRA,29.202,25,0,6-1 6-4,3,R32,,,,,,,,,,,,,,,,,,,
1989-420,Stratton Mountain,Hard,64,A,19890731,46,K022,10,,Johan Kriek,R,175,USA,31.321,36,0,B401,,Q,Steve Bryan,R,178,USA,18.973,503,0,1-6 6-4 7-6,3,R32,,,,,,,,,,,,,,,,,,,
1989-420,Stratton Mountain,Hard,64,A,19890731,47,R043,15,,Derrick Rostagno,R,185,USA,23.765,56,0,D216,,Q,Tim Donovan,R,175,USA,22.442,856,0,7-6 7-5,3,R32,,,,,,,,,,,,,,,,,,,
1989-420,Stratton Mountain,Hard,64,A,19890731,48,C274,2,,Michael Chang,R,175,USA,17.437,6,0,C018,,,Johan Carlsson,R,183,SWE,23.502,132,0,7-5 6-3,3,R32,,,,,,,,,,,,,,,,,,,
1989-420,Stratton Mountain,Hard,64,A,19890731,49,W123,,,David Wheaton,R,193,USA,20.162,122,0,A092,1,,Andre Agassi,R,180,USA,19.255,7,0,1-6 7-6 6-1,3,R16,,,,,,,,,,,,,,,,,,,
1989-420,Stratton Mountain,Hard,64,A,19890731,50,C243,9,,Jim Courier,R,185,USA,18.954,42,0,G022,8,,Dan Goldie,R,188,USA,25.826,37,0,6-2 6-3,3,R16,,,,,,,,,,,,,,,,,,,
1989-420,Stratton Mountain,Hard,64,A,19890731,51,G016,3,,Brad Gilbert,R,185,USA,27.975,11,0,M030,,,Wally Masur,R,180,AUS,26.218,71,0,6-4 7-6,3,R16,,,,,,,,,,,,,,,,,,,
1989-420,Stratton Mountain,Hard,64,A,19890731,52,L010,,,Glenn Layendecker,L,185,USA,28.227,72,0,C046,,,Grant Connell,L,185,CAN,23.702,154,0,7-5 6-2,3,R16,,,,,,,,,,,,,,,,,,,
1989-420,Stratton Mountain,Hard,64,A,19890731,53,S034,12,,Robert Seguso,R,190,USA,26.251,61,0,S102,,,Andrew Sznajder,R,175,CAN,22.185,88,0,6-3 3-6 6-2,3,R16,,,,,,,,,,,,,,,,,,,
1989-420,Stratton Mountain,Hard,64,A,19890731,54,P052,14,,Jim Pugh,R,193,USA,25.484,59,0,P233,,WC,Jared Palmer,R,190,USA,18.081,377,0,3-6 7-6 6-3,3,R16,,,,,,,,,,,,,,,,,,,
1989-420,Stratton Mountain,Hard,64,A,19890731,55,G039,,,Jim Grabb,R,193,USA,25.295,114,0,K022,10,,Johan Kriek,R,175,USA,31.321,36,0,6-3 6-4,3,R16,,,,,,,,,,,,,,,,,,,
1989-420,Stratton Mountain,Hard,64,A,19890731,56,C274,2,,Michael Chang,R,175,USA,17.437,6,0,R043,15,,Derrick Rostagno,R,185,USA,23.765,56,0,6-3 6-2,3,R16,,,,,,,,,,,,,,,,,,,
1989-420,Stratton Mountain,Hard,64,A,19890731,57,W123,,,David Wheaton,R,193,USA,20.162,122,0,C243,9,,Jim Courier,R,185,USA,18.954,42,0,6-4 6-2,3,QF,,,,,,,,,,,,,,,,,,,
1989-420,Stratton Mountain,Hard,64,A,19890731,58,G016,3,,Brad Gilbert,R,185,USA,27.975,11,0,L010,,,Glenn Layendecker,L,185,USA,28.227,72,0,6-4 7-5,3,QF,,,,,,,,,,,,,,,,,,,
1989-420,Stratton Mountain,Hard,64,A,19890731,59,P052,14,,Jim Pugh,R,193,USA,25.484,59,0,S034,12,,Robert Seguso,R,190,USA,26.251,61,0,6-3 6-2,3,QF,,,,,,,,,,,,,,,,,,,
1989-420,Stratton Mountain,Hard,64,A,19890731,60,G039,,,Jim Grabb,R,193,USA,25.295,114,0,C274,2,,Michael Chang,R,175,USA,17.437,6,0,6-2 6-4,3,QF,,,,,,,,,,,,,,,,,,,
1989-420,Stratton Mountain,Hard,64,A,19890731,61,G016,3,,Brad Gilbert,R,185,USA,27.975,11,0,W123,,,David Wheaton,R,193,USA,20.162,122,0,5-7 7-6 6-4,3,SF,,,,,,,,,,,,,,,,,,,
1989-420,Stratton Mountain,Hard,64,A,19890731,62,P052,14,,Jim Pugh,R,193,USA,25.484,59,0,G039,,,Jim Grabb,R,193,USA,25.295,114,0,6-2 6-4,3,SF,,,,,,,,,,,,,,,,,,,
1989-420,Stratton Mountain,Hard,64,A,19890731,63,G016,3,,Brad Gilbert,R,185,USA,27.975,11,0,P052,14,,Jim Pugh,R,193,USA,25.484,59,0,7-5 6-0,3,F,,,,,,,,,,,,,,,,,,,
1989-318,Livingston,Hard,32,A,19890807,1,C274,1,,Michael Chang,R,175,USA,17.457,5,0,W114,,,Scott Warner,R,196,USA,23.625,199,0,6-1 3-6 6-3,3,R32,,,,,,,,,,,,,,,,,,,
1989-318,Livingston,Hard,32,A,19890807,2,S331,,,Jason Stoltenberg,R,185,AUS,19.343,113,0,C011,,,Jonathan Canter,R,185,USA,24.175,142,0,6-4 7-6,3,R32,,,,,,,,,,,,,,,,,,,
1989-318,Livingston,Hard,32,A,19890807,3,D216,,Q,Tim Donovan,R,175,USA,22.461,547,0,G013,,,Sammy Giammalva Jr.,R,178,USA,26.374,168,0,6-2 7-5,3,R32,,,,,,,,,,,,,,,,,,,
1989-318,Livingston,Hard,32,A,19890807,4,A027,7,,Paul Annacone,R,185,USA,26.385,66,0,P013,,Q,Tim Pawsat,R,,USA,25.659,490,0,4-6 7-6 6-4,3,R32,,,,,,,,,,,,,,,,,,,
1989-318,Livingston,Hard,32,A,19890807,5,F164,,,Richard Fromberg,R,196,AUS,19.277,167,0,M012,3,,Amos Mansdorf,R,175,ISR,23.797,19,0,5-0 RET,3,R32,,,,,,,,,,,,,,,,,,,
1989-318,Livingston,Hard,32,A,19890807,6,B322,,,Chris Bailey,R,196,GBR,21.273,164,0,M079,,Q,Daniel Montes De Oca,R,170,URU,27.283,913,0,7-5 4-6 6-3,3,R32,,,,,,,,,,,,,,,,,,,
1989-318,Livingston,Hard,32,A,19890807,7,K011,,LL,Jeff Klaparda,R,173,USA,25.749,404,0,R042,,,John Ross,R,185,USA,25.437,411,0,6-4 6-3,3,R32,,,,,,,,,,,,,,,,,,,
1989-318,Livingston,Hard,32,A,19890807,8,B326,,WC,Mike Brown,R,183,USA,20.663,1057,0,E025,6,,Kelly Evernden,R,175,NZL,27.877,75,0,7-5 6-2,3,R32,,,,,,,,,,,,,,,,,,,
1989-318,Livingston,Hard,32,A,19890807,9,G039,,,Jim Grabb,R,193,USA,25.314,65,0,S034,5,,Robert Seguso,R,190,USA,26.27,73,0,5-2 RET,3,R32,,,,,,,,,,,,,,,,,,,
1989-318,Livingston,Hard,32,A,19890807,10,T136,,,Jeff Tarango,L,180,USA,20.712,99,0,P209,,WC,Al Parker,R,188,USA,20.624,1095,0,7-6 6-2,3,R32,,,,,,,,,,,,,,,,,,,
1989-318,Livingston,Hard,32,A,19890807,11,A028,,,Alex Antonitsch,R,188,AUT,23.493,97,0,P045,,,Gianluca Pozzi,L,180,ITA,24.14,140,0,6-4 6-3,3,R32,,,,,,,,,,,,,,,,,,,
1989-318,Livingston,Hard,32,A,19890807,12,C243,4,,Jim Courier,R,185,USA,18.973,36,0,K171,,WC,Mark Knowles,R,190,BAH,17.925,471,0,6-1 6-2,3,R32,,,,,,,,,,,,,,,,,,,
1989-318,Livingston,Hard,32,A,19890807,13,K024,8,,Ramesh Krishnan,R,170,IND,28.172,80,0,N016,,,Miguel Nido,R,180,PUR,26.418,177,0,6-2 6-3,3,R32,,,,,,,,,,,,,,,,,,,
1989-318,Livingston,Hard,32,A,19890807,14,G196,,Q,Chris Garner,R,180,USA,20.334,252,0,L008,,,Martin Laurendeau,R,190,CAN,25.076,101,0,6-3 6-4,3,R32,,,,,,,,,,,,,,,,,,,
1989-318,Livingston,Hard,32,A,19890807,15,O006,,,Nduka Odizor,R,183,NGR,30.995,198,0,P176,,,Philippe Pech,L,180,FRA,22.995,214,0,6-3 2-6 7-6,3,R32,,,,,,,,,,,,,,,,,,,
1989-318,Livingston,Hard,32,A,19890807,16,G016,2,,Brad Gilbert,R,185,USA,27.995,9,0,W019,,,Tim Wilkison,L,180,USA,29.706,87,0,6-4 6-1,3,R32,,,,,,,,,,,,,,,,,,,
1989-318,Livingston,Hard,32,A,19890807,17,S331,,,Jason Stoltenberg,R,185,AUS,19.343,113,0,C274,1,,Michael Chang,R,175,USA,17.457,5,0,6-3 7-6,3,R16,,,,,,,,,,,,,,,,,,,
1989-318,Livingston,Hard,32,A,19890807,18,D216,,Q,Tim Donovan,R,175,USA,22.461,547,0,A027,7,,Paul Annacone,R,185,USA,26.385,66,0,6-4 6-2,3,R16,,,,,,,,,,,,,,,,,,,
1989-318,Livingston,Hard,32,A,19890807,19,B322,,,Chris Bailey,R,196,GBR,21.273,164,0,F164,,,Richard Fromberg,R,196,AUS,19.277,167,0,6-3 7-5,3,R16,,,,,,,,,,,,,,,,,,,
1989-318,Livingston,Hard,32,A,19890807,20,B326,,WC,Mike Brown,R,183,USA,20.663,1057,0,K011,,LL,Jeff Klaparda,R,173,USA,25.749,404,0,6-1 6-4,3,R16,,,,,,,,,,,,,,,,,,,
1989-318,Livingston,Hard,32,A,19890807,21,G039,,,Jim Grabb,R,193,USA,25.314,65,0,T136,,,Jeff Tarango,L,180,USA,20.712,99,0,6-4 6-3,3,R16,,,,,,,,,,,,,,,,,,,
1989-318,Livingston,Hard,32,A,19890807,22,C243,4,,Jim Courier,R,185,USA,18.973,36,0,A028,,,Alex Antonitsch,R,188,AUT,23.493,97,0,6-1 6-1,3,R16,,,,,,,,,,,,,,,,,,,
1989-318,Livingston,Hard,32,A,19890807,23,K024,8,,Ramesh Krishnan,R,170,IND,28.172,80,0,G196,,Q,Chris Garner,R,180,USA,20.334,252,0,6-3 6-0,3,R16,,,,,,,,,,,,,,,,,,,
1989-318,Livingston,Hard,32,A,19890807,24,G016,2,,Brad Gilbert,R,185,USA,27.995,9,0,O006,,,Nduka Odizor,R,183,NGR,30.995,198,0,7-5 6-4,3,R16,,,,,,,,,,,,,,,,,,,
1989-318,Livingston,Hard,32,A,19890807,25,S331,,,Jason Stoltenberg,R,185,AUS,19.343,113,0,D216,,Q,Tim Donovan,R,175,USA,22.461,547,0,6-1 6-2,3,QF,,,,,,,,,,,,,,,,,,,
1989-318,Livingston,Hard,32,A,19890807,26,B322,,,Chris Bailey,R,196,GBR,21.273,164,0,B326,,WC,Mike Brown,R,183,USA,20.663,1057,0,6-3 3-6 6-3,3,QF,,,,,,,,,,,,,,,,,,,
1989-318,Livingston,Hard,32,A,19890807,27,C243,4,,Jim Courier,R,185,USA,18.973,36,0,G039,,,Jim Grabb,R,193,USA,25.314,65,0,7-5 6-2,3,QF,,,,,,,,,,,,,,,,,,,
1989-318,Livingston,Hard,32,A,19890807,28,G016,2,,Brad Gilbert,R,185,USA,27.995,9,0,K024,8,,Ramesh Krishnan,R,170,IND,28.172,80,0,5-7 6-3 6-2,3,QF,,,,,,,,,,,,,,,,,,,
1989-318,Livingston,Hard,32,A,19890807,29,S331,,,Jason Stoltenberg,R,185,AUS,19.343,113,0,B322,,,Chris Bailey,R,196,GBR,21.273,164,0,6-4 6-3,3,SF,,,,,,,,,,,,,,,,,,,
1989-318,Livingston,Hard,32,A,19890807,30,G016,2,,Brad Gilbert,R,185,USA,27.995,9,0,C243,4,,Jim Courier,R,185,USA,18.973,36,0,6-2 6-0,3,SF,,,,,,,,,,,,,,,,,,,
1989-318,Livingston,Hard,32,A,19890807,31,G016,2,,Brad Gilbert,R,185,USA,27.995,9,0,S331,,,Jason Stoltenberg,R,185,AUS,19.343,113,0,6-4 6-4,3,F,,,,,,,,,,,,,,,,,,,
1989-379,Prague,Clay,32,A,19890807,1,A034,1,,Jordi Arrese,R,175,ESP,24.939,34,0,B051,,,Gilad Bloom,L,173,ISR,22.437,150,0,6-2 7-6,3,R32,,,,,,,,,,,,,,,,,,,
1989-379,Prague,Clay,32,A,19890807,2,K148,,,Petr Korda,L,190,CZE,21.539,190,0,D051,,Q,Girts Dzelde,R,173,LAT,26.062,442,0,6-2 6-0,3,R32,,,,,,,,,,,,,,,,,,,
1989-379,Prague,Clay,32,A,19890807,3,T010,,,Michael Tauson,R,193,DEN,23.118,134,0,H218,,,Thomas Haldin,R,185,SWE,24.074,149,0,6-2 1-6 6-1,3,R32,,,,,,,,,,,,,,,,,,,
1989-379,Prague,Clay,32,A,19890807,4,G197,,,Gustavo Giussani,R,180,ARG,21.421,205,0,D044,8,,Lawson Duncan,R,185,USA,24.78,98,0,5-7 6-0 7-5,3,R32,,,,,,,,,,,,,,,,,,,
1989-379,Prague,Clay,32,A,19890807,5,F165,4,,Marcelo Filippini,R,178,URU,22.01,67,0,B323,,,Jaroslav Bulant,R,175,CZE,25.295,184,0,6-1 6-0,3,R32,,,,,,,,,,,,,,,,,,,
1989-379,Prague,Clay,32,A,19890807,6,R028,,,Guillermo Rivas,R,183,ARG,25.492,196,0,H242,,Q,Peter Hajek,R,175,GER,14.453,,,6-4 7-6,3,R32,,,,,,,,,,,,,,,,,,,
1989-379,Prague,Clay,32,A,19890807,7,C252,,,Francisco Clavet,L,183,ESP,20.786,181,0,D198,,WC,Slava Dosedel,R,183,CZE,18.982,247,0,3-6 6-4 6-1,3,R32,,,,,,,,,,,,,,,,,,,
1989-379,Prague,Clay,32,A,19890807,8,S328,5,,Martin Strelba,R,190,CZE,22.379,63,0,S058,,,Tomas Smid,R,190,CZE,33.216,254,0,6-3 6-4,3,R32,,,,,,,,,,,,,,,,,,,
1989-379,Prague,Clay,32,A,19890807,9,B035,6,,Eduardo Bengoechea,R,185,ARG,30.1,85,0,D214,,WC,Martin Damm,R,188,CZE,17.016,927,0,6-0 6-2,3,R32,,,,,,,,,,,,,,,,,,,
1989-379,Prague,Clay,32,A,19890807,10,A007,,,Juan Aguilera,R,183,ESP,27.379,116,0,Z037,,WC,Tomas Anzari,R,180,CZE,19.121,415,0,6-3 6-2,3,R32,,,,,,,,,,,,,,,,,,,
1989-379,Prague,Clay,32,A,19890807,11,R200,,Q,Vaclav Roubicek,R,185,CZE,21.651,279,0,C036,,,Josef Cihak,R,185,CZE,26.387,121,0,1-0 RET,3,R32,,,,,,,,,,,,,,,,,,,
1989-379,Prague,Clay,32,A,19890807,12,D006,,,Franco Davin,L,173,ARG,19.57,114,0,N025,3,,Karel Novacek,R,190,CZE,24.356,57,0,6-1 5-7 6-3,3,R32,,,,,,,,,,,,,,,,,,,
1989-379,Prague,Clay,32,A,19890807,13,R203,,Q,David Rikl,L,178,CZE,18.442,535,0,L043,7,,Fernando Luna,R,175,ESP,31.288,91,0,7-6 6-2,3,R32,,,,,,,,,,,,,,,,,,,
1989-379,Prague,Clay,32,A,19890807,14,O025,,,Marko Ostoja,R,175,CRO,28.797,174,0,N099,,,Tomas Nydahl,R,185,SWE,21.38,186,0,6-4 6-2,3,R32,,,,,,,,,,,,,,,,,,,
1989-379,Prague,Clay,32,A,19890807,15,S329,,,Cyril Suk,R,180,CZE,22.522,218,0,A040,,,Roberto Azar,L,185,ARG,23.381,132,0,6-1 6-1,3,R32,,,,,,,,,,,,,,,,,,,
1989-379,Prague,Clay,32,A,19890807,16,S055,2,,Horst Skoff,R,175,AUT,20.958,32,0,A018,,,Christer Allgardh,R,190,SWE,22.461,272,0,6-0 6-3,3,R32,,,,,,,,,,,,,,,,,,,
1989-379,Prague,Clay,32,A,19890807,17,K148,,,Petr Korda,L,190,CZE,21.539,190,0,A034,1,,Jordi Arrese,R,175,ESP,24.939,34,0,6-1 7-6,3,R16,,,,,,,,,,,,,,,,,,,
1989-379,Prague,Clay,32,A,19890807,18,T010,,,Michael Tauson,R,193,DEN,23.118,134,0,G197,,,Gustavo Giussani,R,180,ARG,21.421,205,0,7-6 5-7 6-4,3,R16,,,,,,,,,,,,,,,,,,,
1989-379,Prague,Clay,32,A,19890807,19,F165,4,,Marcelo Filippini,R,178,URU,22.01,67,0,R028,,,Guillermo Rivas,R,183,ARG,25.492,196,0,6-1 6-1,3,R16,,,,,,,,,,,,,,,,,,,
1989-379,Prague,Clay,32,A,19890807,20,S328,5,,Martin Strelba,R,190,CZE,22.379,63,0,C252,,,Francisco Clavet,L,183,ESP,20.786,181,0,6-2 2-6 6-1,3,R16,,,,,,,,,,,,,,,,,,,
1989-379,Prague,Clay,32,A,19890807,21,A007,,,Juan Aguilera,R,183,ESP,27.379,116,0,B035,6,,Eduardo Bengoechea,R,185,ARG,30.1,85,0,6-4 3-6 6-4,3,R16,,,,,,,,,,,,,,,,,,,
1989-379,Prague,Clay,32,A,19890807,22,D006,,,Franco Davin,L,173,ARG,19.57,114,0,R200,,Q,Vaclav Roubicek,R,185,CZE,21.651,279,0,6-4 6-2,3,R16,,,,,,,,,,,,,,,,,,,
1989-379,Prague,Clay,32,A,19890807,23,O025,,,Marko Ostoja,R,175,CRO,28.797,174,0,R203,,Q,David Rikl,L,178,CZE,18.442,535,0,6-2 7-6,3,R16,,,,,,,,,,,,,,,,,,,
1989-379,Prague,Clay,32,A,19890807,24,S055,2,,Horst Skoff,R,175,AUT,20.958,32,0,S329,,,Cyril Suk,R,180,CZE,22.522,218,0,6-4 7-6,3,R16,,,,,,,,,,,,,,,,,,,
1989-379,Prague,Clay,32,A,19890807,25,T010,,,Michael Tauson,R,193,DEN,23.118,134,0,K148,,,Petr Korda,L,190,CZE,21.539,190,0,6-4 6-0,3,QF,,,,,,,,,,,,,,,,,,,
1989-379,Prague,Clay,32,A,19890807,26,F165,4,,Marcelo Filippini,R,178,URU,22.01,67,0,S328,5,,Martin Strelba,R,190,CZE,22.379,63,0,6-3 6-4,3,QF,,,,,,,,,,,,,,,,,,,
1989-379,Prague,Clay,32,A,19890807,27,D006,,,Franco Davin,L,173,ARG,19.57,114,0,A007,,,Juan Aguilera,R,183,ESP,27.379,116,0,6-4 6-1,3,QF,,,,,,,,,,,,,,,,,,,
1989-379,Prague,Clay,32,A,19890807,28,S055,2,,Horst Skoff,R,175,AUT,20.958,32,0,O025,,,Marko Ostoja,R,175,CRO,28.797,174,0,6-4 6-0,3,QF,,,,,,,,,,,,,,,,,,,
1989-379,Prague,Clay,32,A,19890807,29,F165,4,,Marcelo Filippini,R,178,URU,22.01,67,0,T010,,,Michael Tauson,R,193,DEN,23.118,134,0,6-2 2-6 6-3,3,SF,,,,,,,,,,,,,,,,,,,
1989-379,Prague,Clay,32,A,19890807,30,S055,2,,Horst Skoff,R,175,AUT,20.958,32,0,D006,,,Franco Davin,L,173,ARG,19.57,114,0,6-2 6-2,3,SF,,,,,,,,,,,,,,,,,,,
1989-379,Prague,Clay,32,A,19890807,31,F165,4,,Marcelo Filippini,R,178,URU,22.01,67,0,S055,2,,Horst Skoff,R,175,AUT,20.958,32,0,7-5 7-6,3,F,,,,,,,,,,,,,,,,,,,
1989-419,Indianapolis,Hard,56,A,19890807,1,V032,,,Danie Visser,L,180,RSA,28.033,117,0,F033,,Q,Marc Flur,R,190,USA,27.165,393,0,6-2 6-4,3,R64,,,,,,,,,,,,,,,,,,,
1989-419,Indianapolis,Hard,56,A,19890807,2,P012,,,David Pate,R,183,USA,27.31,145,0,M064,,,Glenn Michibata,R,175,CAN,27.151,120,0,1-6 7-5 6-3,3,R64,,,,,,,,,,,,,,,,,,,
1989-419,Indianapolis,Hard,56,A,19890807,3,R016,16,,Richey Reneberg,R,180,USA,23.838,86,0,H029,,,Thomas Hogstedt,R,190,SWE,25.878,115,0,6-1 6-4,3,R64,,,,,,,,,,,,,,,,,,,
1989-419,Indianapolis,Hard,56,A,19890807,4,M032,10,,Richard Matuszewski,R,188,USA,24.914,59,0,C268,,Q,Shelby Cannon,L,180,USA,22.968,496,0,6-3 6-0,3,R64,,,,,,,,,,,,,,,,,,,
1989-419,Indianapolis,Hard,56,A,19890807,5,P014,,Q,Brad Pearce,R,175,USA,23.381,258,0,M197,,,Nuno Marques,L,190,POR,19.329,157,0,6-4 6-3,3,R64,,,,,,,,,,,,,,,,,,,
1989-419,Indianapolis,Hard,56,A,19890807,6,S102,,,Andrew Sznajder,R,175,CAN,22.204,69,0,D098,,,Yahiya Doumbia,R,185,SEN,25.952,231,0,6-4 6-3,3,R64,,,,,,,,,,,,,,,,,,,
1989-419,Indianapolis,Hard,56,A,19890807,7,A031,,,Jimmy Arias,R,175,USA,24.975,93,0,L030,,,Carl Limberger,R,170,AUS,25.536,131,0,6-3 7-6,3,R64,,,,,,,,,,,,,,,,,,,
1989-419,Indianapolis,Hard,56,A,19890807,8,W123,,,David Wheaton,R,193,USA,20.181,60,0,L013,,WC,Rick Leach,L,188,USA,24.608,339,0,6-4 6-7 7-5,3,R64,,,,,,,,,,,,,,,,,,,
1989-419,Indianapolis,Hard,56,A,19890807,9,L010,14,,Glenn Layendecker,L,185,USA,28.246,64,0,B075,,,Neil Broad,R,190,GBR,22.713,160,0,3-6 6-4 7-6,3,R64,,,,,,,,,,,,,,,,,,,
1989-419,Indianapolis,Hard,56,A,19890807,10,M076,,Q,Barry Moir,R,180,RSA,26.185,226,0,A066,12,,Pieter Aldrich,R,180,RSA,23.915,71,0,4-6 6-3 6-2,3,R64,,,,,,,,,,,,,,,,,,,
1989-419,Indianapolis,Hard,56,A,19890807,11,P218,,,Nicolas Pereira,R,188,VEN,18.856,127,0,M048,,WC,Patrick McEnroe,R,183,USA,23.102,632,0,7-6 6-3,3,R64,,,,,,,,,,,,,,,,,,,
1989-419,Indianapolis,Hard,56,A,19890807,12,R032,,Q,Michael Robertson,R,185,USA,26.1,392,0,F040,,,John Frawley,R,173,AUS,24.093,104,0,6-4 6-1,3,R64,,,,,,,,,,,,,,,,,,,
1989-419,Indianapolis,Hard,56,A,19890807,13,C018,,,Johan Carlsson,R,183,SWE,23.521,138,0,B271,,Q,Martin Barba,R,180,USA,22.96,342,0,6-4 7-5,3,R64,,,,,,,,,,,,,,,,,,,
1989-419,Indianapolis,Hard,56,A,19890807,14,S402,,,Pete Sampras,R,185,USA,17.988,105,0,K156,,WC,Kent Kinnear,R,196,USA,22.686,387,0,4-6 7-6 6-4,3,R64,,,,,,,,,,,,,,,,,,,
1989-419,Indianapolis,Hard,56,A,19890807,15,Y002,,,Simon Youl,R,185,AUS,24.101,122,0,P052,11,,Jim Pugh,R,193,USA,25.503,45,0,6-4 3-6 7-5,3,R64,,,,,,,,,,,,,,,,,,,
1989-419,Indianapolis,Hard,56,A,19890807,16,M030,13,,Wally Masur,R,180,AUS,26.237,68,0,B401,,WC,Steve Bryan,R,178,USA,18.992,414,0,6-2 2-6 7-6,3,R64,,,,,,,,,,,,,,,,,,,
1989-419,Indianapolis,Hard,56,A,19890807,17,P048,,,Chris Pridham,R,183,CAN,24.323,162,0,R006,,,Olli Rahnasto,R,183,FIN,23.608,119,0,6-7 7-6 6-3,3,R64,,,,,,,,,,,,,,,,,,,
1989-419,Indianapolis,Hard,56,A,19890807,18,N109,,,Diego Nargiso,L,188,ITA,19.398,125,0,H251,,WC,Tommy Ho,L,183,USA,16.14,559,0,2-6 6-2 7-5,3,R64,,,,,,,,,,,,,,,,,,,
1989-419,Indianapolis,Hard,56,A,19890807,19,A022,,,Vijay Amritraj,R,193,IND,35.647,212,0,D015,,,Olivier Delaitre,R,170,FRA,22.185,135,0,6-3 7-5,3,R64,,,,,,,,,,,,,,,,,,,
1989-419,Indianapolis,Hard,56,A,19890807,20,B074,,,Jimmy Brown,R,180,USA,24.277,128,0,K021,,,Mark Kratzmann,L,178,AUS,23.225,126,0,3-6 6-2 7-6,3,R64,,,,,,,,,,,,,,,,,,,
1989-419,Indianapolis,Hard,56,A,19890807,21,M096,,,Gary Muller,L,190,RSA,24.611,92,0,R043,9,,Derrick Rostagno,R,185,USA,23.784,58,0,6-3 7-6,3,R64,,,,,,,,,,,,,,,,,,,
1989-419,Indianapolis,Hard,56,A,19890807,22,S021,15,,Michiel Schapers,R,201,NED,29.823,84,0,F041,,,Javier Frana,L,185,ARG,22.617,103,0,7-6 3-6 6-3,3,R64,,,,,,,,,,,,,,,,,,,
1989-419,Indianapolis,Hard,56,A,19890807,23,B021,,,Jeremy Bates,R,180,GBR,27.135,144,0,T032,,,Thierry Tulasne,R,178,FRA,26.073,110,0,6-4 6-1,3,R64,,,,,,,,,,,,,,,,,,,
1989-419,Indianapolis,Hard,56,A,19890807,24,C022,,,Dan Cassidy,R,178,USA,28.274,111,0,N013,,Q,Todd Nelson,R,185,USA,28.389,360,0,6-4 7-6,3,R64,,,,,,,,,,,,,,,,,,,
1989-419,Indianapolis,Hard,56,A,19890807,25,E004,1,,Stefan Edberg,R,188,SWE,23.548,3,0,V032,,,Danie Visser,L,180,RSA,28.033,117,0,6-4 6-4,3,R32,,,,,,,,,,,,,,,,,,,
1989-419,Indianapolis,Hard,56,A,19890807,26,P012,,,David Pate,R,183,USA,27.31,145,0,R016,16,,Richey Reneberg,R,180,USA,23.838,86,0,6-4 3-6 6-2,3,R32,,,,,,,,,,,,,,,,,,,
1989-419,Indianapolis,Hard,56,A,19890807,27,M032,10,,Richard Matuszewski,R,188,USA,24.914,59,0,P014,,Q,Brad Pearce,R,175,USA,23.381,258,0,7-6 7-6,3,R32,,,,,,,,,,,,,,,,,,,
1989-419,Indianapolis,Hard,56,A,19890807,28,S102,,,Andrew Sznajder,R,175,CAN,22.204,69,0,L044,7,,Peter Lundgren,R,185,SWE,24.52,43,0,6-3 6-4,3,R32,,,,,,,,,,,,,,,,,,,
1989-419,Indianapolis,Hard,56,A,19890807,29,M041,3,,Tim Mayotte,R,190,USA,29.01,10,0,A031,,,Jimmy Arias,R,175,USA,24.975,93,0,5-7 6-2 6-2,3,R32,,,,,,,,,,,,,,,,,,,
1989-419,Indianapolis,Hard,56,A,19890807,30,W123,,,David Wheaton,R,193,USA,20.181,60,0,L010,14,,Glenn Layendecker,L,185,USA,28.246,64,0,6-4 3-6 6-2,3,R32,,,,,,,,,,,,,,,,,,,
1989-419,Indianapolis,Hard,56,A,19890807,31,M076,,Q,Barry Moir,R,180,RSA,26.185,226,0,P218,,,Nicolas Pereira,R,188,VEN,18.856,127,0,6-7 6-4 6-0,3,R32,,,,,,,,,,,,,,,,,,,
1989-419,Indianapolis,Hard,56,A,19890807,32,B281,5,,Jay Berger,R,180,USA,22.697,22,0,R032,,Q,Michael Robertson,R,185,USA,26.1,392,0,6-3 6-3,3,R32,,,,,,,,,,,,,,,,,,,
1989-419,Indianapolis,Hard,56,A,19890807,33,C018,,,Johan Carlsson,R,183,SWE,23.521,138,0,Y017,6,,Jaime Yzaga,R,170,PER,21.791,27,0,6-2 6-3,3,R32,,,,,,,,,,,,,,,,,,,
1989-419,Indianapolis,Hard,56,A,19890807,34,S402,,,Pete Sampras,R,185,USA,17.988,105,0,Y002,,,Simon Youl,R,185,AUS,24.101,122,0,6-1 6-4,3,R32,,,,,,,,,,,,,,,,,,,
1989-419,Indianapolis,Hard,56,A,19890807,35,M030,13,,Wally Masur,R,180,AUS,26.237,68,0,P048,,,Chris Pridham,R,183,CAN,24.323,162,0,6-1 7-5,3,R32,,,,,,,,,,,,,,,,,,,
1989-419,Indianapolis,Hard,56,A,19890807,36,K023,4,,Aaron Krickstein,R,183,USA,22.015,13,0,N109,,,Diego Nargiso,L,188,ITA,19.398,125,0,6-1 6-4,3,R32,,,,,,,,,,,,,,,,,,,
1989-419,Indianapolis,Hard,56,A,19890807,37,W029,8,,Todd Witsken,R,183,USA,25.758,76,0,A022,,,Vijay Amritraj,R,193,IND,35.647,212,0,7-6 6-3,3,R32,,,,,,,,,,,,,,,,,,,
1989-419,Indianapolis,Hard,56,A,19890807,38,M096,,,Gary Muller,L,190,RSA,24.611,92,0,B074,,,Jimmy Brown,R,180,USA,24.277,128,0,6-4 6-4,3,R32,,,,,,,,,,,,,,,,,,,
1989-419,Indianapolis,Hard,56,A,19890807,39,S021,15,,Michiel Schapers,R,201,NED,29.823,84,0,B021,,,Jeremy Bates,R,180,GBR,27.135,144,0,6-2 6-2,3,R32,,,,,,,,,,,,,,,,,,,
1989-419,Indianapolis,Hard,56,A,19890807,40,M047,2,,John McEnroe,L,180,USA,30.472,6,0,C022,,,Dan Cassidy,R,178,USA,28.274,111,0,6-2 6-2,3,R32,,,,,,,,,,,,,,,,,,,
1989-419,Indianapolis,Hard,56,A,19890807,41,E004,1,,Stefan Edberg,R,188,SWE,23.548,3,0,P012,,,David Pate,R,183,USA,27.31,145,0,6-3 6-1,3,R16,,,,,,,,,,,,,,,,,,,
1989-419,Indianapolis,Hard,56,A,19890807,42,M032,10,,Richard Matuszewski,R,188,USA,24.914,59,0,S102,,,Andrew Sznajder,R,175,CAN,22.204,69,0,6-2 3-6 6-1,3,R16,,,,,,,,,,,,,,,,,,,
1989-419,Indianapolis,Hard,56,A,19890807,43,M041,3,,Tim Mayotte,R,190,USA,29.01,10,0,W123,,,David Wheaton,R,193,USA,20.181,60,0,6-3 6-3,3,R16,,,,,,,,,,,,,,,,,,,
1989-419,Indianapolis,Hard,56,A,19890807,44,B281,5,,Jay Berger,R,180,USA,22.697,22,0,M076,,Q,Barry Moir,R,180,RSA,26.185,226,0,6-1 6-1,3,R16,,,,,,,,,,,,,,,,,,,
1989-419,Indianapolis,Hard,56,A,19890807,45,S402,,,Pete Sampras,R,185,USA,17.988,105,0,C018,,,Johan Carlsson,R,183,SWE,23.521,138,0,6-3 6-4,3,R16,,,,,,,,,,,,,,,,,,,
1989-419,Indianapolis,Hard,56,A,19890807,46,K023,4,,Aaron Krickstein,R,183,USA,22.015,13,0,M030,13,,Wally Masur,R,180,AUS,26.237,68,0,7-6 7-5,3,R16,,,,,,,,,,,,,,,,,,,
1989-419,Indianapolis,Hard,56,A,19890807,47,W029,8,,Todd Witsken,R,183,USA,25.758,76,0,M096,,,Gary Muller,L,190,RSA,24.611,92,0,7-5 6-3,3,R16,,,,,,,,,,,,,,,,,,,
1989-419,Indianapolis,Hard,56,A,19890807,48,M047,2,,John McEnroe,L,180,USA,30.472,6,0,S021,15,,Michiel Schapers,R,201,NED,29.823,84,0,4-6 6-1 6-2,3,R16,,,,,,,,,,,,,,,,,,,
1989-419,Indianapolis,Hard,56,A,19890807,49,E004,1,,Stefan Edberg,R,188,SWE,23.548,3,0,M032,10,,Richard Matuszewski,R,188,USA,24.914,59,0,4-6 6-4 7-5,3,QF,,,,,,,,,,,,,,,,,,,
1989-419,Indianapolis,Hard,56,A,19890807,50,B281,5,,Jay Berger,R,180,USA,22.697,22,0,M041,3,,Tim Mayotte,R,190,USA,29.01,10,0,7-6 7-5,3,QF,,,,,,,,,,,,,,,,,,,
1989-419,Indianapolis,Hard,56,A,19890807,51,K023,4,,Aaron Krickstein,R,183,USA,22.015,13,0,S402,,,Pete Sampras,R,185,USA,17.988,105,0,7-5 6-3,3,QF,,,,,,,,,,,,,,,,,,,
1989-419,Indianapolis,Hard,56,A,19890807,52,M047,2,,John McEnroe,L,180,USA,30.472,6,0,W029,8,,Todd Witsken,R,183,USA,25.758,76,0,6-1 6-0,3,QF,,,,,,,,,,,,,,,,,,,
1989-419,Indianapolis,Hard,56,A,19890807,53,B281,5,,Jay Berger,R,180,USA,22.697,22,0,E004,1,,Stefan Edberg,R,188,SWE,23.548,3,0,6-4 6-2,3,SF,,,,,,,,,,,,,,,,,,,
1989-419,Indianapolis,Hard,56,A,19890807,54,M047,2,,John McEnroe,L,180,USA,30.472,6,0,K023,4,,Aaron Krickstein,R,183,USA,22.015,13,0,6-2 7-6,3,SF,,,,,,,,,,,,,,,,,,,
1989-419,Indianapolis,Hard,56,A,19890807,55,M047,2,,John McEnroe,L,180,USA,30.472,6,0,B281,5,,Jay Berger,R,180,USA,22.697,22,0,6-4 4-6 6-4,3,F,,,,,,,,,,,,,,,,,,,
1989-366,St. Vincent,Clay,32,A,19890814,1,A030,,,Roberto Arguello,U,173,ARG,26.259,207,0,A034,1,,Jordi Arrese,R,175,ESP,24.958,39,0,7-6 6-1,3,R32,,,,,,,,,,,,,,,,,,,
1989-366,St. Vincent,Clay,32,A,19890814,2,O025,,,Marko Ostoja,R,175,CRO,28.816,158,0,B053,,Q,Arnaud Boetsch,R,183,FRA,20.37,241,0,6-3 6-4,3,R32,,,,,,,,,,,,,,,,,,,
1989-366,St. Vincent,Clay,32,A,19890814,3,P037,,,Claudio Pistolesi,R,180,ITA,21.971,134,0,C036,,,Josef Cihak,R,185,CZE,26.407,126,0,6-3 3-6 6-4,3,R32,,,,,,,,,,,,,,,,,,,
1989-366,St. Vincent,Clay,32,A,19890814,4,C013,7,,Francesco Cancellotti,R,183,ITA,26.461,111,0,V034,,,Raul Antonio Viver,L,190,ECU,28.411,233,0,4-6 6-4 6-3,3,R32,,,,,,,,,,,,,,,,,,,
1989-366,St. Vincent,Clay,32,A,19890814,5,B035,4,,Eduardo Bengoechea,R,185,ARG,30.119,86,0,A172,,,Alejandro Aramburu,R,175,PER,20.496,151,0,6-2 5-7 6-3,3,R32,,,,,,,,,,,,,,,,,,,
1989-366,St. Vincent,Clay,32,A,19890814,6,A007,,,Juan Aguilera,R,183,ESP,27.398,105,0,A040,,,Roberto Azar,L,185,ARG,23.4,153,0,6-1 6-0,3,R32,,,,,,,,,,,,,,,,,,,
1989-366,St. Vincent,Clay,32,A,19890814,7,R028,,,Guillermo Rivas,R,183,ARG,25.511,220,0,S329,,,Cyril Suk,R,180,CZE,22.541,265,0,6-3 7-6,3,R32,,,,,,,,,,,,,,,,,,,
1989-366,St. Vincent,Clay,32,A,19890814,8,G197,,,Gustavo Giussani,R,180,ARG,21.44,178,0,D044,6,,Lawson Duncan,R,185,USA,24.799,100,0,6-3 6-0,3,R32,,,,,,,,,,,,,,,,,,,
1989-366,St. Vincent,Clay,32,A,19890814,9,C216,5,,Tomas Carbonell,R,178,ESP,21.018,88,0,C179,,Q,Carlos Costa,R,183,ESP,21.311,157,0,5-7 6-3 6-2,3,R32,,,,,,,,,,,,,,,,,,,
1989-366,St. Vincent,Clay,32,A,19890814,10,A018,,,Christer Allgardh,R,190,SWE,22.48,271,0,C039,,WC,Jose-Luis Clerc,R,185,ARG,30.995,534,0,6-3 6-1,3,R32,,,,,,,,,,,,,,,,,,,
1989-366,St. Vincent,Clay,32,A,19890814,11,B323,,,Jaroslav Bulant,R,175,CZE,25.314,185,0,M063,,,Claudio Mezzadri,R,180,SUI,24.178,166,0,6-3 6-4,3,R32,,,,,,,,,,,,,,,,,,,
1989-366,St. Vincent,Clay,32,A,19890814,12,F165,3,,Marcelo Filippini,R,178,URU,22.029,57,0,C043,,,Simone Colombo,R,180,ITA,25.963,201,0,6-3 6-0,3,R32,,,,,,,,,,,,,,,,,,,
1989-366,St. Vincent,Clay,32,A,19890814,13,D006,8,,Franco Davin,L,173,ARG,19.589,101,0,Y003,,Q,Francisco Yunis,R,190,ARG,25.005,318,0,6-0 6-0,3,R32,,,,,,,,,,,,,,,,,,,
1989-366,St. Vincent,Clay,32,A,19890814,14,N006,,WC,Massimiliano Narducci,R,185,ITA,25.467,244,0,P021,,,Diego Perez,R,178,URU,27.51,128,0,6-3 4-6 6-2,3,R32,,,,,,,,,,,,,,,,,,,
1989-366,St. Vincent,Clay,32,A,19890814,15,K181,,,Nicklas Kulti,R,190,SWE,18.313,136,0,A158,,LL,Jose-Luis Aparisi,R,178,ESP,20.427,217,0,6-2 6-4,3,R32,,,,,,,,,,,,,,,,,,,
1989-366,St. Vincent,Clay,32,A,19890814,16,V098,,,Andres Vysand,R,180,GER,23.431,133,0,F192,,Q,Renzo Furlan,R,175,ITA,19.244,247,0,7-6 6-2,3,R32,,,,,,,,,,,,,,,,,,,
1989-366,St. Vincent,Clay,32,A,19890814,17,A030,,,Roberto Arguello,U,173,ARG,26.259,207,0,O025,,,Marko Ostoja,R,175,CRO,28.816,158,0,2-6 1-2 RET,3,R16,,,,,,,,,,,,,,,,,,,
1989-366,St. Vincent,Clay,32,A,19890814,18,P037,,,Claudio Pistolesi,R,180,ITA,21.971,134,0,C013,7,,Francesco Cancellotti,R,183,ITA,26.461,111,0,6-4 6-1,3,R16,,,,,,,,,,,,,,,,,,,
1989-366,St. Vincent,Clay,32,A,19890814,19,A007,,,Juan Aguilera,R,183,ESP,27.398,105,0,B035,4,,Eduardo Bengoechea,R,185,ARG,30.119,86,0,6-1 6-4,3,R16,,,,,,,,,,,,,,,,,,,
1989-366,St. Vincent,Clay,32,A,19890814,20,G197,,,Gustavo Giussani,R,180,ARG,21.44,178,0,R028,,,Guillermo Rivas,R,183,ARG,25.511,220,0,6-1 6-1,3,R16,,,,,,,,,,,,,,,,,,,
1989-366,St. Vincent,Clay,32,A,19890814,21,C216,5,,Tomas Carbonell,R,178,ESP,21.018,88,0,A018,,,Christer Allgardh,R,190,SWE,22.48,271,0,6-2 6-1,3,R16,,,,,,,,,,,,,,,,,,,
1989-366,St. Vincent,Clay,32,A,19890814,22,F165,3,,Marcelo Filippini,R,178,URU,22.029,57,0,B323,,,Jaroslav Bulant,R,175,CZE,25.314,185,0,6-3 3-6 6-3,3,R16,,,,,,,,,,,,,,,,,,,
1989-366,St. Vincent,Clay,32,A,19890814,23,D006,8,,Franco Davin,L,173,ARG,19.589,101,0,N006,,WC,Massimiliano Narducci,R,185,ITA,25.467,244,0,6-3 6-3,3,R16,,,,,,,,,,,,,,,,,,,
1989-366,St. Vincent,Clay,32,A,19890814,24,V098,,,Andres Vysand,R,180,GER,23.431,133,0,K181,,,Nicklas Kulti,R,190,SWE,18.313,136,0,6-4 0-6 7-5,3,R16,,,,,,,,,,,,,,,,,,,
1989-366,St. Vincent,Clay,32,A,19890814,25,P037,,,Claudio Pistolesi,R,180,ITA,21.971,134,0,A030,,,Roberto Arguello,U,173,ARG,26.259,207,0,6-3 7-5,3,QF,,,,,,,,,,,,,,,,,,,
1989-366,St. Vincent,Clay,32,A,19890814,26,A007,,,Juan Aguilera,R,183,ESP,27.398,105,0,G197,,,Gustavo Giussani,R,180,ARG,21.44,178,0,6-3 6-1,3,QF,,,,,,,,,,,,,,,,,,,
1989-366,St. Vincent,Clay,32,A,19890814,27,C216,5,,Tomas Carbonell,R,178,ESP,21.018,88,0,F165,3,,Marcelo Filippini,R,178,URU,22.029,57,0,6-3 6-2,3,QF,,,,,,,,,,,,,,,,,,,
1989-366,St. Vincent,Clay,32,A,19890814,28,D006,8,,Franco Davin,L,173,ARG,19.589,101,0,V098,,,Andres Vysand,R,180,GER,23.431,133,0,6-2 6-1,3,QF,,,,,,,,,,,,,,,,,,,
1989-366,St. Vincent,Clay,32,A,19890814,29,A007,,,Juan Aguilera,R,183,ESP,27.398,105,0,P037,,,Claudio Pistolesi,R,180,ITA,21.971,134,0,6-1 6-1,3,SF,,,,,,,,,,,,,,,,,,,
1989-366,St. Vincent,Clay,32,A,19890814,30,D006,8,,Franco Davin,L,173,ARG,19.589,101,0,C216,5,,Tomas Carbonell,R,178,ESP,21.018,88,0,7-6 6-2,3,SF,,,,,,,,,,,,,,,,,,,
1989-366,St. Vincent,Clay,32,A,19890814,31,D006,8,,Franco Davin,L,173,ARG,19.589,101,0,A007,,,Juan Aguilera,R,183,ESP,27.398,105,0,6-2 6-2,3,F,,,,,,,,,,,,,,,,,,,
1989-421,Montreal / Toronto,Hard,56,A,19890814,1,J018,,,Kelly Jones,R,185,USA,25.372,182,0,S443,,Q,Sandon Stolle,R,193,AUS,19.088,895,0,6-7 7-6 7-6,3,R64,,,,,,,,,,,,,,,,,,,
1989-421,Montreal / Toronto,Hard,56,A,19890814,2,T136,,,Jeff Tarango,L,180,USA,20.731,114,0,S072,,,Milan Srejber,R,203,CZE,25.624,95,0,6-4 6-4,3,R64,,,,,,,,,,,,,,,,,,,
1989-421,Montreal / Toronto,Hard,56,A,19890814,3,A031,16,,Jimmy Arias,R,175,USA,24.994,96,0,H029,,,Thomas Hogstedt,R,190,SWE,25.897,113,0,6-0 6-2,3,R64,,,,,,,,,,,,,,,,,,,
1989-421,Montreal / Toronto,Hard,56,A,19890814,4,C011,,,Jonathan Canter,R,185,USA,24.194,139,0,I034,10,,Goran Ivanisevic,L,193,CRO,17.919,45,0,6-3 6-4,3,R64,,,,,,,,,,,,,,,,,,,
1989-421,Montreal / Toronto,Hard,56,A,19890814,5,L008,,,Martin Laurendeau,R,190,CAN,25.095,103,0,J094,,WC,Robert Janecek,R,183,CAN,17.18,1104,0,6-2 6-7 6-1,3,R64,,,,,,,,,,,,,,,,,,,
1989-421,Montreal / Toronto,Hard,56,A,19890814,6,C046,,,Grant Connell,L,185,CAN,23.74,130,0,W163,,Q,Miles Walker,R,,USA,,,,6-3 7-5,3,R64,,,,,,,,,,,,,,,,,,,
1989-421,Montreal / Toronto,Hard,56,A,19890814,7,C268,,Q,Shelby Cannon,L,180,USA,22.987,486,0,G042,,,Mark Greenan,R,,CAN,,550,0,6-4 6-1,3,R64,,,,,,,,,,,,,,,,,,,
1989-421,Montreal / Toronto,Hard,56,A,19890814,8,S045,,,Leif Shiras,R,183,USA,29.982,91,0,B021,,,Jeremy Bates,R,180,GBR,27.154,142,0,4-6 6-3 6-0,3,R64,,,,,,,,,,,,,,,,,,,
1989-421,Montreal / Toronto,Hard,56,A,19890814,9,E025,13,,Kelly Evernden,R,175,NZL,27.896,85,0,P048,,,Chris Pridham,R,183,CAN,24.342,160,0,7-6 6-4,3,R64,,,,,,,,,,,,,,,,,,,
1989-421,Montreal / Toronto,Hard,56,A,19890814,10,S102,12,,Andrew Sznajder,R,175,CAN,22.223,64,0,O006,,,Nduka Odizor,R,183,NGR,31.014,170,0,7-6 6-7 7-6,3,R64,,,,,,,,,,,,,,,,,,,
1989-421,Montreal / Toronto,Hard,56,A,19890814,11,F031,,,Jean-Philippe Fleurian,R,185,FRA,23.923,125,0,L227,,WC,Sebastien Leblanc,L,193,CAN,15.63,932,0,6-1 7-6,3,R64,,,,,,,,,,,,,,,,,,,
1989-421,Montreal / Toronto,Hard,56,A,19890814,12,L030,,,Carl Limberger,R,170,AUS,25.555,131,0,C018,,,Johan Carlsson,R,183,SWE,23.54,123,0,5-7 6-4 7-6,3,R64,,,,,,,,,,,,,,,,,,,
1989-421,Montreal / Toronto,Hard,56,A,19890814,13,Y002,,,Simon Youl,R,185,AUS,24.12,119,0,F189,,Q,Greg Failla,R,180,USA,21.432,867,0,6-4 6-4,3,R64,,,,,,,,,,,,,,,,,,,
1989-421,Montreal / Toronto,Hard,56,A,19890814,14,G013,,,Sammy Giammalva Jr.,R,178,USA,26.393,234,0,H251,,Q,Tommy Ho,L,183,USA,16.159,547,0,6-4 7-5,3,R64,,,,,,,,,,,,,,,,,,,
1989-421,Montreal / Toronto,Hard,56,A,19890814,15,G196,,Q,Chris Garner,R,180,USA,20.353,236,0,L010,11,,Glenn Layendecker,L,185,USA,28.266,72,0,2-6 7-6 7-5,3,R64,,,,,,,,,,,,,,,,,,,
1989-421,Montreal / Toronto,Hard,56,A,19890814,16,W029,14,,Todd Witsken,R,183,USA,25.777,67,0,L226,,WC,Sebastien Lareau,R,183,CAN,16.298,1067,0,6-1 6-1,3,R64,,,,,,,,,,,,,,,,,,,
1989-421,Montreal / Toronto,Hard,56,A,19890814,17,P218,,,Nicolas Pereira,R,188,VEN,18.875,121,0,D098,,,Yahiya Doumbia,R,185,SEN,25.971,250,0,6-1 6-3,3,R64,,,,,,,,,,,,,,,,,,,
1989-421,Montreal / Toronto,Hard,56,A,19890814,18,P176,,,Philippe Pech,L,180,FRA,23.014,219,0,B027,,Q,Charles Beckman,R,185,USA,24.454,570,0,6-2 6-2,3,R64,,,,,,,,,,,,,,,,,,,
1989-421,Montreal / Toronto,Hard,56,A,19890814,19,A028,,,Alex Antonitsch,R,188,AUT,23.513,98,0,C022,,,Dan Cassidy,R,178,USA,28.293,124,0,6-2 6-3,3,R64,,,,,,,,,,,,,,,,,,,
1989-421,Montreal / Toronto,Hard,56,A,19890814,20,N109,,,Diego Nargiso,L,188,ITA,19.417,117,0,S340,,,Roger Smith,R,185,BAH,25.566,221,0,6-7 7-5 6-1,3,R64,,,,,,,,,,,,,,,,,,,
1989-421,Montreal / Toronto,Hard,56,A,19890814,21,P190,9,,Guillermo Perez-Roldan,R,178,ARG,19.817,37,0,W038,,,Martin Wostenholme,R,183,CAN,26.842,99,0,6-7 6-4 6-2,3,R64,,,,,,,,,,,,,,,,,,,
1989-421,Montreal / Toronto,Hard,56,A,19890814,22,R016,15,,Richey Reneberg,R,180,USA,23.858,83,0,G174,,,Bret Garnett,R,185,USA,22.119,228,0,6-3 6-4,3,R64,,,,,,,,,,,,,,,,,,,
1989-421,Montreal / Toronto,Hard,56,A,19890814,23,F164,,,Richard Fromberg,R,196,AUS,19.296,140,0,M064,,,Glenn Michibata,R,175,CAN,27.17,129,0,6-7 6-4 6-4,3,R64,,,,,,,,,,,,,,,,,,,
1989-421,Montreal / Toronto,Hard,56,A,19890814,24,C248,,,Ned Caswell,R,190,USA,25.629,245,0,N210,,WC,Daniel Nestor,L,190,CAN,16.942,923,0,6-3 6-3,3,R64,,,,,,,,,,,,,,,,,,,
1989-421,Montreal / Toronto,Hard,56,A,19890814,25,L018,1,,Ivan Lendl,R,188,USA,29.437,1,0,J018,,,Kelly Jones,R,185,USA,25.372,182,0,7-6 6-1,3,R32,,,,,,,,,,,,,,,,,,,
1989-421,Montreal / Toronto,Hard,56,A,19890814,26,A031,16,,Jimmy Arias,R,175,USA,24.994,96,0,T136,,,Jeff Tarango,L,180,USA,20.731,114,0,6-2 6-2,3,R32,,,,,,,,,,,,,,,,,,,
1989-421,Montreal / Toronto,Hard,56,A,19890814,27,C011,,,Jonathan Canter,R,185,USA,24.194,139,0,L008,,,Martin Laurendeau,R,190,CAN,25.095,103,0,6-3 7-5,3,R32,,,,,,,,,,,,,,,,,,,
1989-421,Montreal / Toronto,Hard,56,A,19890814,28,C046,,,Grant Connell,L,185,CAN,23.74,130,0,M052,7,,Miloslav Mecir Sr.,R,190,SVK,25.238,22,0,6-2 4-6 6-4,3,R32,,,,,,,,,,,,,,,,,,,
1989-421,Montreal / Toronto,Hard,56,A,19890814,29,A092,3,,Andre Agassi,R,180,USA,19.294,7,0,C268,,Q,Shelby Cannon,L,180,USA,22.987,486,0,6-3 3-6 6-3,3,R32,,,,,,,,,,,,,,,,,,,
1989-421,Montreal / Toronto,Hard,56,A,19890814,30,E025,13,,Kelly Evernden,R,175,NZL,27.896,85,0,S045,,,Leif Shiras,R,183,USA,29.982,91,0,6-4 0-6 6-4,3,R32,,,,,,,,,,,,,,,,,,,
1989-421,Montreal / Toronto,Hard,56,A,19890814,31,S102,12,,Andrew Sznajder,R,175,CAN,22.223,64,0,F031,,,Jean-Philippe Fleurian,R,185,FRA,23.923,125,0,6-2 6-4,3,R32,,,,,,,,,,,,,,,,,,,
1989-421,Montreal / Toronto,Hard,56,A,19890814,32,C057,5,,Kevin Curren,R,185,USA,31.452,23,0,L030,,,Carl Limberger,R,170,AUS,25.555,131,0,6-4 7-5,3,R32,,,,,,,,,,,,,,,,,,,
1989-421,Montreal / Toronto,Hard,56,A,19890814,33,B281,6,,Jay Berger,R,180,USA,22.716,14,0,Y002,,,Simon Youl,R,185,AUS,24.12,119,0,W/O,3,R32,,,,,,,,,,,,,,,,,,,
1989-421,Montreal / Toronto,Hard,56,A,19890814,34,G013,,,Sammy Giammalva Jr.,R,178,USA,26.393,234,0,G196,,Q,Chris Garner,R,180,USA,20.353,236,0,6-0 6-1,3,R32,,,,,,,,,,,,,,,,,,,
1989-421,Montreal / Toronto,Hard,56,A,19890814,35,P218,,,Nicolas Pereira,R,188,VEN,18.875,121,0,W029,14,,Todd Witsken,R,183,USA,25.777,67,0,6-3 6-1,3,R32,,,,,,,,,,,,,,,,,,,
1989-421,Montreal / Toronto,Hard,56,A,19890814,36,M041,4,,Tim Mayotte,R,190,USA,29.029,10,0,P176,,,Philippe Pech,L,180,FRA,23.014,219,0,6-2 7-6,3,R32,,,,,,,,,,,,,,,,,,,
1989-421,Montreal / Toronto,Hard,56,A,19890814,37,A028,,,Alex Antonitsch,R,188,AUT,23.513,98,0,N022,8,,Yannick Noah,R,193,FRA,29.24,24,0,6-3 6-7 7-6,3,R32,,,,,,,,,,,,,,,,,,,
1989-421,Montreal / Toronto,Hard,56,A,19890814,38,N109,,,Diego Nargiso,L,188,ITA,19.417,117,0,P190,9,,Guillermo Perez-Roldan,R,178,ARG,19.817,37,0,6-4 6-2,3,R32,,,,,,,,,,,,,,,,,,,
1989-421,Montreal / Toronto,Hard,56,A,19890814,39,R016,15,,Richey Reneberg,R,180,USA,23.858,83,0,F164,,,Richard Fromberg,R,196,AUS,19.296,140,0,3-6 7-5 6-1,3,R32,,,,,,,,,,,,,,,,,,,
1989-421,Montreal / Toronto,Hard,56,A,19890814,40,M047,2,,John McEnroe,L,180,USA,30.491,5,0,C248,,,Ned Caswell,R,190,USA,25.629,245,0,6-2 4-6 6-3,3,R32,,,,,,,,,,,,,,,,,,,
1989-421,Montreal / Toronto,Hard,56,A,19890814,41,L018,1,,Ivan Lendl,R,188,USA,29.437,1,0,A031,16,,Jimmy Arias,R,175,USA,24.994,96,0,3-6 6-1 6-4,3,R16,,,,,,,,,,,,,,,,,,,
1989-421,Montreal / Toronto,Hard,56,A,19890814,42,C046,,,Grant Connell,L,185,CAN,23.74,130,0,C011,,,Jonathan Canter,R,185,USA,24.194,139,0,6-3 5-7 7-5,3,R16,,,,,,,,,,,,,,,,,,,
1989-421,Montreal / Toronto,Hard,56,A,19890814,43,A092,3,,Andre Agassi,R,180,USA,19.294,7,0,E025,13,,Kelly Evernden,R,175,NZL,27.896,85,0,6-2 3-6 7-5,3,R16,,,,,,,,,,,,,,,,,,,
1989-421,Montreal / Toronto,Hard,56,A,19890814,44,S102,12,,Andrew Sznajder,R,175,CAN,22.223,64,0,C057,5,,Kevin Curren,R,185,USA,31.452,23,0,6-2 2-6 6-3,3,R16,,,,,,,,,,,,,,,,,,,
1989-421,Montreal / Toronto,Hard,56,A,19890814,45,B281,6,,Jay Berger,R,180,USA,22.716,14,0,G013,,,Sammy Giammalva Jr.,R,178,USA,26.393,234,0,6-3 7-5,3,R16,,,,,,,,,,,,,,,,,,,
1989-421,Montreal / Toronto,Hard,56,A,19890814,46,P218,,,Nicolas Pereira,R,188,VEN,18.875,121,0,M041,4,,Tim Mayotte,R,190,USA,29.029,10,0,6-3 1-6 6-3,3,R16,,,,,,,,,,,,,,,,,,,
1989-421,Montreal / Toronto,Hard,56,A,19890814,47,A028,,,Alex Antonitsch,R,188,AUT,23.513,98,0,N109,,,Diego Nargiso,L,188,ITA,19.417,117,0,3-6 6-3 6-3,3,R16,,,,,,,,,,,,,,,,,,,
1989-421,Montreal / Toronto,Hard,56,A,19890814,48,M047,2,,John McEnroe,L,180,USA,30.491,5,0,R016,15,,Richey Reneberg,R,180,USA,23.858,83,0,6-3 7-6,3,R16,,,,,,,,,,,,,,,,,,,
1989-421,Montreal / Toronto,Hard,56,A,19890814,49,L018,1,,Ivan Lendl,R,188,USA,29.437,1,0,C046,,,Grant Connell,L,185,CAN,23.74,130,0,7-6 4-6 6-0,3,QF,,,,,,,,,,,,,,,,,,,
1989-421,Montreal / Toronto,Hard,56,A,19890814,50,A092,3,,Andre Agassi,R,180,USA,19.294,7,0,S102,12,,Andrew Sznajder,R,175,CAN,22.223,64,0,6-1 6-0,3,QF,,,,,,,,,,,,,,,,,,,
1989-421,Montreal / Toronto,Hard,56,A,19890814,51,B281,6,,Jay Berger,R,180,USA,22.716,14,0,P218,,,Nicolas Pereira,R,188,VEN,18.875,121,0,6-7 6-1 6-3,3,QF,,,,,,,,,,,,,,,,,,,
1989-421,Montreal / Toronto,Hard,56,A,19890814,52,M047,2,,John McEnroe,L,180,USA,30.491,5,0,A028,,,Alex Antonitsch,R,188,AUT,23.513,98,0,7-5 2-6 6-3,3,QF,,,,,,,,,,,,,,,,,,,
1989-421,Montreal / Toronto,Hard,56,A,19890814,53,L018,1,,Ivan Lendl,R,188,USA,29.437,1,0,A092,3,,Andre Agassi,R,180,USA,19.294,7,0,6-2 3-6 6-4,3,SF,,,,,,,,,,,,,,,,,,,
1989-421,Montreal / Toronto,Hard,56,A,19890814,54,M047,2,,John McEnroe,L,180,USA,30.491,5,0,B281,6,,Jay Berger,R,180,USA,22.716,14,0,4-6 6-3 6-4,3,SF,,,,,,,,,,,,,,,,,,,
1989-421,Montreal / Toronto,Hard,56,A,19890814,55,L018,1,,Ivan Lendl,R,188,USA,29.437,1,0,M047,2,,John McEnroe,L,180,USA,30.491,5,0,6-1 6-3,3,F,,,,,,,,,,,,,,,,,,,
1989-422,Cincinnati,Hard,64,A,19890814,1,B028,1,,Boris Becker,R,190,GER,21.728,2,0,L013,,,Rick Leach,L,188,USA,24.627,334,0,6-3 7-6,3,R64,,,,,,,,,,,,,,,,,,,
1989-422,Cincinnati,Hard,64,A,19890814,2,M048,,Q,Patrick McEnroe,R,183,USA,23.121,626,0,K171,,Q,Mark Knowles,R,190,BAH,17.944,471,0,6-1 6-0,3,R64,,,,,,,,,,,,,,,,,,,
1989-422,Cincinnati,Hard,64,A,19890814,3,A022,,,Vijay Amritraj,R,193,IND,35.666,218,0,R224,,Q,Maurice Ruah,R,178,VEN,18.483,468,0,6-2 6-1,3,R64,,,,,,,,,,,,,,,,,,,
1989-422,Cincinnati,Hard,64,A,19890814,4,D015,,,Olivier Delaitre,R,170,FRA,22.204,172,0,V037,15,,Alexander Volkov,L,188,RUS,22.45,50,0,7-6 6-1,3,R64,,,,,,,,,,,,,,,,,,,
1989-422,Cincinnati,Hard,64,A,19890814,5,D005,,,Marty Davis,R,183,USA,30.746,106,0,J006,9,,Anders Jarryd,R,180,SWE,28.088,30,0,6-3 4-6 6-3,3,R64,,,,,,,,,,,,,,,,,,,
1989-422,Cincinnati,Hard,64,A,19890814,6,B074,,,Jimmy Brown,R,180,USA,24.296,120,0,R006,,,Olli Rahnasto,R,183,FIN,23.628,127,0,4-1 RET,3,R64,,,,,,,,,,,,,,,,,,,
1989-422,Cincinnati,Hard,64,A,19890814,7,V032,,,Danie Visser,L,180,RSA,28.052,107,0,V008,,,Robert Van't Hof,R,193,USA,30.346,161,0,6-3 3-6 6-2,3,R64,,,,,,,,,,,,,,,,,,,
1989-422,Cincinnati,Hard,64,A,19890814,8,Y017,8,,Jaime Yzaga,R,170,PER,21.81,29,0,M197,,,Nuno Marques,L,190,POR,19.348,164,0,6-3 6-3,3,R64,,,,,,,,,,,,,,,,,,,
1989-422,Cincinnati,Hard,64,A,19890814,9,C274,4,,Michael Chang,R,175,USA,17.476,6,0,B075,,,Neil Broad,R,190,GBR,22.732,173,0,6-1 6-1,3,R64,,,,,,,,,,,,,,,,,,,
1989-422,Cincinnati,Hard,64,A,19890814,10,G039,,,Jim Grabb,R,193,USA,25.333,62,0,F040,,,John Frawley,R,173,AUS,24.112,150,0,6-1 6-3,3,R64,,,,,,,,,,,,,,,,,,,
1989-422,Cincinnati,Hard,64,A,19890814,11,S034,,,Robert Seguso,R,190,USA,26.289,73,0,K021,,,Mark Kratzmann,L,178,AUS,23.244,132,0,6-1 6-2,3,R64,,,,,,,,,,,,,,,,,,,
1989-422,Cincinnati,Hard,64,A,19890814,12,C243,14,,Jim Courier,R,185,USA,18.992,35,0,W019,,,Tim Wilkison,L,180,USA,29.725,93,0,6-2 6-4,3,R64,,,,,,,,,,,,,,,,,,,
1989-422,Cincinnati,Hard,64,A,19890814,13,S402,,,Pete Sampras,R,185,USA,18.007,94,0,F028,11,,John Fitzgerald,R,183,AUS,28.627,31,0,6-4 6-4,3,R64,,,,,,,,,,,,,,,,,,,
1989-422,Cincinnati,Hard,64,A,19890814,14,O009,,,Andrei Olhovskiy,R,185,RUS,23.332,394,0,N016,,,Miguel Nido,R,180,PUR,26.437,181,0,1-6 6-0 6-4,3,R64,,,,,,,,,,,,,,,,,,,
1989-422,Cincinnati,Hard,64,A,19890814,15,S331,,,Jason Stoltenberg,R,185,AUS,19.362,97,0,R042,,WC,John Ross,R,185,USA,25.457,419,0,6-3 6-0,3,R64,,,,,,,,,,,,,,,,,,,
1989-422,Cincinnati,Hard,64,A,19890814,16,G016,5,,Brad Gilbert,R,185,USA,28.014,9,0,M130,,Q,Agustin Moreno,R,180,MEX,22.374,348,0,6-3 6-4,3,R64,,,,,,,,,,,,,,,,,,,
1989-422,Cincinnati,Hard,64,A,19890814,17,K023,6,,Aaron Krickstein,R,183,USA,22.034,13,0,C260,,,Andrei Cherkasov,R,180,RUS,19.113,69,0,6-7 6-4 6-1,3,R64,,,,,,,,,,,,,,,,,,,
1989-422,Cincinnati,Hard,64,A,19890814,18,B322,,,Chris Bailey,R,196,GBR,21.292,138,0,P222,,LL,Mark Petchey,R,183,GBR,19.036,240,0,6-2 7-6,3,R64,,,,,,,,,,,,,,,,,,,
1989-422,Cincinnati,Hard,64,A,19890814,19,P012,,,David Pate,R,183,USA,27.329,137,0,T032,,,Thierry Tulasne,R,178,FRA,26.092,110,0,6-3 6-1,3,R64,,,,,,,,,,,,,,,,,,,
1989-422,Cincinnati,Hard,64,A,19890814,20,G023,12,,Andres Gomez,L,193,ECU,29.462,33,0,M030,,,Wally Masur,R,180,AUS,26.256,68,0,6-4 6-4,3,R64,,,,,,,,,,,,,,,,,,,
1989-422,Cincinnati,Hard,64,A,19890814,21,K133,,,Niclas Kroon,R,183,SWE,23.521,184,0,L044,13,,Peter Lundgren,R,185,SWE,24.539,46,0,7-5 6-2,3,R64,,,,,,,,,,,,,,,,,,,
1989-422,Cincinnati,Hard,64,A,19890814,22,A066,,,Pieter Aldrich,R,180,RSA,23.934,70,0,R159,,Q,Mario Rincon,R,,COL,21.697,641,0,6-1 6-2,3,R64,,,,,,,,,,,,,,,,,,,
1989-422,Cincinnati,Hard,64,A,19890814,23,R029,,,Joey Rive,L,185,USA,26.103,167,0,M032,,,Richard Matuszewski,R,188,USA,24.934,53,0,4-6 6-4 6-2,3,R64,,,,,,,,,,,,,,,,,,,
1989-422,Cincinnati,Hard,64,A,19890814,24,W023,3,,Mats Wilander,R,183,SWE,24.977413,4,0,T004,,Q,Byron Talbot,R,183,RSA,24.912,246,0,6-3 6-2,3,R64,,,,,,,,,,,,,,,,,,,
1989-422,Cincinnati,Hard,64,A,19890814,25,C031,7,,Andrei Chesnokov,R,188,RUS,23.529,17,0,S390,,Q,Sven Salumaa,R,196,USA,22.815,986,0,6-0 7-5,3,R64,,,,,,,,,,,,,,,,,,,
1989-422,Cincinnati,Hard,64,A,19890814,26,M096,,,Gary Muller,L,190,RSA,24.63,89,0,S021,,,Michiel Schapers,R,201,NED,29.843,84,0,6-4 2-6 6-3,3,R64,,,,,,,,,,,,,,,,,,,
1989-422,Cincinnati,Hard,64,A,19890814,27,H206,,Q,Woody Hunt,R,178,USA,22.697,690,0,W026,,,Eric Winogradsky,R,188,FRA,23.313,116,0,6-3 1-6 6-3,3,R64,,,,,,,,,,,,,,,,,,,
1989-422,Cincinnati,Hard,64,A,19890814,28,S101,10,,Jonas Svensson,R,188,SWE,22.815,32,0,A025,,,Matt Anger,R,188,USA,26.152,146,0,6-1 6-3,3,R64,,,,,,,,,,,,,,,,,,,
1989-422,Cincinnati,Hard,64,A,19890814,29,F041,,,Javier Frana,L,185,ARG,22.637,112,0,R043,16,,Derrick Rostagno,R,185,USA,23.803,65,0,3-6 7-5 6-3,3,R64,,,,,,,,,,,,,,,,,,,
1989-422,Cincinnati,Hard,64,A,19890814,30,K024,,,Ramesh Krishnan,R,170,IND,28.192,66,0,S017,,WC,Bill Scanlon,R,185,USA,32.75,235,0,1-6 6-3 7-6,3,R64,,,,,,,,,,,,,,,,,,,
1989-422,Cincinnati,Hard,64,A,19890814,31,P014,,WC,Brad Pearce,R,175,USA,23.4,242,0,R032,,WC,Michael Robertson,R,185,USA,26.119,360,0,3-6 6-4 7-5,3,R64,,,,,,,,,,,,,,,,,,,
1989-422,Cincinnati,Hard,64,A,19890814,32,E004,2,,Stefan Edberg,R,188,SWE,23.567,3,0,M076,,,Barry Moir,R,180,RSA,26.204,205,0,6-4 6-3,3,R64,,,,,,,,,,,,,,,,,,,
1989-422,Cincinnati,Hard,64,A,19890814,33,B028,1,,Boris Becker,R,190,GER,21.728,2,0,M048,,Q,Patrick McEnroe,R,183,USA,23.121,626,0,6-4 6-1,3,R32,,,,,,,,,,,,,,,,,,,
1989-422,Cincinnati,Hard,64,A,19890814,34,A022,,,Vijay Amritraj,R,193,IND,35.666,218,0,D015,,,Olivier Delaitre,R,170,FRA,22.204,172,0,6-3 7-6,3,R32,,,,,,,,,,,,,,,,,,,
1989-422,Cincinnati,Hard,64,A,19890814,35,D005,,,Marty Davis,R,183,USA,30.746,106,0,B074,,,Jimmy Brown,R,180,USA,24.296,120,0,6-3 2-6 6-4,3,R32,,,,,,,,,,,,,,,,,,,
1989-422,Cincinnati,Hard,64,A,19890814,36,Y017,8,,Jaime Yzaga,R,170,PER,21.81,29,0,V032,,,Danie Visser,L,180,RSA,28.052,107,0,6-4 6-2,3,R32,,,,,,,,,,,,,,,,,,,
1989-422,Cincinnati,Hard,64,A,19890814,37,C274,4,,Michael Chang,R,175,USA,17.476,6,0,G039,,,Jim Grabb,R,193,USA,25.333,62,0,6-3 5-7 7-6,3,R32,,,,,,,,,,,,,,,,,,,
1989-422,Cincinnati,Hard,64,A,19890814,38,C243,14,,Jim Courier,R,185,USA,18.992,35,0,S034,,,Robert Seguso,R,190,USA,26.289,73,0,3-6 6-1 6-4,3,R32,,,,,,,,,,,,,,,,,,,
1989-422,Cincinnati,Hard,64,A,19890814,39,S402,,,Pete Sampras,R,185,USA,18.007,94,0,O009,,,Andrei Olhovskiy,R,185,RUS,23.332,394,0,7-5 2-6 6-3,3,R32,,,,,,,,,,,,,,,,,,,
1989-422,Cincinnati,Hard,64,A,19890814,40,G016,5,,Brad Gilbert,R,185,USA,28.014,9,0,S331,,,Jason Stoltenberg,R,185,AUS,19.362,97,0,6-3 6-2,3,R32,,,,,,,,,,,,,,,,,,,
1989-422,Cincinnati,Hard,64,A,19890814,41,K023,6,,Aaron Krickstein,R,183,USA,22.034,13,0,B322,,,Chris Bailey,R,196,GBR,21.292,138,0,6-3 7-5,3,R32,,,,,,,,,,,,,,,,,,,
1989-422,Cincinnati,Hard,64,A,19890814,42,G023,12,,Andres Gomez,L,193,ECU,29.462,33,0,P012,,,David Pate,R,183,USA,27.329,137,0,6-4 6-3,3,R32,,,,,,,,,,,,,,,,,,,
1989-422,Cincinnati,Hard,64,A,19890814,43,K133,,,Niclas Kroon,R,183,SWE,23.521,184,0,A066,,,Pieter Aldrich,R,180,RSA,23.934,70,0,6-3 6-3,3,R32,,,,,,,,,,,,,,,,,,,
1989-422,Cincinnati,Hard,64,A,19890814,44,W023,3,,Mats Wilander,R,183,SWE,24.977413,4,0,R029,,,Joey Rive,L,185,USA,26.103,167,0,6-4 6-4,3,R32,,,,,,,,,,,,,,,,,,,
1989-422,Cincinnati,Hard,64,A,19890814,45,M096,,,Gary Muller,L,190,RSA,24.63,89,0,C031,7,,Andrei Chesnokov,R,188,RUS,23.529,17,0,6-3 6-4,3,R32,,,,,,,,,,,,,,,,,,,
1989-422,Cincinnati,Hard,64,A,19890814,46,S101,10,,Jonas Svensson,R,188,SWE,22.815,32,0,H206,,Q,Woody Hunt,R,178,USA,22.697,690,0,W/O,3,R32,,,,,,,,,,,,,,,,,,,
1989-422,Cincinnati,Hard,64,A,19890814,47,K024,,,Ramesh Krishnan,R,170,IND,28.192,66,0,F041,,,Javier Frana,L,185,ARG,22.637,112,0,4-6 7-6 4-2 RET,3,R32,,,,,,,,,,,,,,,,,,,
1989-422,Cincinnati,Hard,64,A,19890814,48,E004,2,,Stefan Edberg,R,188,SWE,23.567,3,0,P014,,WC,Brad Pearce,R,175,USA,23.4,242,0,6-4 6-1,3,R32,,,,,,,,,,,,,,,,,,,
1989-422,Cincinnati,Hard,64,A,19890814,49,B028,1,,Boris Becker,R,190,GER,21.728,2,0,A022,,,Vijay Amritraj,R,193,IND,35.666,218,0,6-1 6-1,3,R16,,,,,,,,,,,,,,,,,,,
1989-422,Cincinnati,Hard,64,A,19890814,50,Y017,8,,Jaime Yzaga,R,170,PER,21.81,29,0,D005,,,Marty Davis,R,183,USA,30.746,106,0,6-4 2-6 7-6,3,R16,,,,,,,,,,,,,,,,,,,
1989-422,Cincinnati,Hard,64,A,19890814,51,C274,4,,Michael Chang,R,175,USA,17.476,6,0,C243,14,,Jim Courier,R,185,USA,18.992,35,0,6-3 6-3,3,R16,,,,,,,,,,,,,,,,,,,
1989-422,Cincinnati,Hard,64,A,19890814,52,G016,5,,Brad Gilbert,R,185,USA,28.014,9,0,S402,,,Pete Sampras,R,185,USA,18.007,94,0,6-7 6-3 6-4,3,R16,,,,,,,,,,,,,,,,,,,
1989-422,Cincinnati,Hard,64,A,19890814,53,G023,12,,Andres Gomez,L,193,ECU,29.462,33,0,K023,6,,Aaron Krickstein,R,183,USA,22.034,13,0,3-6 6-4 7-5,3,R16,,,,,,,,,,,,,,,,,,,
1989-422,Cincinnati,Hard,64,A,19890814,54,W023,3,,Mats Wilander,R,183,SWE,24.977413,4,0,K133,,,Niclas Kroon,R,183,SWE,23.521,184,0,6-3 6-2,3,R16,,,,,,,,,,,,,,,,,,,
1989-422,Cincinnati,Hard,64,A,19890814,55,S101,10,,Jonas Svensson,R,188,SWE,22.815,32,0,M096,,,Gary Muller,L,190,RSA,24.63,89,0,6-4 6-2,3,R16,,,,,,,,,,,,,,,,,,,
1989-422,Cincinnati,Hard,64,A,19890814,56,E004,2,,Stefan Edberg,R,188,SWE,23.567,3,0,K024,,,Ramesh Krishnan,R,170,IND,28.192,66,0,6-4 3-6 6-4,3,R16,,,,,,,,,,,,,,,,,,,
1989-422,Cincinnati,Hard,64,A,19890814,57,B028,1,,Boris Becker,R,190,GER,21.728,2,0,Y017,8,,Jaime Yzaga,R,170,PER,21.81,29,0,6-1 6-2,3,QF,,,,,,,,,,,,,,,,,,,
1989-422,Cincinnati,Hard,64,A,19890814,58,G016,5,,Brad Gilbert,R,185,USA,28.014,9,0,C274,4,,Michael Chang,R,175,USA,17.476,6,0,3-6 7-6 6-3,3,QF,,,,,,,,,,,,,,,,,,,
1989-422,Cincinnati,Hard,64,A,19890814,59,W023,3,,Mats Wilander,R,183,SWE,24.977413,4,0,G023,12,,Andres Gomez,L,193,ECU,29.462,33,0,6-0 7-6,3,QF,,,,,,,,,,,,,,,,,,,
1989-422,Cincinnati,Hard,64,A,19890814,60,E004,2,,Stefan Edberg,R,188,SWE,23.567,3,0,S101,10,,Jonas Svensson,R,188,SWE,22.815,32,0,6-4 7-6,3,QF,,,,,,,,,,,,,,,,,,,
1989-422,Cincinnati,Hard,64,A,19890814,61,G016,5,,Brad Gilbert,R,185,USA,28.014,9,0,B028,1,,Boris Becker,R,190,GER,21.728,2,0,3-6 6-3 6-4,3,SF,,,,,,,,,,,,,,,,,,,
1989-422,Cincinnati,Hard,64,A,19890814,62,E004,2,,Stefan Edberg,R,188,SWE,23.567,3,0,W023,3,,Mats Wilander,R,183,SWE,24.977413,4,0,7-6 7-6,3,SF,,,,,,,,,,,,,,,,,,,
1989-422,Cincinnati,Hard,64,A,19890814,63,G016,5,,Brad Gilbert,R,185,USA,28.014,9,0,E004,2,,Stefan Edberg,R,188,SWE,23.567,3,0,6-4 2-6 7-6,3,F,,,,,,,,,,,,,,,,,,,
1989-475,San Marino,Clay,32,A,19890821,1,F165,1,,Marcelo Filippini,R,178,URU,22.048,59,0,I003,,,Marcelo Ingaramo,L,178,ARG,26.856,335,0,6-3 6-0,3,R32,,,,,,,,,,,,,,,,,,,
1989-475,San Marino,Clay,32,A,19890821,2,F192,,Q,Renzo Furlan,R,175,ITA,19.264,256,0,A030,,,Roberto Arguello,U,173,ARG,26.278,175,0,2-6 6-2 6-4,3,R32,,,,,,,,,,,,,,,,,,,
1989-475,San Marino,Clay,32,A,19890821,3,C270,,Q,Cristiano Caratti,R,178,ITA,19.244,326,0,R028,,,Guillermo Rivas,R,183,ARG,25.53,217,0,7-6 6-4,3,R32,,,,,,,,,,,,,,,,,,,
1989-475,San Marino,Clay,32,A,19890821,4,A158,,,Jose-Luis Aparisi,R,178,ESP,20.446,224,0,H218,8,,Thomas Haldin,R,185,SWE,24.112,163,0,7-5 6-2,3,R32,,,,,,,,,,,,,,,,,,,
1989-475,San Marino,Clay,32,A,19890821,5,D006,3,,Franco Davin,L,173,ARG,19.608,89,0,S329,,,Cyril Suk,R,180,CZE,22.56,269,0,6-3 3-6 6-1,3,R32,,,,,,,,,,,,,,,,,,,
1989-475,San Marino,Clay,32,A,19890821,6,P206,,,Paolo Pambianco,R,190,ITA,22.114,299,0,F176,,Q,Marco Filippeschi,R,,ITA,22.018,436,0,6-3 4-6 6-4,3,R32,,,,,,,,,,,,,,,,,,,
1989-475,San Marino,Clay,32,A,19890821,7,A040,,,Roberto Azar,L,185,ARG,23.42,159,0,F181,,,Oliver Fuchs,R,180,AUT,18.434,230,0,7-5 6-2,3,R32,,,,,,,,,,,,,,,,,,,
1989-475,San Marino,Clay,32,A,19890821,8,C036,5,,Josef Cihak,R,185,CZE,26.426,127,0,B084,,,Juan Carlos Baguena,R,183,ESP,22.62,248,0,7-5 6-1,3,R32,,,,,,,,,,,,,,,,,,,
1989-475,San Marino,Clay,32,A,19890821,9,L091,,,Stefan Lochbihler,R,180,AUT,23.888,150,0,V098,6,,Andres Vysand,R,180,GER,23.45,120,0,3-6 6-4 6-4,3,R32,,,,,,,,,,,,,,,,,,,
1989-475,San Marino,Clay,32,A,19890821,10,A141,,Q,Jose Francisco Altur,L,190,ESP,21.41,204,0,A172,,,Alejandro Aramburu,R,175,PER,20.515,161,0,6-3 6-4,3,R32,,,,,,,,,,,,,,,,,,,
1989-475,San Marino,Clay,32,A,19890821,11,C035,,,Massimo Cierro,R,173,ITA,25.29,140,0,A018,,,Christer Allgardh,R,190,SWE,22.5,271,0,6-3 1-6 6-3,3,R32,,,,,,,,,,,,,,,,,,,
1989-475,San Marino,Clay,32,A,19890821,12,V034,,,Raul Antonio Viver,L,190,ECU,28.43,294,0,C013,4,,Francesco Cancellotti,R,183,ITA,26.48,132,0,6-4 6-1,3,R32,,,,,,,,,,,,,,,,,,,
1989-475,San Marino,Clay,32,A,19890821,13,C043,,,Simone Colombo,R,180,ITA,25.982,213,0,P037,7,,Claudio Pistolesi,R,180,ITA,21.99,108,0,3-6 7-6 7-6,3,R32,,,,,,,,,,,,,,,,,,,
1989-475,San Marino,Clay,32,A,19890821,14,M063,,,Claudio Mezzadri,R,180,SUI,24.197,212,0,A035,,WC,Pablo Arraya,R,180,PER,27.833,301,0,6-3 6-0,3,R32,,,,,,,,,,,,,,,,,,,
1989-475,San Marino,Clay,32,A,19890821,15,G197,,,Gustavo Giussani,R,180,ARG,21.459,157,0,P235,,WC,Stefano Pescosolido,R,185,ITA,18.19,347,0,6-2 7-5,3,R32,,,,,,,,,,,,,,,,,,,
1989-475,San Marino,Clay,32,A,19890821,16,D044,2,,Lawson Duncan,R,185,USA,24.819,109,0,E061,,,David Engel,R,180,SWE,21.845,211,0,6-3 6-2,3,R32,,,,,,,,,,,,,,,,,,,
1989-475,San Marino,Clay,32,A,19890821,17,F192,,Q,Renzo Furlan,R,175,ITA,19.264,256,0,F165,1,,Marcelo Filippini,R,178,URU,22.048,59,0,3-6 6-4 6-3,3,R16,,,,,,,,,,,,,,,,,,,
1989-475,San Marino,Clay,32,A,19890821,18,A158,,,Jose-Luis Aparisi,R,178,ESP,20.446,224,0,C270,,Q,Cristiano Caratti,R,178,ITA,19.244,326,0,6-4 6-4,3,R16,,,,,,,,,,,,,,,,,,,
1989-475,San Marino,Clay,32,A,19890821,19,D006,3,,Franco Davin,L,173,ARG,19.608,89,0,P206,,,Paolo Pambianco,R,190,ITA,22.114,299,0,4-6 6-2 6-1,3,R16,,,,,,,,,,,,,,,,,,,
1989-475,San Marino,Clay,32,A,19890821,20,A040,,,Roberto Azar,L,185,ARG,23.42,159,0,C036,5,,Josef Cihak,R,185,CZE,26.426,127,0,6-2 6-0,3,R16,,,,,,,,,,,,,,,,,,,
1989-475,San Marino,Clay,32,A,19890821,21,A141,,Q,Jose Francisco Altur,L,190,ESP,21.41,204,0,L091,,,Stefan Lochbihler,R,180,AUT,23.888,150,0,7-6 6-0,3,R16,,,,,,,,,,,,,,,,,,,
1989-475,San Marino,Clay,32,A,19890821,22,C035,,,Massimo Cierro,R,173,ITA,25.29,140,0,V034,,,Raul Antonio Viver,L,190,ECU,28.43,294,0,6-4 7-6,3,R16,,,,,,,,,,,,,,,,,,,
1989-475,San Marino,Clay,32,A,19890821,23,C043,,,Simone Colombo,R,180,ITA,25.982,213,0,M063,,,Claudio Mezzadri,R,180,SUI,24.197,212,0,0-6 6-4 6-2,3,R16,,,,,,,,,,,,,,,,,,,
1989-475,San Marino,Clay,32,A,19890821,24,D044,2,,Lawson Duncan,R,185,USA,24.819,109,0,G197,,,Gustavo Giussani,R,180,ARG,21.459,157,0,7-6 6-7 6-3,3,R16,,,,,,,,,,,,,,,,,,,
1989-475,San Marino,Clay,32,A,19890821,25,A158,,,Jose-Luis Aparisi,R,178,ESP,20.446,224,0,F192,,Q,Renzo Furlan,R,175,ITA,19.264,256,0,6-4 6-4,3,QF,,,,,,,,,,,,,,,,,,,
1989-475,San Marino,Clay,32,A,19890821,26,A040,,,Roberto Azar,L,185,ARG,23.42,159,0,D006,3,,Franco Davin,L,173,ARG,19.608,89,0,W/O,3,QF,,,,,,,,,,,,,,,,,,,
1989-475,San Marino,Clay,32,A,19890821,27,A141,,Q,Jose Francisco Altur,L,190,ESP,21.41,204,0,C035,,,Massimo Cierro,R,173,ITA,25.29,140,0,6-4 3-6 7-5,3,QF,,,,,,,,,,,,,,,,,,,
1989-475,San Marino,Clay,32,A,19890821,28,D044,2,,Lawson Duncan,R,185,USA,24.819,109,0,C043,,,Simone Colombo,R,180,ITA,25.982,213,0,7-5 6-1,3,QF,,,,,,,,,,,,,,,,,,,
1989-475,San Marino,Clay,32,A,19890821,29,A040,,,Roberto Azar,L,185,ARG,23.42,159,0,A158,,,Jose-Luis Aparisi,R,178,ESP,20.446,224,0,6-2 7-5,3,SF,,,,,,,,,,,,,,,,,,,
1989-475,San Marino,Clay,32,A,19890821,30,A141,,Q,Jose Francisco Altur,L,190,ESP,21.41,204,0,D044,2,,Lawson Duncan,R,185,USA,24.819,109,0,6-4 2-6 6-2,3,SF,,,,,,,,,,,,,,,,,,,
1989-475,San Marino,Clay,32,A,19890821,31,A141,,Q,Jose Francisco Altur,L,190,ESP,21.41,204,0,A040,,,Roberto Azar,L,185,ARG,23.42,159,0,6-7 6-4 6-1,3,F,,,,,,,,,,,,,,,,,,,
1989-560,US Open,Hard,128,G,19890828,1,L018,1,,Ivan Lendl,R,188,USA,29.476,1,0,P021,,,Diego Perez,R,178,URU,27.548,127,0,6-1 7-6 6-4,5,R128,,,,,,,,,,,,,,,,,,,
1989-560,US Open,Hard,128,G,19890828,2,F028,,,John Fitzgerald,R,183,AUS,28.665,32,0,K021,,,Mark Kratzmann,L,178,AUS,23.283,137,0,7-6 5-7 7-6 5-7 6-4,5,R128,,,,,,,,,,,,,,,,,,,
1989-560,US Open,Hard,128,G,19890828,3,C243,,,Jim Courier,R,185,USA,19.031,34,0,S101,,,Jonas Svensson,R,188,SWE,22.853,31,0,3-6 7-6 6-2 7-6,5,R128,,,,,,,,,,,,,,,,,,,
1989-560,US Open,Hard,128,G,19890828,4,P233,,WC,Jared Palmer,R,190,USA,18.157,235,0,A031,,,Jimmy Arias,R,175,USA,25.032,100,0,7-5 7-6 6-3,5,R128,,,,,,,,,,,,,,,,,,,
1989-560,US Open,Hard,128,G,19890828,5,T136,,,Jeff Tarango,L,180,USA,20.769,151,0,S351,,,Michael Stich,R,193,GER,20.86,84,0,7-5 6-2 4-6 1-6 6-4,5,R128,,,,,,,,,,,,,,,,,,,
1989-560,US Open,Hard,128,G,19890828,6,S102,,,Andrew Sznajder,R,175,CAN,22.261,53,0,N109,,,Diego Nargiso,L,188,ITA,19.455,107,0,6-4 6-4 4-6 6-1,5,R128,,,,,,,,,,,,,,,,,,,
1989-560,US Open,Hard,128,G,19890828,7,D005,,,Marty Davis,R,183,USA,30.784,97,0,S034,,,Robert Seguso,R,190,USA,26.327,67,0,6-4 7-6 6-4,5,R128,,,,,,,,,,,,,,,,,,,
1989-560,US Open,Hard,128,G,19890828,8,C031,16,,Andrei Chesnokov,R,188,RUS,23.567,18,0,G182,,,Magnus Gustafsson,R,185,SWE,22.65,56,0,3-6 6-1 7-5 6-4,5,R128,,,,,,,,,,,,,,,,,,,
1989-560,US Open,Hard,128,G,19890828,9,M041,9,,Tim Mayotte,R,190,USA,29.068,10,0,F033,,Q,Marc Flur,R,190,USA,27.222,519,0,6-1 6-3 6-2,5,R128,,,,,,,,,,,,,,,,,,,
1989-560,US Open,Hard,128,G,19890828,10,V014,,,Christo Van Rensburg,R,185,RSA,26.847,21,0,C018,,,Johan Carlsson,R,183,SWE,23.578,123,0,6-2 6-2 7-5,5,R128,,,,,,,,,,,,,,,,,,,
1989-560,US Open,Hard,128,G,19890828,11,D044,,,Lawson Duncan,R,185,USA,24.838,103,0,K022,,,Johan Kriek,R,175,USA,31.398,36,0,6-7 6-3 6-2 6-1,5,R128,,,,,,,,,,,,,,,,,,,
1989-560,US Open,Hard,128,G,19890828,12,A006,,,Ronald Agenor,R,180,USA,24.789,38,0,A199,,WC,Chuck Adams,R,185,USA,18.349,357,0,6-3 7-5 7-6,5,R128,,,,,,,,,,,,,,,,,,,
1989-560,US Open,Hard,128,G,19890828,13,A066,,,Pieter Aldrich,R,180,RSA,23.973,75,0,L010,,,Glenn Layendecker,L,185,USA,28.304,77,0,6-1 4-6 4-6 6-3 7-6,5,R128,,,,,,,,,,,,,,,,,,,
1989-560,US Open,Hard,128,G,19890828,14,W124,,WC,MaliVai Washington,R,180,USA,20.189,314,0,B069,,Q,John Boytim,R,175,USA,21.687,474,0,4-6 6-3 6-7 6-3 7-5,5,R128,,,,,,,,,,,,,,,,,,,
1989-560,US Open,Hard,128,G,19890828,15,H029,,,Thomas Hogstedt,R,190,SWE,25.936,116,0,L008,,,Martin Laurendeau,R,190,CAN,25.133,119,0,7-6 6-4 2-6 6-3,5,R128,,,,,,,,,,,,,,,,,,,
1989-560,US Open,Hard,128,G,19890828,16,C274,7,,Michael Chang,R,175,USA,17.514,7,0,W019,,,Tim Wilkison,L,180,USA,29.763,102,0,7-5 6-3 6-2,5,R128,,,,,,,,,,,,,,,,,,,
1989-560,US Open,Hard,128,G,19890828,17,E004,3,,Stefan Edberg,R,188,SWE,23.606,3,0,F041,,,Javier Frana,L,185,ARG,22.675,104,0,7-6 6-2 7-5,5,R128,,,,,,,,,,,,,,,,,,,
1989-560,US Open,Hard,128,G,19890828,18,L044,,,Peter Lundgren,R,185,SWE,24.578,47,0,C006,,Q,Craig Campbell,R,190,RSA,26.114,379,0,6-3 4-6 6-3 3-6 6-1,5,R128,,,,,,,,,,,,,,,,,,,
1989-560,US Open,Hard,128,G,19890828,19,S015,,,Javier Sanchez,R,178,ESP,21.572,44,0,C029,,,Paul Chamberlin,R,178,USA,27.425,50,0,7-6 7-6 6-3,5,R128,,,,,,,,,,,,,,,,,,,
1989-560,US Open,Hard,128,G,19890828,20,S072,,,Milan Srejber,R,203,CZE,25.662,122,0,B051,,Q,Gilad Bloom,L,173,ISR,22.494,149,0,6-2 2-6 7-5 6-3,5,R128,,,,,,,,,,,,,,,,,,,
1989-560,US Open,Hard,128,G,19890828,21,V032,,,Danie Visser,L,180,RSA,28.09,112,0,P218,,,Nicolas Pereira,R,188,VEN,18.913,101,0,3-6 6-1 7-6 3-6 6-4,5,R128,,,,,,,,,,,,,,,,,,,
1989-560,US Open,Hard,128,G,19890828,22,G023,,,Andres Gomez,L,193,ECU,29.5,30,0,F031,,,Jean-Philippe Fleurian,R,185,FRA,23.962,114,0,6-7 6-3 6-2 7-6,5,R128,,,,,,,,,,,,,,,,,,,
1989-560,US Open,Hard,128,G,19890828,23,S380,,Q,Bryan Shelton,R,185,USA,23.682,322,0,P043,,,Jerome Potier,L,180,FRA,27.113,79,0,6-4 7-6 6-3,5,R128,,,,,,,,,,,,,,,,,,,
1989-560,US Open,Hard,128,G,19890828,24,C044,13,,Jimmy Connors,L,178,USA,36.986,15,0,N018,,,Tom Nijssen,R,175,NED,24.906,106,0,6-2 6-1 6-2,5,R128,,,,,,,,,,,,,,,,,,,
1989-560,US Open,Hard,128,G,19890828,25,S014,12,,Emilio Sanchez,R,180,ESP,24.249,14,0,L203,,WC,Donni Leaycraft,R,180,USA,21.112,787,0,6-4 6-2 5-7 6-2,5,R128,,,,,,,,,,,,,,,,,,,
1989-560,US Open,Hard,128,G,19890828,26,C001,,,Darren Cahill,R,185,AUS,23.904,42,0,B074,,,Jimmy Brown,R,180,USA,24.334,113,0,7-5 6-1 6-2,5,R128,,,,,,,,,,,,,,,,,,,
1989-560,US Open,Hard,128,G,19890828,27,G039,,WC,Jim Grabb,R,193,USA,25.372,61,0,S331,,,Jason Stoltenberg,R,185,AUS,19.4,93,0,5-7 7-6 6-3 7-6,5,R128,,,,,,,,,,,,,,,,,,,
1989-560,US Open,Hard,128,G,19890828,28,I034,,,Goran Ivanisevic,L,193,CRO,17.958,49,0,D098,,,Yahiya Doumbia,R,185,SEN,26.01,328,0,6-2 1-6 6-2 6-0,5,R128,,,,,,,,,,,,,,,,,,,
1989-560,US Open,Hard,128,G,19890828,29,J083,,Q,Philip Johnson,R,173,USA,24.961,200,0,M092,,,Cassio Motta,R,180,BRA,29.514,111,0,6-2 7-5 6-2,5,R128,,,,,,,,,,,,,,,,,,,
1989-560,US Open,Hard,128,G,19890828,30,J006,,,Anders Jarryd,R,180,SWE,28.126,48,0,V002,,,Marian Vajda,R,173,SVK,24.43,99,0,7-5 6-4 6-7 6-4,5,R128,,,,,,,,,,,,,,,,,,,
1989-560,US Open,Hard,128,G,19890828,31,B075,,,Neil Broad,R,190,GBR,22.771,205,0,S021,,,Michiel Schapers,R,201,NED,29.881,85,0,6-4 7-6 6-3,5,R128,,,,,,,,,,,,,,,,,,,
1989-560,US Open,Hard,128,G,19890828,32,A092,6,,Andre Agassi,R,180,USA,19.332,6,0,W011,,Q,Robbie Weiss,R,183,USA,22.741,178,0,6-3 7-6 6-0,5,R128,,,,,,,,,,,,,,,,,,,
1989-560,US Open,Hard,128,G,19890828,33,W023,5,,Mats Wilander,R,183,SWE,25.015743,5,0,S055,,,Horst Skoff,R,175,AUT,21.016,29,0,6-1 6-3 6-1,5,R128,,,,,,,,,,,,,,,,,,,
1989-560,US Open,Hard,128,G,19890828,34,S402,,,Pete Sampras,R,185,USA,18.045,91,0,M130,,Q,Agustin Moreno,R,180,MEX,22.412,335,0,6-3 5-7 6-4 6-1,5,R128,,,,,,,,,,,,,,,,,,,
1989-560,US Open,Hard,128,G,19890828,35,D004,,,Scott Davis,R,188,USA,27.003,60,0,M338,,,Shuzo Matsuoka,R,185,JPN,21.81,72,0,7-6 6-4 6-2,5,R128,,,,,,,,,,,,,,,,,,,
1989-560,US Open,Hard,128,G,19890828,36,Y017,,,Jaime Yzaga,R,170,PER,21.848,28,0,Z006,,,Slobodan Zivojinovic,R,198,YUG,26.1,45,0,6-0 4-6 6-4 6-2,5,R128,,,,,,,,,,,,,,,,,,,
1989-560,US Open,Hard,128,G,19890828,37,F029,,WC,Ken Flach,R,185,USA,26.264,269,0,A027,,,Paul Annacone,R,185,USA,26.442,66,0,7-6 2-6 6-4 6-3,5,R128,,,,,,,,,,,,,,,,,,,
1989-560,US Open,Hard,128,G,19890828,38,L013,,WC,Rick Leach,L,188,USA,24.665,345,0,L030,,,Carl Limberger,R,170,AUS,25.593,244,0,5-7 7-5 6-7 6-2 6-2,5,R128,,,,,,,,,,,,,,,,,,,
1989-560,US Open,Hard,128,G,19890828,39,R016,,,Richey Reneberg,R,180,USA,23.896,70,0,A028,,,Alex Antonitsch,R,188,AUT,23.551,74,0,6-4 7-6 6-4,5,R128,,,,,,,,,,,,,,,,,,,
1989-560,US Open,Hard,128,G,19890828,40,B281,11,,Jay Berger,R,180,USA,22.754,13,0,C260,,,Andrei Cherkasov,R,180,RUS,19.151,68,0,6-3 2-6 6-2 6-2,5,R128,,,,,,,,,,,,,,,,,,,
1989-560,US Open,Hard,128,G,19890828,41,K023,14,,Aaron Krickstein,R,183,USA,22.073,16,0,M032,,,Richard Matuszewski,R,188,USA,24.972,55,0,6-3 6-2 6-4,5,R128,,,,,,,,,,,,,,,,,,,
1989-560,US Open,Hard,128,G,19890828,42,M030,,,Wally Masur,R,180,AUS,26.294,76,0,P052,,,Jim Pugh,R,193,USA,25.561,46,0,5-7 4-6 7-5 6-3 7-6,5,R128,,,,,,,,,,,,,,,,,,,
1989-560,US Open,Hard,128,G,19890828,43,S045,,,Leif Shiras,R,183,USA,30.021,88,0,B350,,,Sergi Bruguera,R,188,ESP,18.615,27,0,6-1 2-6 6-3 4-6 6-4,5,R128,,,,,,,,,,,,,,,,,,,
1989-560,US Open,Hard,128,G,19890828,44,V037,,,Alexander Volkov,L,188,RUS,22.489,51,0,R032,,Q,Michael Robertson,R,185,USA,26.157,369,0,6-1 7-6 6-3,5,R128,,,,,,,,,,,,,,,,,,,
1989-560,US Open,Hard,128,G,19890828,45,M064,,,Glenn Michibata,R,175,CAN,27.209,129,0,D040,,,Brad Drewett,L,185,AUS,31.11,108,0,6-1 6-4 6-4,5,R128,,,,,,,,,,,,,,,,,,,
1989-560,US Open,Hard,128,G,19890828,46,N016,,Q,Miguel Nido,R,180,PUR,26.475,182,0,S291,,Q,Richard Schmidt,R,185,USA,24.572,449,0,1-6 3-6 7-5 6-1 6-1,5,R128,,,,,,,,,,,,,,,,,,,
1989-560,US Open,Hard,128,G,19890828,47,H223,,Q,Paul Haarhuis,R,188,NED,23.521,115,0,E025,,,Kelly Evernden,R,175,NZL,27.934,71,0,7-6 3-6 7-6 6-4,5,R128,,,,,,,,,,,,,,,,,,,
1989-560,US Open,Hard,128,G,19890828,48,M047,4,,John McEnroe,L,180,USA,30.53,4,0,W026,,,Eric Winogradsky,R,188,FRA,23.351,128,0,6-1 6-4 6-4,5,R128,,,,,,,,,,,,,,,,,,,
1989-560,US Open,Hard,128,G,19890828,49,W029,,,Todd Witsken,R,183,USA,25.815,63,0,G016,8,,Brad Gilbert,R,185,USA,28.052,8,0,4-6 7-6 4-6 6-3 6-2,5,R128,,,,,,,,,,,,,,,,,,,
1989-560,US Open,Hard,128,G,19890828,50,N022,,,Yannick Noah,R,193,FRA,29.279,23,0,R029,,Q,Joey Rive,L,185,USA,26.141,226,0,6-3 6-2 6-2,5,R128,,,,,,,,,,,,,,,,,,,
1989-560,US Open,Hard,128,G,19890828,51,D015,,,Olivier Delaitre,R,170,FRA,22.242,160,0,C022,,,Dan Cassidy,R,178,USA,28.331,124,0,7-6 7-6 6-1,5,R128,,,,,,,,,,,,,,,,,,,
1989-560,US Open,Hard,128,G,19890828,52,M012,,,Amos Mansdorf,R,175,ISR,23.855,20,0,P045,,Q,Gianluca Pozzi,L,180,ITA,24.197,152,0,3-6 6-2 6-3 6-3,5,R128,,,,,,,,,,,,,,,,,,,
1989-560,US Open,Hard,128,G,19890828,53,W123,,,David Wheaton,R,193,USA,20.238,62,0,M035,,,Luiz Mattar,R,183,BRA,26.029,59,0,6-4 7-6 7-5,5,R128,,,,,,,,,,,,,,,,,,,
1989-560,US Open,Hard,128,G,19890828,54,J004,,,Martin Jaite,R,178,ARG,24.884,19,0,P190,,,Guillermo Perez-Roldan,R,178,ARG,19.855,35,0,7-5 6-3 6-1,5,R128,,,,,,,,,,,,,,,,,,,
1989-560,US Open,Hard,128,G,19890828,55,O009,,Q,Andrei Olhovskiy,R,185,RUS,23.37,388,0,J008,,,Eric Jelen,R,180,GER,24.465,52,0,4-6 4-6 6-2 7-6 6-2,5,R128,,,,,,,,,,,,,,,,,,,
1989-560,US Open,Hard,128,G,19890828,56,M372,10,,Alberto Mancini,R,180,ARG,20.274,12,0,C011,,Q,Jonathan Canter,R,185,USA,24.233,126,0,3-6 2-6 6-3 6-3 6-3,5,R128,,,,,,,,,,,,,,,,,,,
1989-560,US Open,Hard,128,G,19890828,57,S080,15,,Carl-Uwe Steeb,L,180,GER,21.99,17,0,D008,,,Horacio De La Pena,L,180,ARG,23.075,89,0,7-6 6-3 6-1,5,R128,,,,,,,,,,,,,,,,,,,
1989-560,US Open,Hard,128,G,19890828,58,R006,,,Olli Rahnasto,R,183,FIN,23.666,130,0,C009,,,Omar Camporese,R,188,ITA,21.306,54,0,6-4 5-7 4-6 6-3 6-3,5,R128,,,,,,,,,,,,,,,,,,,
1989-560,US Open,Hard,128,G,19890828,59,K016,,,Mark Koevermans,R,185,NED,21.566,83,0,F040,,,John Frawley,R,173,AUS,24.151,213,0,6-3 3-6 7-5 6-4,5,R128,,,,,,,,,,,,,,,,,,,
1989-560,US Open,Hard,128,G,19890828,60,P024,,,Mikael Pernfors,R,173,SWE,26.119,25,0,B401,,WC,Steve Bryan,R,178,USA,19.05,373,0,1-6 4-6 6-2 6-1 6-1,5,R128,,,,,,,,,,,,,,,,,,,
1989-560,US Open,Hard,128,G,19890828,61,M052,,,Miloslav Mecir Sr.,R,190,SVK,25.276,22,0,L009,,,Leonardo Lavalle,L,188,MEX,22.125,94,0,6-7 6-4 6-4 6-3,5,R128,,,,,,,,,,,,,,,,,,,
1989-560,US Open,Hard,128,G,19890828,62,W035,,,Mark Woodforde,L,188,AUS,23.929,81,0,C216,,,Tomas Carbonell,R,178,ESP,21.057,78,0,6-0 6-2 5-7 6-2,5,R128,,,,,,,,,,,,,,,,,,,
1989-560,US Open,Hard,128,G,19890828,63,R043,,,Derrick Rostagno,R,185,USA,23.841,65,0,K024,,,Ramesh Krishnan,R,170,IND,28.23,86,0,7-5 6-3 6-3,5,R128,,,,,,,,,,,,,,,,,,,
1989-560,US Open,Hard,128,G,19890828,64,B028,2,,Boris Becker,R,190,GER,21.766,2,0,P012,,,David Pate,R,183,USA,27.368,138,0,6-1 6-3 6-1,5,R128,,,,,,,,,,,,,,,,,,,
1989-560,US Open,Hard,128,G,19890828,65,L018,1,,Ivan Lendl,R,188,USA,29.476,1,0,F028,,,John Fitzgerald,R,183,AUS,28.665,32,0,6-2 6-1 6-1,5,R64,,,,,,,,,,,,,,,,,,,
1989-560,US Open,Hard,128,G,19890828,66,C243,,,Jim Courier,R,185,USA,19.031,34,0,P233,,WC,Jared Palmer,R,190,USA,18.157,235,0,6-1 6-3 6-3,5,R64,,,,,,,,,,,,,,,,,,,
1989-560,US Open,Hard,128,G,19890828,67,T136,,,Jeff Tarango,L,180,USA,20.769,151,0,S102,,,Andrew Sznajder,R,175,CAN,22.261,53,0,6-3 3-6 6-4 2-6 6-3,5,R64,,,,,,,,,,,,,,,,,,,
1989-560,US Open,Hard,128,G,19890828,68,C031,16,,Andrei Chesnokov,R,188,RUS,23.567,18,0,D005,,,Marty Davis,R,183,USA,30.784,97,0,1-6 6-3 6-3 6-2,5,R64,,,,,,,,,,,,,,,,,,,
1989-560,US Open,Hard,128,G,19890828,69,M041,9,,Tim Mayotte,R,190,USA,29.068,10,0,V014,,,Christo Van Rensburg,R,185,RSA,26.847,21,0,6-2 6-2 7-6,5,R64,,,,,,,,,,,,,,,,,,,
1989-560,US Open,Hard,128,G,19890828,70,A006,,,Ronald Agenor,R,180,USA,24.789,38,0,D044,,,Lawson Duncan,R,185,USA,24.838,103,0,6-4 6-3 6-4,5,R64,,,,,,,,,,,,,,,,,,,
1989-560,US Open,Hard,128,G,19890828,71,A066,,,Pieter Aldrich,R,180,RSA,23.973,75,0,W124,,WC,MaliVai Washington,R,180,USA,20.189,314,0,6-3 7-5 6-2,5,R64,,,,,,,,,,,,,,,,,,,
1989-560,US Open,Hard,128,G,19890828,72,C274,7,,Michael Chang,R,175,USA,17.514,7,0,H029,,,Thomas Hogstedt,R,190,SWE,25.936,116,0,6-1 6-3 6-3,5,R64,,,,,,,,,,,,,,,,,,,
1989-560,US Open,Hard,128,G,19890828,73,E004,3,,Stefan Edberg,R,188,SWE,23.606,3,0,L044,,,Peter Lundgren,R,185,SWE,24.578,47,0,6-2 6-2 6-2,5,R64,,,,,,,,,,,,,,,,,,,
1989-560,US Open,Hard,128,G,19890828,74,S072,,,Milan Srejber,R,203,CZE,25.662,122,0,S015,,,Javier Sanchez,R,178,ESP,21.572,44,0,6-7 7-6 6-4 6-3,5,R64,,,,,,,,,,,,,,,,,,,
1989-560,US Open,Hard,128,G,19890828,75,G023,,,Andres Gomez,L,193,ECU,29.5,30,0,V032,,,Danie Visser,L,180,RSA,28.09,112,0,3-6 6-3 6-4 6-4,5,R64,,,,,,,,,,,,,,,,,,,
1989-560,US Open,Hard,128,G,19890828,76,C044,13,,Jimmy Connors,L,178,USA,36.986,15,0,S380,,Q,Bryan Shelton,R,185,USA,23.682,322,0,6-7 6-2 6-2 6-2,5,R64,,,,,,,,,,,,,,,,,,,
1989-560,US Open,Hard,128,G,19890828,77,S014,12,,Emilio Sanchez,R,180,ESP,24.249,14,0,C001,,,Darren Cahill,R,185,AUS,23.904,42,0,6-3 6-7 6-4 6-4,5,R64,,,,,,,,,,,,,,,,,,,
1989-560,US Open,Hard,128,G,19890828,78,G039,,WC,Jim Grabb,R,193,USA,25.372,61,0,I034,,,Goran Ivanisevic,L,193,CRO,17.958,49,0,6-1 6-4 6-2,5,R64,,,,,,,,,,,,,,,,,,,
1989-560,US Open,Hard,128,G,19890828,79,J083,,Q,Philip Johnson,R,173,USA,24.961,200,0,J006,,,Anders Jarryd,R,180,SWE,28.126,48,0,6-1 2-0 RET,5,R64,,,,,,,,,,,,,,,,,,,
1989-560,US Open,Hard,128,G,19890828,80,A092,6,,Andre Agassi,R,180,USA,19.332,6,0,B075,,,Neil Broad,R,190,GBR,22.771,205,0,6-3 6-2 6-3,5,R64,,,,,,,,,,,,,,,,,,,
1989-560,US Open,Hard,128,G,19890828,81,S402,,,Pete Sampras,R,185,USA,18.045,91,0,W023,5,,Mats Wilander,R,183,SWE,25.015743,5,0,5-7 6-3 1-6 6-1 6-4,5,R64,,,,,,,,,,,,,,,,,,,
1989-560,US Open,Hard,128,G,19890828,82,Y017,,,Jaime Yzaga,R,170,PER,21.848,28,0,D004,,,Scott Davis,R,188,USA,27.003,60,0,6-2 6-1 RET,5,R64,,,,,,,,,,,,,,,,,,,
1989-560,US Open,Hard,128,G,19890828,83,F029,,WC,Ken Flach,R,185,USA,26.264,269,0,L013,,WC,Rick Leach,L,188,USA,24.665,345,0,6-1 6-7 6-7 6-4 6-2,5,R64,,,,,,,,,,,,,,,,,,,
1989-560,US Open,Hard,128,G,19890828,84,B281,11,,Jay Berger,R,180,USA,22.754,13,0,R016,,,Richey Reneberg,R,180,USA,23.896,70,0,6-3 6-2 6-1,5,R64,,,,,,,,,,,,,,,,,,,
1989-560,US Open,Hard,128,G,19890828,85,K023,14,,Aaron Krickstein,R,183,USA,22.073,16,0,M030,,,Wally Masur,R,180,AUS,26.294,76,0,2-6 6-4 7-6 6-3,5,R64,,,,,,,,,,,,,,,,,,,
1989-560,US Open,Hard,128,G,19890828,86,V037,,,Alexander Volkov,L,188,RUS,22.489,51,0,S045,,,Leif Shiras,R,183,USA,30.021,88,0,6-2 6-4 6-4,5,R64,,,,,,,,,,,,,,,,,,,
1989-560,US Open,Hard,128,G,19890828,87,N016,,Q,Miguel Nido,R,180,PUR,26.475,182,0,M064,,,Glenn Michibata,R,175,CAN,27.209,129,0,6-4 4-6 6-4 6-3,5,R64,,,,,,,,,,,,,,,,,,,
1989-560,US Open,Hard,128,G,19890828,88,H223,,Q,Paul Haarhuis,R,188,NED,23.521,115,0,M047,4,,John McEnroe,L,180,USA,30.53,4,0,6-4 4-6 6-3 7-5,5,R64,,,,,,,,,,,,,,,,,,,
1989-560,US Open,Hard,128,G,19890828,89,N022,,,Yannick Noah,R,193,FRA,29.279,23,0,W029,,,Todd Witsken,R,183,USA,25.815,63,0,6-2 6-3 6-4,5,R64,,,,,,,,,,,,,,,,,,,
1989-560,US Open,Hard,128,G,19890828,90,M012,,,Amos Mansdorf,R,175,ISR,23.855,20,0,D015,,,Olivier Delaitre,R,170,FRA,22.242,160,0,6-3 6-4 7-6,5,R64,,,,,,,,,,,,,,,,,,,
1989-560,US Open,Hard,128,G,19890828,91,J004,,,Martin Jaite,R,178,ARG,24.884,19,0,W123,,,David Wheaton,R,193,USA,20.238,62,0,6-2 6-2 7-5,5,R64,,,,,,,,,,,,,,,,,,,
1989-560,US Open,Hard,128,G,19890828,92,M372,10,,Alberto Mancini,R,180,ARG,20.274,12,0,O009,,Q,Andrei Olhovskiy,R,185,RUS,23.37,388,0,6-7 7-6 7-5 7-6,5,R64,,,,,,,,,,,,,,,,,,,
1989-560,US Open,Hard,128,G,19890828,93,S080,15,,Carl-Uwe Steeb,L,180,GER,21.99,17,0,R006,,,Olli Rahnasto,R,183,FIN,23.666,130,0,6-2 6-3 6-3,5,R64,,,,,,,,,,,,,,,,,,,
1989-560,US Open,Hard,128,G,19890828,94,P024,,,Mikael Pernfors,R,173,SWE,26.119,25,0,K016,,,Mark Koevermans,R,185,NED,21.566,83,0,6-2 6-4 6-2,5,R64,,,,,,,,,,,,,,,,,,,
1989-560,US Open,Hard,128,G,19890828,95,M052,,,Miloslav Mecir Sr.,R,190,SVK,25.276,22,0,W035,,,Mark Woodforde,L,188,AUS,23.929,81,0,6-3 6-0 7-6,5,R64,,,,,,,,,,,,,,,,,,,
1989-560,US Open,Hard,128,G,19890828,96,B028,2,,Boris Becker,R,190,GER,21.766,2,0,R043,,,Derrick Rostagno,R,185,USA,23.841,65,0,1-6 6-7 6-3 7-6 6-3,5,R64,,,,,,,,,,,,,,,,,,,
1989-560,US Open,Hard,128,G,19890828,97,L018,1,,Ivan Lendl,R,188,USA,29.476,1,0,C243,,,Jim Courier,R,185,USA,19.031,34,0,6-1 6-2 6-3,5,R32,,,,,,,,,,,,,,,,,,,
1989-560,US Open,Hard,128,G,19890828,98,C031,16,,Andrei Chesnokov,R,188,RUS,23.567,18,0,T136,,,Jeff Tarango,L,180,USA,20.769,151,0,6-4 6-4 6-2,5,R32,,,,,,,,,,,,,,,,,,,
1989-560,US Open,Hard,128,G,19890828,99,M041,9,,Tim Mayotte,R,190,USA,29.068,10,0,A006,,,Ronald Agenor,R,180,USA,24.789,38,0,6-1 7-6 6-3,5,R32,,,,,,,,,,,,,,,,,,,
1989-560,US Open,Hard,128,G,19890828,100,C274,7,,Michael Chang,R,175,USA,17.514,7,0,A066,,,Pieter Aldrich,R,180,RSA,23.973,75,0,6-0 7-6 6-4,5,R32,,,,,,,,,,,,,,,,,,,
1989-560,US Open,Hard,128,G,19890828,101,E004,3,,Stefan Edberg,R,188,SWE,23.606,3,0,S072,,,Milan Srejber,R,203,CZE,25.662,122,0,6-2 1-6 6-2 6-1,5,R32,,,,,,,,,,,,,,,,,,,
1989-560,US Open,Hard,128,G,19890828,102,C044,13,,Jimmy Connors,L,178,USA,36.986,15,0,G023,,,Andres Gomez,L,193,ECU,29.5,30,0,6-1 4-6 6-2 6-0,5,R32,,,,,,,,,,,,,,,,,,,
1989-560,US Open,Hard,128,G,19890828,103,G039,,WC,Jim Grabb,R,193,USA,25.372,61,0,S014,12,,Emilio Sanchez,R,180,ESP,24.249,14,0,4-6 6-3 7-6 6-7 6-4,5,R32,,,,,,,,,,,,,,,,,,,
1989-560,US Open,Hard,128,G,19890828,104,A092,6,,Andre Agassi,R,180,USA,19.332,6,0,J083,,Q,Philip Johnson,R,173,USA,24.961,200,0,6-1 7-5 6-2,5,R32,,,,,,,,,,,,,,,,,,,
1989-560,US Open,Hard,128,G,19890828,105,S402,,,Pete Sampras,R,185,USA,18.045,91,0,Y017,,,Jaime Yzaga,R,170,PER,21.848,28,0,4-6 6-4 6-3 6-2,5,R32,,,,,,,,,,,,,,,,,,,
1989-560,US Open,Hard,128,G,19890828,106,B281,11,,Jay Berger,R,180,USA,22.754,13,0,F029,,WC,Ken Flach,R,185,USA,26.264,269,0,6-7 4-6 6-2 6-3 6-4,5,R32,,,,,,,,,,,,,,,,,,,
1989-560,US Open,Hard,128,G,19890828,107,K023,14,,Aaron Krickstein,R,183,USA,22.073,16,0,V037,,,Alexander Volkov,L,188,RUS,22.489,51,0,3-6 3-6 6-4 6-2 6-3,5,R32,,,,,,,,,,,,,,,,,,,
1989-560,US Open,Hard,128,G,19890828,108,H223,,Q,Paul Haarhuis,R,188,NED,23.521,115,0,N016,,Q,Miguel Nido,R,180,PUR,26.475,182,0,7-5 7-6 6-0,5,R32,,,,,,,,,,,,,,,,,,,
1989-560,US Open,Hard,128,G,19890828,109,N022,,,Yannick Noah,R,193,FRA,29.279,23,0,M012,,,Amos Mansdorf,R,175,ISR,23.855,20,0,3-6 3-6 7-6 7-5 6-2,5,R32,,,,,,,,,,,,,,,,,,,
1989-560,US Open,Hard,128,G,19890828,110,M372,10,,Alberto Mancini,R,180,ARG,20.274,12,0,J004,,,Martin Jaite,R,178,ARG,24.884,19,0,7-5 3-6 6-1 6-4,5,R32,,,,,,,,,,,,,,,,,,,
1989-560,US Open,Hard,128,G,19890828,111,P024,,,Mikael Pernfors,R,173,SWE,26.119,25,0,S080,15,,Carl-Uwe Steeb,L,180,GER,21.99,17,0,7-5 4-6 7-5 6-4,5,R32,,,,,,,,,,,,,,,,,,,
1989-560,US Open,Hard,128,G,19890828,112,B028,2,,Boris Becker,R,190,GER,21.766,2,0,M052,,,Miloslav Mecir Sr.,R,190,SVK,25.276,22,0,6-4 3-6 6-4 6-3,5,R32,,,,,,,,,,,,,,,,,,,
1989-560,US Open,Hard,128,G,19890828,113,L018,1,,Ivan Lendl,R,188,USA,29.476,1,0,C031,16,,Andrei Chesnokov,R,188,RUS,23.567,18,0,6-3 4-6 1-6 6-4 6-3,5,R16,,,,,,,,,,,,,,,,,,,
1989-560,US Open,Hard,128,G,19890828,114,M041,9,,Tim Mayotte,R,190,USA,29.068,10,0,C274,7,,Michael Chang,R,175,USA,17.514,7,0,7-5 6-1 1-6 6-3,5,R16,,,,,,,,,,,,,,,,,,,
1989-560,US Open,Hard,128,G,19890828,115,C044,13,,Jimmy Connors,L,178,USA,36.986,15,0,E004,3,,Stefan Edberg,R,188,SWE,23.606,3,0,6-2 6-3 6-1,5,R16,,,,,,,,,,,,,,,,,,,
1989-560,US Open,Hard,128,G,19890828,116,A092,6,,Andre Agassi,R,180,USA,19.332,6,0,G039,,WC,Jim Grabb,R,193,USA,25.372,61,0,6-1 7-5 6-3,5,R16,,,,,,,,,,,,,,,,,,,
1989-560,US Open,Hard,128,G,19890828,117,B281,11,,Jay Berger,R,180,USA,22.754,13,0,S402,,,Pete Sampras,R,185,USA,18.045,91,0,7-5 6-2 6-1,5,R16,,,,,,,,,,,,,,,,,,,
1989-560,US Open,Hard,128,G,19890828,118,K023,14,,Aaron Krickstein,R,183,USA,22.073,16,0,H223,,Q,Paul Haarhuis,R,188,NED,23.521,115,0,6-2 6-4 7-5,5,R16,,,,,,,,,,,,,,,,,,,
1989-560,US Open,Hard,128,G,19890828,119,N022,,,Yannick Noah,R,193,FRA,29.279,23,0,M372,10,,Alberto Mancini,R,180,ARG,20.274,12,0,6-3 3-6 6-7 6-3 6-3,5,R16,,,,,,,,,,,,,,,,,,,
1989-560,US Open,Hard,128,G,19890828,120,B028,2,,Boris Becker,R,190,GER,21.766,2,0,P024,,,Mikael Pernfors,R,173,SWE,26.119,25,0,5-7 6-3 6-2 6-1,5,R16,,,,,,,,,,,,,,,,,,,
1989-560,US Open,Hard,128,G,19890828,121,L018,1,,Ivan Lendl,R,188,USA,29.476,1,0,M041,9,,Tim Mayotte,R,190,USA,29.068,10,0,6-4 6-0 6-1,5,QF,,,,,,,,,,,,,,,,,,,
1989-560,US Open,Hard,128,G,19890828,122,A092,6,,Andre Agassi,R,180,USA,19.332,6,0,C044,13,,Jimmy Connors,L,178,USA,36.986,15,0,6-1 4-6 0-6 6-3 6-4,5,QF,,,,,,,,,,,,,,,,,,,
1989-560,US Open,Hard,128,G,19890828,123,K023,14,,Aaron Krickstein,R,183,USA,22.073,16,0,B281,11,,Jay Berger,R,180,USA,22.754,13,0,3-6 6-4 6-2 1-0 RET,5,QF,,,,,,,,,,,,,,,,,,,
1989-560,US Open,Hard,128,G,19890828,124,B028,2,,Boris Becker,R,190,GER,21.766,2,0,N022,,,Yannick Noah,R,193,FRA,29.279,23,0,6-3 6-3 6-2,5,QF,,,,,,,,,,,,,,,,,,,
1989-560,US Open,Hard,128,G,19890828,125,L018,1,,Ivan Lendl,R,188,USA,29.476,1,0,A092,6,,Andre Agassi,R,180,USA,19.332,6,0,7-6 6-1 3-6 6-1,5,SF,,,,,,,,,,,,,,,,,,,
1989-560,US Open,Hard,128,G,19890828,126,B028,2,,Boris Becker,R,190,GER,21.766,2,0,K023,14,,Aaron Krickstein,R,183,USA,22.073,16,0,6-4 6-3 6-4,5,SF,,,,,,,,,,,,,,,,,,,
1989-560,US Open,Hard,128,G,19890828,127,B028,2,,Boris Becker,R,190,GER,21.766,2,0,L018,1,,Ivan Lendl,R,188,USA,29.476,1,0,7-6 1-6 6-3 7-6,5,F,,,,,,,,,,,,,,,,,,,
1989-309,Madrid,Clay,32,A,19890911,1,S014,1,,Emilio Sanchez,R,180,ESP,24.287,21,0,N016,,,Miguel Nido,R,180,PUR,26.513,140,0,6-3 3-6 6-3,3,R32,,,,,,,,,,,,,,,,,,,
1989-309,Madrid,Clay,32,A,19890911,2,C024,,,Sergio Casal,R,185,ESP,27.009,189,0,P206,,,Paolo Pambianco,R,190,ITA,22.171,279,0,5-7 7-5 3-0 RET,3,R32,,,,,,,,,,,,,,,,,,,
1989-309,Madrid,Clay,32,A,19890911,3,C038,,Q,Jose Clavet,R,180,ESP,24,205,0,M401,,Q,Federico Mordegan,R,170,ITA,19.608,313,0,6-7 6-4 7-6,3,R32,,,,,,,,,,,,,,,,,,,
1989-309,Madrid,Clay,32,A,19890911,4,C216,7,,Tomas Carbonell,R,178,ESP,21.095,75,0,M412,,,Gabriel Markus,R,180,ARG,19.45,229,0,6-1 4-0 RET,3,R32,,,,,,,,,,,,,,,,,,,
1989-309,Madrid,Clay,32,A,19890911,5,A034,4,,Jordi Arrese,R,175,ESP,25.035,40,0,M069,,,Christian Miniussi,R,185,ARG,22.188,202,0,6-3 4-6 6-1,3,R32,,,,,,,,,,,,,,,,,,,
1989-309,Madrid,Clay,32,A,19890911,6,L202,,WC,German Lopez,R,193,ESP,17.703,481,0,C179,,,Carlos Costa,R,183,ESP,21.388,207,0,6-3 1-6 6-4,3,R32,,,,,,,,,,,,,,,,,,,
1989-309,Madrid,Clay,32,A,19890911,7,F192,,,Renzo Furlan,R,175,ITA,19.321,235,0,M449,,WC,Eduardo Mandarino,R,,ESP,,,,6-0 6-4,3,R32,,,,,,,,,,,,,,,,,,,
1989-309,Madrid,Clay,32,A,19890911,8,M035,6,,Luiz Mattar,R,183,BRA,26.067,60,0,A172,,,Alejandro Aramburu,R,175,PER,20.572,148,0,6-0 6-3,3,R32,,,,,,,,,,,,,,,,,,,
1989-309,Madrid,Clay,32,A,19890911,9,S015,5,,Javier Sanchez,R,178,ESP,21.61,41,0,A158,,,Jose-Luis Aparisi,R,178,ESP,20.504,142,0,6-4 6-4,3,R32,,,,,,,,,,,,,,,,,,,
1989-309,Madrid,Clay,32,A,19890911,10,G028,,Q,Marcos Aurelio Gorriz,L,185,ESP,25.522,375,0,R177,,,Francisco Roig,R,175,ESP,21.446,147,0,5-7 6-1 6-3,3,R32,,,,,,,,,,,,,,,,,,,
1989-309,Madrid,Clay,32,A,19890911,11,S058,,,Tomas Smid,R,190,CZE,33.311,269,0,H218,,,Thomas Haldin,R,185,SWE,24.17,180,0,6-4 6-4,3,R32,,,,,,,,,,,,,,,,,,,
1989-309,Madrid,Clay,32,A,19890911,12,S055,3,,Horst Skoff,R,175,AUT,21.054,28,0,L039,,WC,Jose Lopez-Maeso,R,173,ESP,32.715,298,0,6-3 6-0,3,R32,,,,,,,,,,,,,,,,,,,
1989-309,Madrid,Clay,32,A,19890911,13,P021,8,,Diego Perez,R,178,URU,27.587,130,0,A040,,,Roberto Azar,L,185,ARG,23.477,141,0,6-2 7-6,3,R32,,,,,,,,,,,,,,,,,,,
1989-309,Madrid,Clay,32,A,19890911,14,M130,,Q,Agustin Moreno,R,180,MEX,22.45,334,0,V034,,,Raul Antonio Viver,L,190,ECU,28.487,295,0,7-5 6-3,3,R32,,,,,,,,,,,,,,,,,,,
1989-309,Madrid,Clay,32,A,19890911,15,B084,,,Juan Carlos Baguena,R,183,ESP,22.678,296,0,G197,,,Gustavo Giussani,R,180,ARG,21.517,168,0,6-3 6-2,3,R32,,,,,,,,,,,,,,,,,,,
1989-309,Madrid,Clay,32,A,19890911,16,J004,2,,Martin Jaite,R,178,ARG,24.923,17,0,E061,,,David Engel,R,180,SWE,21.903,208,0,6-3 6-4,3,R32,,,,,,,,,,,,,,,,,,,
1989-309,Madrid,Clay,32,A,19890911,17,C024,,,Sergio Casal,R,185,ESP,27.009,189,0,S014,1,,Emilio Sanchez,R,180,ESP,24.287,21,0,5-7 7-5 6-3,3,R16,,,,,,,,,,,,,,,,,,,
1989-309,Madrid,Clay,32,A,19890911,18,C216,7,,Tomas Carbonell,R,178,ESP,21.095,75,0,C038,,Q,Jose Clavet,R,180,ESP,24,205,0,6-2 6-3,3,R16,,,,,,,,,,,,,,,,,,,
1989-309,Madrid,Clay,32,A,19890911,19,A034,4,,Jordi Arrese,R,175,ESP,25.035,40,0,L202,,WC,German Lopez,R,193,ESP,17.703,481,0,6-3 6-2,3,R16,,,,,,,,,,,,,,,,,,,
1989-309,Madrid,Clay,32,A,19890911,20,M035,6,,Luiz Mattar,R,183,BRA,26.067,60,0,F192,,,Renzo Furlan,R,175,ITA,19.321,235,0,6-2 6-4,3,R16,,,,,,,,,,,,,,,,,,,
1989-309,Madrid,Clay,32,A,19890911,21,S015,5,,Javier Sanchez,R,178,ESP,21.61,41,0,G028,,Q,Marcos Aurelio Gorriz,L,185,ESP,25.522,375,0,6-3 6-3,3,R16,,,,,,,,,,,,,,,,,,,
1989-309,Madrid,Clay,32,A,19890911,22,S055,3,,Horst Skoff,R,175,AUT,21.054,28,0,S058,,,Tomas Smid,R,190,CZE,33.311,269,0,6-4 6-1,3,R16,,,,,,,,,,,,,,,,,,,
1989-309,Madrid,Clay,32,A,19890911,23,P021,8,,Diego Perez,R,178,URU,27.587,130,0,M130,,Q,Agustin Moreno,R,180,MEX,22.45,334,0,6-1 6-3,3,R16,,,,,,,,,,,,,,,,,,,
1989-309,Madrid,Clay,32,A,19890911,24,J004,2,,Martin Jaite,R,178,ARG,24.923,17,0,B084,,,Juan Carlos Baguena,R,183,ESP,22.678,296,0,6-4 6-4,3,R16,,,,,,,,,,,,,,,,,,,
1989-309,Madrid,Clay,32,A,19890911,25,C024,,,Sergio Casal,R,185,ESP,27.009,189,0,C216,7,,Tomas Carbonell,R,178,ESP,21.095,75,0,2-6 7-5 6-3,3,QF,,,,,,,,,,,,,,,,,,,
1989-309,Madrid,Clay,32,A,19890911,26,A034,4,,Jordi Arrese,R,175,ESP,25.035,40,0,M035,6,,Luiz Mattar,R,183,BRA,26.067,60,0,6-4 4-6 6-1,3,QF,,,,,,,,,,,,,,,,,,,
1989-309,Madrid,Clay,32,A,19890911,27,S015,5,,Javier Sanchez,R,178,ESP,21.61,41,0,S055,3,,Horst Skoff,R,175,AUT,21.054,28,0,6-3 2-1 RET,3,QF,,,,,,,,,,,,,,,,,,,
1989-309,Madrid,Clay,32,A,19890911,28,J004,2,,Martin Jaite,R,178,ARG,24.923,17,0,P021,8,,Diego Perez,R,178,URU,27.587,130,0,7-6 6-3,3,QF,,,,,,,,,,,,,,,,,,,
1989-309,Madrid,Clay,32,A,19890911,29,A034,4,,Jordi Arrese,R,175,ESP,25.035,40,0,C024,,,Sergio Casal,R,185,ESP,27.009,189,0,7-5 7-6,3,SF,,,,,,,,,,,,,,,,,,,
1989-309,Madrid,Clay,32,A,19890911,30,J004,2,,Martin Jaite,R,178,ARG,24.923,17,0,S015,5,,Javier Sanchez,R,178,ESP,21.61,41,0,6-4 6-4,3,SF,,,,,,,,,,,,,,,,,,,
1989-309,Madrid,Clay,32,A,19890911,31,J004,2,,Martin Jaite,R,178,ARG,24.923,17,0,A034,4,,Jordi Arrese,R,175,ESP,25.035,40,0,6-3 6-2,3,F,,,,,,,,,,,,,,,,,,,
1989-322,Geneva,Clay,32,A,19890911,1,D190,,Q,Xavier Daufresne,R,193,BEL,20.715,470,0,M372,1,,Alberto Mancini,R,180,ARG,20.312,11,0,5-7 6-4 7-6,3,R32,,,,,,,,,,,,,,,,,,,
1989-322,Geneva,Clay,32,A,19890911,2,M092,,,Cassio Motta,R,180,BRA,29.552,110,0,V098,,,Andres Vysand,R,180,GER,23.507,118,0,6-3 6-4,3,R32,,,,,,,,,,,,,,,,,,,
1989-322,Geneva,Clay,32,A,19890911,3,D044,,,Lawson Duncan,R,185,USA,24.876,98,0,M063,,,Claudio Mezzadri,R,180,SUI,24.255,219,0,7-6 6-1,3,R32,,,,,,,,,,,,,,,,,,,
1989-322,Geneva,Clay,32,A,19890911,4,R214,,WC,Marc Rosset,R,201,SUI,18.845,157,0,F035,7,,Guy Forget,L,190,FRA,24.684,62,0,6-2 6-2,3,R32,,,,,,,,,,,,,,,,,,,
1989-322,Geneva,Clay,32,A,19890911,5,G023,3,,Andres Gomez,L,193,ECU,29.539,30,0,M093,,,Alexander Mronz,R,188,GER,24.43,163,0,6-1 6-1,3,R32,,,,,,,,,,,,,,,,,,,
1989-322,Geneva,Clay,32,A,19890911,6,B035,,,Eduardo Bengoechea,R,185,ARG,30.196,95,0,L043,,,Fernando Luna,R,175,ESP,31.384,116,0,7-5 6-4,3,R32,,,,,,,,,,,,,,,,,,,
1989-322,Geneva,Clay,32,A,19890911,7,J084,,,Lars Jonsson,R,188,SWE,19.209,155,0,B074,,,Jimmy Brown,R,180,USA,24.372,127,0,6-3 6-1,3,R32,,,,,,,,,,,,,,,,,,,
1989-322,Geneva,Clay,32,A,19890911,8,F165,6,,Marcelo Filippini,R,178,URU,22.105,58,0,L091,,,Stefan Lochbihler,R,180,AUT,23.945,146,0,6-3 6-1,3,R32,,,,,,,,,,,,,,,,,,,
1989-322,Geneva,Clay,32,A,19890911,9,A007,,,Juan Aguilera,R,183,ESP,27.474,83,0,I034,5,,Goran Ivanisevic,L,193,CRO,17.996,47,0,6-3 7-6,3,R32,,,,,,,,,,,,,,,,,,,
1989-322,Geneva,Clay,32,A,19890911,10,R023,,,Udo Riglewski,R,185,GER,23.124,135,0,S077,,WC,Roland Stadler,U,178,SUI,30.245,206,0,4-6 7-5 6-2,3,R32,,,,,,,,,,,,,,,,,,,
1989-322,Geneva,Clay,32,A,19890911,11,A030,,,Roberto Arguello,U,173,ARG,26.335,196,0,D008,,,Horacio De La Pena,L,180,ARG,23.113,89,0,2-6 6-0 6-0,3,R32,,,,,,,,,,,,,,,,,,,
1989-322,Geneva,Clay,32,A,19890911,12,P190,4,,Guillermo Perez-Roldan,R,178,ARG,19.893,37,0,T032,,,Thierry Tulasne,R,178,FRA,26.168,111,0,7-5 6-3,3,R32,,,,,,,,,,,,,,,,,,,
1989-322,Geneva,Clay,32,A,19890911,13,Y003,,Q,Francisco Yunis,R,190,ARG,25.081,318,0,O018,8,,Bruno Oresar,R,175,CRO,22.393,66,0,6-2 6-1,3,R32,,,,,,,,,,,,,,,,,,,
1989-322,Geneva,Clay,32,A,19890911,14,O025,,,Marko Ostoja,R,175,CRO,28.893,162,0,L046,,Q,Gustavo Luza,R,185,ARG,26.919,884,0,6-3 0-6 7-6,3,R32,,,,,,,,,,,,,,,,,,,
1989-322,Geneva,Clay,32,A,19890911,15,C250,,Q,Sergio Cortes,R,170,CHI,21.667,496,0,W038,,,Martin Wostenholme,R,183,CAN,26.919,106,0,6-0 3-6 7-5,3,R32,,,,,,,,,,,,,,,,,,,
1989-322,Geneva,Clay,32,A,19890911,16,B040,,,Christian Bergstrom,R,180,SWE,22.149,85,0,B350,2,,Sergi Bruguera,R,188,ESP,18.653,26,0,6-3 0-6 6-2,3,R32,,,,,,,,,,,,,,,,,,,
1989-322,Geneva,Clay,32,A,19890911,17,D190,,Q,Xavier Daufresne,R,193,BEL,20.715,470,0,M092,,,Cassio Motta,R,180,BRA,29.552,110,0,6-2 6-4,3,R16,,,,,,,,,,,,,,,,,,,
1989-322,Geneva,Clay,32,A,19890911,18,R214,,WC,Marc Rosset,R,201,SUI,18.845,157,0,D044,,,Lawson Duncan,R,185,USA,24.876,98,0,6-2 6-3,3,R16,,,,,,,,,,,,,,,,,,,
1989-322,Geneva,Clay,32,A,19890911,19,B035,,,Eduardo Bengoechea,R,185,ARG,30.196,95,0,G023,3,,Andres Gomez,L,193,ECU,29.539,30,0,7-6 4-6 7-5,3,R16,,,,,,,,,,,,,,,,,,,
1989-322,Geneva,Clay,32,A,19890911,20,J084,,,Lars Jonsson,R,188,SWE,19.209,155,0,F165,6,,Marcelo Filippini,R,178,URU,22.105,58,0,6-3 7-5,3,R16,,,,,,,,,,,,,,,,,,,
1989-322,Geneva,Clay,32,A,19890911,21,A007,,,Juan Aguilera,R,183,ESP,27.474,83,0,R023,,,Udo Riglewski,R,185,GER,23.124,135,0,6-1 3-6 6-4,3,R16,,,,,,,,,,,,,,,,,,,
1989-322,Geneva,Clay,32,A,19890911,22,P190,4,,Guillermo Perez-Roldan,R,178,ARG,19.893,37,0,A030,,,Roberto Arguello,U,173,ARG,26.335,196,0,7-6 6-2,3,R16,,,,,,,,,,,,,,,,,,,
1989-322,Geneva,Clay,32,A,19890911,23,Y003,,Q,Francisco Yunis,R,190,ARG,25.081,318,0,O025,,,Marko Ostoja,R,175,CRO,28.893,162,0,7-5 6-3,3,R16,,,,,,,,,,,,,,,,,,,
1989-322,Geneva,Clay,32,A,19890911,24,C250,,Q,Sergio Cortes,R,170,CHI,21.667,496,0,B040,,,Christian Bergstrom,R,180,SWE,22.149,85,0,5-7 6-2 6-1,3,R16,,,,,,,,,,,,,,,,,,,
1989-322,Geneva,Clay,32,A,19890911,25,R214,,WC,Marc Rosset,R,201,SUI,18.845,157,0,D190,,Q,Xavier Daufresne,R,193,BEL,20.715,470,0,6-1 6-2,3,QF,,,,,,,,,,,,,,,,,,,
1989-322,Geneva,Clay,32,A,19890911,26,B035,,,Eduardo Bengoechea,R,185,ARG,30.196,95,0,J084,,,Lars Jonsson,R,188,SWE,19.209,155,0,6-3 6-2,3,QF,,,,,,,,,,,,,,,,,,,
1989-322,Geneva,Clay,32,A,19890911,27,P190,4,,Guillermo Perez-Roldan,R,178,ARG,19.893,37,0,A007,,,Juan Aguilera,R,183,ESP,27.474,83,0,6-0 6-2,3,QF,,,,,,,,,,,,,,,,,,,
1989-322,Geneva,Clay,32,A,19890911,28,Y003,,Q,Francisco Yunis,R,190,ARG,25.081,318,0,C250,,Q,Sergio Cortes,R,170,CHI,21.667,496,0,6-2 1-6 6-3,3,QF,,,,,,,,,,,,,,,,,,,
1989-322,Geneva,Clay,32,A,19890911,29,R214,,WC,Marc Rosset,R,201,SUI,18.845,157,0,B035,,,Eduardo Bengoechea,R,185,ARG,30.196,95,0,6-2 3-6 6-2,3,SF,,,,,,,,,,,,,,,,,,,
1989-322,Geneva,Clay,32,A,19890911,30,P190,4,,Guillermo Perez-Roldan,R,178,ARG,19.893,37,0,Y003,,Q,Francisco Yunis,R,190,ARG,25.081,318,0,6-4 6-3,3,SF,,,,,,,,,,,,,,,,,,,
1989-322,Geneva,Clay,32,A,19890911,31,R214,,WC,Marc Rosset,R,201,SUI,18.845,157,0,P190,4,,Guillermo Perez-Roldan,R,178,ARG,19.893,37,0,6-4 7-5,3,F,,,,,,,,,,,,,,,,,,,
1989-423,Los Angeles,Hard,32,A,19890918,1,C274,1,,Michael Chang,R,175,USA,17.572,6,0,S402,,WC,Pete Sampras,R,185,USA,18.103,56,0,7-6 6-0,3,R32,,,,,,,,,,,,,,,,,,,
1989-423,Los Angeles,Hard,32,A,19890918,2,T125,,Q,Kenny Thorne,R,188,USA,23.65,452,0,L044,,,Peter Lundgren,R,185,SWE,24.635,44,0,2-6 6-3 6-3,3,R32,,,,,,,,,,,,,,,,,,,
1989-423,Los Angeles,Hard,32,A,19890918,3,A031,,Q,Jimmy Arias,R,175,USA,25.09,97,0,A025,,Q,Matt Anger,R,188,USA,26.248,153,0,6-2 6-4,3,R32,,,,,,,,,,,,,,,,,,,
1989-423,Los Angeles,Hard,32,A,19890918,4,C001,,,Darren Cahill,R,185,AUS,23.962,103,0,V014,7,,Christo Van Rensburg,R,185,RSA,26.905,24,0,1-6 7-5 6-1,3,R32,,,,,,,,,,,,,,,,,,,
1989-423,Los Angeles,Hard,32,A,19890918,5,R043,,,Derrick Rostagno,R,185,USA,23.899,101,0,W023,4,,Mats Wilander,R,183,SWE,25.073238,10,0,6-7 7-5 6-2,3,R32,,,,,,,,,,,,,,,,,,,
1989-423,Los Angeles,Hard,32,A,19890918,6,D004,,,Scott Davis,R,188,USA,27.061,57,0,M064,,Q,Glenn Michibata,R,175,CAN,27.266,116,0,6-3 6-2,3,R32,,,,,,,,,,,,,,,,,,,
1989-423,Los Angeles,Hard,32,A,19890918,7,W123,,,David Wheaton,R,193,USA,20.296,60,0,A027,,,Paul Annacone,R,185,USA,26.5,68,0,7-6 6-1,3,R32,,,,,,,,,,,,,,,,,,,
1989-423,Los Angeles,Hard,32,A,19890918,8,C057,6,,Kevin Curren,R,185,USA,31.548,23,0,C029,,,Paul Chamberlin,R,178,USA,27.483,54,0,1-6 6-1 6-2,3,R32,,,,,,,,,,,,,,,,,,,
1989-423,Los Angeles,Hard,32,A,19890918,9,K023,5,,Aaron Krickstein,R,183,USA,22.13,16,0,F028,,,John Fitzgerald,R,183,AUS,28.723,31,0,7-5 6-2,3,R32,,,,,,,,,,,,,,,,,,,
1989-423,Los Angeles,Hard,32,A,19890918,10,A006,,,Ronald Agenor,R,180,USA,24.846,41,0,E025,,,Kelly Evernden,R,175,NZL,27.992,65,0,7-6 4-6 6-2,3,R32,,,,,,,,,,,,,,,,,,,
1989-423,Los Angeles,Hard,32,A,19890918,11,A066,,,Pieter Aldrich,R,180,RSA,24.03,69,0,C243,,,Jim Courier,R,185,USA,19.088,32,0,4-6 6-3 6-1,3,R32,,,,,,,,,,,,,,,,,,,
1989-423,Los Angeles,Hard,32,A,19890918,12,S102,,,Andrew Sznajder,R,175,CAN,22.319,55,0,M041,3,,Tim Mayotte,R,190,USA,29.125,8,0,6-4 3-6 7-5,3,R32,,,,,,,,,,,,,,,,,,,
1989-423,Los Angeles,Hard,32,A,19890918,13,P024,8,,Mikael Pernfors,R,173,SWE,26.177,25,0,W035,,,Mark Woodforde,L,188,AUS,23.986,100,0,4-6 6-3 6-4,3,R32,,,,,,,,,,,,,,,,,,,
1989-423,Los Angeles,Hard,32,A,19890918,14,Z006,,WC,Slobodan Zivojinovic,R,198,YUG,26.157,42,0,P052,,,Jim Pugh,R,193,USA,25.618,43,0,6-2 2-6 7-6,3,R32,,,,,,,,,,,,,,,,,,,
1989-423,Los Angeles,Hard,32,A,19890918,15,J006,,,Anders Jarryd,R,180,SWE,28.183,51,0,R016,,,Richey Reneberg,R,180,USA,23.953,63,0,7-6 6-2,3,R32,,,,,,,,,,,,,,,,,,,
1989-423,Los Angeles,Hard,32,A,19890918,16,G016,2,,Brad Gilbert,R,185,USA,28.11,7,0,P012,,WC,David Pate,R,183,USA,27.425,148,0,7-5 6-2,3,R32,,,,,,,,,,,,,,,,,,,
1989-423,Los Angeles,Hard,32,A,19890918,17,C274,1,,Michael Chang,R,175,USA,17.572,6,0,T125,,Q,Kenny Thorne,R,188,USA,23.65,452,0,6-1 6-1,3,R16,,,,,,,,,,,,,,,,,,,
1989-423,Los Angeles,Hard,32,A,19890918,18,C001,,,Darren Cahill,R,185,AUS,23.962,103,0,A031,,Q,Jimmy Arias,R,175,USA,25.09,97,0,6-3 6-2,3,R16,,,,,,,,,,,,,,,,,,,
1989-423,Los Angeles,Hard,32,A,19890918,19,D004,,,Scott Davis,R,188,USA,27.061,57,0,R043,,,Derrick Rostagno,R,185,USA,23.899,101,0,6-7 7-6 6-2,3,R16,,,,,,,,,,,,,,,,,,,
1989-423,Los Angeles,Hard,32,A,19890918,20,C057,6,,Kevin Curren,R,185,USA,31.548,23,0,W123,,,David Wheaton,R,193,USA,20.296,60,0,3-6 6-3 7-6,3,R16,,,,,,,,,,,,,,,,,,,
1989-423,Los Angeles,Hard,32,A,19890918,21,K023,5,,Aaron Krickstein,R,183,USA,22.13,16,0,A006,,,Ronald Agenor,R,180,USA,24.846,41,0,6-1 6-4,3,R16,,,,,,,,,,,,,,,,,,,
1989-423,Los Angeles,Hard,32,A,19890918,22,S102,,,Andrew Sznajder,R,175,CAN,22.319,55,0,A066,,,Pieter Aldrich,R,180,RSA,24.03,69,0,6-1 6-4,3,R16,,,,,,,,,,,,,,,,,,,
1989-423,Los Angeles,Hard,32,A,19890918,23,P024,8,,Mikael Pernfors,R,173,SWE,26.177,25,0,Z006,,WC,Slobodan Zivojinovic,R,198,YUG,26.157,42,0,6-3 6-0,3,R16,,,,,,,,,,,,,,,,,,,
1989-423,Los Angeles,Hard,32,A,19890918,24,G016,2,,Brad Gilbert,R,185,USA,28.11,7,0,J006,,,Anders Jarryd,R,180,SWE,28.183,51,0,6-2 7-6,3,R16,,,,,,,,,,,,,,,,,,,
1989-423,Los Angeles,Hard,32,A,19890918,25,C274,1,,Michael Chang,R,175,USA,17.572,6,0,C001,,,Darren Cahill,R,185,AUS,23.962,103,0,6-1 6-3,3,QF,,,,,,,,,,,,,,,,,,,
1989-423,Los Angeles,Hard,32,A,19890918,26,D004,,,Scott Davis,R,188,USA,27.061,57,0,C057,6,,Kevin Curren,R,185,USA,31.548,23,0,3-6 7-6 7-5,3,QF,,,,,,,,,,,,,,,,,,,
1989-423,Los Angeles,Hard,32,A,19890918,27,K023,5,,Aaron Krickstein,R,183,USA,22.13,16,0,S102,,,Andrew Sznajder,R,175,CAN,22.319,55,0,6-0 6-3,3,QF,,,,,,,,,,,,,,,,,,,
1989-423,Los Angeles,Hard,32,A,19890918,28,G016,2,,Brad Gilbert,R,185,USA,28.11,7,0,P024,8,,Mikael Pernfors,R,173,SWE,26.177,25,0,6-4 6-1,3,QF,,,,,,,,,,,,,,,,,,,
1989-423,Los Angeles,Hard,32,A,19890918,29,C274,1,,Michael Chang,R,175,USA,17.572,6,0,D004,,,Scott Davis,R,188,USA,27.061,57,0,6-4 6-4,3,SF,,,,,,,,,,,,,,,,,,,
1989-423,Los Angeles,Hard,32,A,19890918,30,K023,5,,Aaron Krickstein,R,183,USA,22.13,16,0,G016,2,,Brad Gilbert,R,185,USA,28.11,7,0,1-6 7-6 6-2,3,SF,,,,,,,,,,,,,,,,,,,
1989-423,Los Angeles,Hard,32,A,19890918,31,K023,5,,Aaron Krickstein,R,183,USA,22.13,16,0,C274,1,,Michael Chang,R,175,USA,17.572,6,0,2-6 6-4 6-2,3,F,,,,,,,,,,,,,,,,,,,
1989-425,Barcelona,Clay,56,A,19890918,1,S015,,,Javier Sanchez,R,178,ESP,21.629,36,0,V002,,,Marian Vajda,R,173,SVK,24.487,96,0,6-0 6-2,3,R64,,,,,,,,,,,,,,,,,,,
1989-425,Barcelona,Clay,56,A,19890918,2,D044,,,Lawson Duncan,R,185,USA,24.895,98,0,A158,,Q,Jose-Luis Aparisi,R,178,ESP,20.523,142,0,6-3 4-6 6-4,3,R64,,,,,,,,,,,,,,,,,,,
1989-425,Barcelona,Clay,56,A,19890918,3,A034,16,,Jordi Arrese,R,175,ESP,25.054,38,0,I034,,,Goran Ivanisevic,L,193,CRO,18.015,49,0,6-1 6-3,3,R64,,,,,,,,,,,,,,,,,,,
1989-425,Barcelona,Clay,56,A,19890918,4,F165,,,Marcelo Filippini,R,178,URU,22.125,77,0,C012,9,,Paolo Cane,R,180,ITA,24.444,26,0,6-2 6-4,3,R64,,,,,,,,,,,,,,,,,,,
1989-425,Barcelona,Clay,56,A,19890918,5,B037,,Q,Tarik Benhabiles,R,175,FRA,24.616,271,0,M035,,,Luiz Mattar,R,183,BRA,26.086,58,0,6-2 7-6,3,R64,,,,,,,,,,,,,,,,,,,
1989-425,Barcelona,Clay,56,A,19890918,6,C216,,,Tomas Carbonell,R,178,ESP,21.114,64,0,C036,,,Josef Cihak,R,185,CZE,26.502,149,0,4-6 6-1 6-0,3,R64,,,,,,,,,,,,,,,,,,,
1989-425,Barcelona,Clay,56,A,19890918,7,C250,,Q,Sergio Cortes,R,170,CHI,21.687,359,0,M092,,,Cassio Motta,R,180,BRA,29.572,107,0,6-3 6-2,3,R64,,,,,,,,,,,,,,,,,,,
1989-425,Barcelona,Clay,56,A,19890918,8,N025,,,Karel Novacek,R,190,CZE,24.471,61,0,A040,,,Roberto Azar,L,185,ARG,23.496,144,0,6-7 6-3 8-6,3,R64,,,,,,,,,,,,,,,,,,,
1989-425,Barcelona,Clay,56,A,19890918,9,P050,13,,Goran Prpic,R,180,CRO,25.374,34,0,G182,,,Magnus Gustafsson,R,185,SWE,22.708,84,0,6-3 6-3,3,R64,,,,,,,,,,,,,,,,,,,
1989-425,Barcelona,Clay,56,A,19890918,10,G023,12,,Andres Gomez,L,193,ECU,29.558,30,0,D012,,WC,David De Miguel,R,175,ESP,24.611,289,0,6-4 6-4,3,R64,,,,,,,,,,,,,,,,,,,
1989-425,Barcelona,Clay,56,A,19890918,11,C024,,,Sergio Casal,R,185,ESP,27.028,179,0,R023,,,Udo Riglewski,R,185,GER,23.143,138,0,6-1 6-4,3,R64,,,,,,,,,,,,,,,,,,,
1989-425,Barcelona,Clay,56,A,19890918,12,R177,,WC,Francisco Roig,R,175,ESP,21.465,146,0,O018,,,Bruno Oresar,R,175,CRO,22.412,81,0,6-0 6-1,3,R64,,,,,,,,,,,,,,,,,,,
1989-425,Barcelona,Clay,56,A,19890918,13,N109,,,Diego Nargiso,L,188,ITA,19.513,128,0,B074,,,Jimmy Brown,R,180,USA,24.392,127,0,7-6 6-1,3,R64,,,,,,,,,,,,,,,,,,,
1989-425,Barcelona,Clay,56,A,19890918,14,P021,,,Diego Perez,R,178,URU,27.606,118,0,P043,,,Jerome Potier,L,180,FRA,27.17,88,0,6-2 0-6 6-2,3,R64,,,,,,,,,,,,,,,,,,,
1989-425,Barcelona,Clay,56,A,19890918,15,C013,,,Francesco Cancellotti,R,183,ITA,26.557,141,0,Y017,11,,Jaime Yzaga,R,170,PER,21.906,29,0,6-0 6-3,3,R64,,,,,,,,,,,,,,,,,,,
1989-425,Barcelona,Clay,56,A,19890918,16,P190,14,,Guillermo Perez-Roldan,R,178,ARG,19.912,35,0,A141,,Q,Jose Francisco Altur,L,190,ESP,21.487,115,0,6-1 6-0,3,R64,,,,,,,,,,,,,,,,,,,
1989-425,Barcelona,Clay,56,A,19890918,17,J084,,,Lars Jonsson,R,188,SWE,19.228,129,0,G028,,Q,Marcos Aurelio Gorriz,L,185,ESP,25.541,323,0,7-6 1-6 6-2,3,R64,,,,,,,,,,,,,,,,,,,
1989-425,Barcelona,Clay,56,A,19890918,18,R191,,Q,Nicolas Romero,R,,ESP,,439,0,A039,,WC,Juan Avendano,R,178,ESP,28.635,635,0,6-1 6-2,3,R64,,,,,,,,,,,,,,,,,,,
1989-425,Barcelona,Clay,56,A,19890918,19,A007,,,Juan Aguilera,R,183,ESP,27.493,70,0,Y003,,,Francisco Yunis,R,190,ARG,25.101,201,0,7-5 6-3,3,R64,,,,,,,,,,,,,,,,,,,
1989-425,Barcelona,Clay,56,A,19890918,20,L043,,,Fernando Luna,R,175,ESP,31.403,125,0,H218,,,Thomas Haldin,R,185,SWE,24.189,181,0,7-5 7-6,3,R64,,,,,,,,,,,,,,,,,,,
1989-425,Barcelona,Clay,56,A,19890918,21,S055,10,,Horst Skoff,R,175,AUT,21.073,28,0,B035,,,Eduardo Bengoechea,R,185,ARG,30.215,78,0,6-0 6-7 6-1,3,R64,,,,,,,,,,,,,,,,,,,
1989-425,Barcelona,Clay,56,A,19890918,22,L014,15,,Henri Leconte,L,185,FRA,26.209,46,0,L202,,WC,German Lopez,R,193,ESP,17.722,470,0,7-6 6-7 6-2,3,R64,,,,,,,,,,,,,,,,,,,
1989-425,Barcelona,Clay,56,A,19890918,23,C179,,,Carlos Costa,R,183,ESP,21.407,205,0,S328,,,Martin Strelba,R,190,CZE,22.494,74,0,1-6 6-0 6-4,3,R64,,,,,,,,,,,,,,,,,,,
1989-425,Barcelona,Clay,56,A,19890918,24,M130,,Q,Agustin Moreno,R,180,MEX,22.47,318,0,T032,,,Thierry Tulasne,R,178,FRA,26.188,111,0,4-6 6-1 6-4,3,R64,,,,,,,,,,,,,,,,,,,
1989-425,Barcelona,Clay,56,A,19890918,25,L018,1,,Ivan Lendl,R,188,USA,29.533,1,0,S015,,,Javier Sanchez,R,178,ESP,21.629,36,0,6-3 6-7 6-3,3,R32,,,,,,,,,,,,,,,,,,,
1989-425,Barcelona,Clay,56,A,19890918,26,A034,16,,Jordi Arrese,R,175,ESP,25.054,38,0,D044,,,Lawson Duncan,R,185,USA,24.895,98,0,7-6 6-2,3,R32,,,,,,,,,,,,,,,,,,,
1989-425,Barcelona,Clay,56,A,19890918,27,F165,,,Marcelo Filippini,R,178,URU,22.125,77,0,B037,,Q,Tarik Benhabiles,R,175,FRA,24.616,271,0,6-4 6-3,3,R32,,,,,,,,,,,,,,,,,,,
1989-425,Barcelona,Clay,56,A,19890918,28,B350,8,,Sergi Bruguera,R,188,ESP,18.672,27,0,C216,,,Tomas Carbonell,R,178,ESP,21.114,64,0,6-1 4-6 6-3,3,R32,,,,,,,,,,,,,,,,,,,
1989-425,Barcelona,Clay,56,A,19890918,29,J004,4,,Martin Jaite,R,178,ARG,24.942,13,0,C250,,Q,Sergio Cortes,R,170,CHI,21.687,359,0,2-6 6-3 6-3,3,R32,,,,,,,,,,,,,,,,,,,
1989-425,Barcelona,Clay,56,A,19890918,30,P050,13,,Goran Prpic,R,180,CRO,25.374,34,0,N025,,,Karel Novacek,R,190,CZE,24.471,61,0,6-2 6-3,3,R32,,,,,,,,,,,,,,,,,,,
1989-425,Barcelona,Clay,56,A,19890918,31,G023,12,,Andres Gomez,L,193,ECU,29.558,30,0,C024,,,Sergio Casal,R,185,ESP,27.028,179,0,6-4 6-4,3,R32,,,,,,,,,,,,,,,,,,,
1989-425,Barcelona,Clay,56,A,19890918,32,S014,6,,Emilio Sanchez,R,180,ESP,24.307,21,0,R177,,WC,Francisco Roig,R,175,ESP,21.465,146,0,5-7 6-3 5-2 RET,3,R32,,,,,,,,,,,,,,,,,,,
1989-425,Barcelona,Clay,56,A,19890918,33,S080,5,,Carl-Uwe Steeb,L,180,GER,22.048,20,0,N109,,,Diego Nargiso,L,188,ITA,19.513,128,0,1-6 6-1 10-8,3,R32,,,,,,,,,,,,,,,,,,,
1989-425,Barcelona,Clay,56,A,19890918,34,P021,,,Diego Perez,R,178,URU,27.606,118,0,C013,,,Francesco Cancellotti,R,183,ITA,26.557,141,0,7-6 2-6 6-2,3,R32,,,,,,,,,,,,,,,,,,,
1989-425,Barcelona,Clay,56,A,19890918,35,J084,,,Lars Jonsson,R,188,SWE,19.228,129,0,P190,14,,Guillermo Perez-Roldan,R,178,ARG,19.912,35,0,6-3 4-6 7-5,3,R32,,,,,,,,,,,,,,,,,,,
1989-425,Barcelona,Clay,56,A,19890918,36,M372,3,,Alberto Mancini,R,180,ARG,20.331,11,0,R191,,Q,Nicolas Romero,R,,ESP,,439,0,6-1 6-4,3,R32,,,,,,,,,,,,,,,,,,,
1989-425,Barcelona,Clay,56,A,19890918,37,A007,,,Juan Aguilera,R,183,ESP,27.493,70,0,M052,7,,Miloslav Mecir Sr.,R,190,SVK,25.333,22,0,6-3 7-5,3,R32,,,,,,,,,,,,,,,,,,,
1989-425,Barcelona,Clay,56,A,19890918,38,S055,10,,Horst Skoff,R,175,AUT,21.073,28,0,L043,,,Fernando Luna,R,175,ESP,31.403,125,0,6-0 4-0 RET,3,R32,,,,,,,,,,,,,,,,,,,
1989-425,Barcelona,Clay,56,A,19890918,39,L014,15,,Henri Leconte,L,185,FRA,26.209,46,0,C179,,,Carlos Costa,R,183,ESP,21.407,205,0,6-0 6-3,3,R32,,,,,,,,,,,,,,,,,,,
1989-425,Barcelona,Clay,56,A,19890918,40,M099,2,,Thomas Muster,L,180,AUT,21.963,15,0,M130,,Q,Agustin Moreno,R,180,MEX,22.47,318,0,6-4 6-2,3,R32,,,,,,,,,,,,,,,,,,,
1989-425,Barcelona,Clay,56,A,19890918,41,L018,1,,Ivan Lendl,R,188,USA,29.533,1,0,A034,16,,Jordi Arrese,R,175,ESP,25.054,38,0,2-6 6-2 6-3,3,R16,,,,,,,,,,,,,,,,,,,
1989-425,Barcelona,Clay,56,A,19890918,42,F165,,,Marcelo Filippini,R,178,URU,22.125,77,0,B350,8,,Sergi Bruguera,R,188,ESP,18.672,27,0,4-6 7-6 6-0,3,R16,,,,,,,,,,,,,,,,,,,
1989-425,Barcelona,Clay,56,A,19890918,43,J004,4,,Martin Jaite,R,178,ARG,24.942,13,0,P050,13,,Goran Prpic,R,180,CRO,25.374,34,0,2-6 6-2 6-4,3,R16,,,,,,,,,,,,,,,,,,,
1989-425,Barcelona,Clay,56,A,19890918,44,G023,12,,Andres Gomez,L,193,ECU,29.558,30,0,S014,6,,Emilio Sanchez,R,180,ESP,24.307,21,0,6-4 6-3,3,R16,,,,,,,,,,,,,,,,,,,
1989-425,Barcelona,Clay,56,A,19890918,45,S080,5,,Carl-Uwe Steeb,L,180,GER,22.048,20,0,P021,,,Diego Perez,R,178,URU,27.606,118,0,6-2 6-2,3,R16,,,,,,,,,,,,,,,,,,,
1989-425,Barcelona,Clay,56,A,19890918,46,M372,3,,Alberto Mancini,R,180,ARG,20.331,11,0,J084,,,Lars Jonsson,R,188,SWE,19.228,129,0,6-3 6-4,3,R16,,,,,,,,,,,,,,,,,,,
1989-425,Barcelona,Clay,56,A,19890918,47,S055,10,,Horst Skoff,R,175,AUT,21.073,28,0,A007,,,Juan Aguilera,R,183,ESP,27.493,70,0,6-2 6-4,3,R16,,,,,,,,,,,,,,,,,,,
1989-425,Barcelona,Clay,56,A,19890918,48,M099,2,,Thomas Muster,L,180,AUT,21.963,15,0,L014,15,,Henri Leconte,L,185,FRA,26.209,46,0,6-2 6-2,3,R16,,,,,,,,,,,,,,,,,,,
1989-425,Barcelona,Clay,56,A,19890918,49,L018,1,,Ivan Lendl,R,188,USA,29.533,1,0,F165,,,Marcelo Filippini,R,178,URU,22.125,77,0,6-4 7-6,3,QF,,,,,,,,,,,,,,,,,,,
1989-425,Barcelona,Clay,56,A,19890918,50,G023,12,,Andres Gomez,L,193,ECU,29.558,30,0,J004,4,,Martin Jaite,R,178,ARG,24.942,13,0,6-7 6-4 6-3,3,QF,,,,,,,,,,,,,,,,,,,
1989-425,Barcelona,Clay,56,A,19890918,51,M372,3,,Alberto Mancini,R,180,ARG,20.331,11,0,S080,5,,Carl-Uwe Steeb,L,180,GER,22.048,20,0,4-6 6-4 12-10,3,QF,,,,,,,,,,,,,,,,,,,
1989-425,Barcelona,Clay,56,A,19890918,52,S055,10,,Horst Skoff,R,175,AUT,21.073,28,0,M099,2,,Thomas Muster,L,180,AUT,21.963,15,0,6-4 6-3,3,QF,,,,,,,,,,,,,,,,,,,
1989-425,Barcelona,Clay,56,A,19890918,53,G023,12,,Andres Gomez,L,193,ECU,29.558,30,0,L018,1,,Ivan Lendl,R,188,USA,29.533,1,0,1-6 7-6 9-7,3,SF,,,,,,,,,,,,,,,,,,,
1989-425,Barcelona,Clay,56,A,19890918,54,S055,10,,Horst Skoff,R,175,AUT,21.073,28,0,M372,3,,Alberto Mancini,R,180,ARG,20.331,11,0,1-6 6-2 6-3,3,SF,,,,,,,,,,,,,,,,,,,
1989-425,Barcelona,Clay,56,A,19890918,55,G023,12,,Andres Gomez,L,193,ECU,29.558,30,0,S055,10,,Horst Skoff,R,175,AUT,21.073,28,0,6-4 6-4 6-2,5,F,,,,,,,,,,,,,,,,,,,
1989-323,Bordeaux,Clay,32,A,19890925,1,L018,1,,Ivan Lendl,R,188,USA,29.552,1,0,N025,,,Karel Novacek,R,190,CZE,24.49,63,0,7-6 6-7 6-1,3,R32,,,,,,,,,,,,,,,,,,,
1989-323,Bordeaux,Clay,32,A,19890925,2,D044,,,Lawson Duncan,R,185,USA,24.914,98,0,V098,,,Andres Vysand,R,180,GER,23.546,125,0,6-1 6-1,3,R32,,,,,,,,,,,,,,,,,,,
1989-323,Bordeaux,Clay,32,A,19890925,3,B074,,,Jimmy Brown,R,180,USA,24.411,132,0,B035,,,Eduardo Bengoechea,R,185,ARG,30.234,97,0,7-6 6-1,3,R32,,,,,,,,,,,,,,,,,,,
1989-323,Bordeaux,Clay,32,A,19890925,4,L014,8,,Henri Leconte,L,185,FRA,26.229,42,0,B053,,WC,Arnaud Boetsch,R,183,FRA,20.485,253,0,6-2 6-2,3,R32,,,,,,,,,,,,,,,,,,,
1989-323,Bordeaux,Clay,32,A,19890925,5,Y017,4,,Jaime Yzaga,R,170,PER,21.925,29,0,S424,,WC,Fabrice Santoro,R,178,FRA,16.794,309,0,6-4 7-6,3,R32,,,,,,,,,,,,,,,,,,,
1989-323,Bordeaux,Clay,32,A,19890925,6,A007,,,Juan Aguilera,R,183,ESP,27.513,58,0,P043,,,Jerome Potier,L,180,FRA,27.19,87,0,6-4 6-3,3,R32,,,,,,,,,,,,,,,,,,,
1989-323,Bordeaux,Clay,32,A,19890925,7,M092,,,Cassio Motta,R,180,BRA,29.591,106,0,M035,,,Luiz Mattar,R,183,BRA,26.105,61,0,3-6 6-2 7-5,3,R32,,,,,,,,,,,,,,,,,,,
1989-323,Bordeaux,Clay,32,A,19890925,8,V002,,,Marian Vajda,R,173,SVK,24.507,152,0,S015,6,,Javier Sanchez,R,178,ESP,21.648,38,0,3-6 7-6 6-4,3,R32,,,,,,,,,,,,,,,,,,,
1989-323,Bordeaux,Clay,32,A,19890925,9,P050,5,,Goran Prpic,R,180,CRO,25.394,36,0,D190,,Q,Xavier Daufresne,R,193,BEL,20.753,273,0,6-1 6-0,3,R32,,,,,,,,,,,,,,,,,,,
1989-323,Bordeaux,Clay,32,A,19890925,10,S328,,,Martin Strelba,R,190,CZE,22.513,86,0,B051,,,Gilad Bloom,L,173,ISR,22.571,182,0,2-6 6-4 6-3,3,R32,,,,,,,,,,,,,,,,,,,
1989-323,Bordeaux,Clay,32,A,19890925,11,F031,,,Jean-Philippe Fleurian,R,185,FRA,24.038,111,0,L030,,,Carl Limberger,R,170,AUS,25.67,260,0,6-3 6-4,3,R32,,,,,,,,,,,,,,,,,,,
1989-323,Bordeaux,Clay,32,A,19890925,12,S055,3,,Horst Skoff,R,175,AUT,21.092,22,0,B084,,Q,Juan Carlos Baguena,R,183,ESP,22.716,265,0,6-1 6-1,3,R32,,,,,,,,,,,,,,,,,,,
1989-323,Bordeaux,Clay,32,A,19890925,13,C216,,,Tomas Carbonell,R,178,ESP,21.133,73,0,A034,7,,Jordi Arrese,R,175,ESP,25.073,37,0,7-6 6-2,3,R32,,,,,,,,,,,,,,,,,,,
1989-323,Bordeaux,Clay,32,A,19890925,14,P228,,Q,Jens Peter,L,,GER,23.658,641,0,L043,,,Fernando Luna,R,175,ESP,31.422,130,0,6-3 7-5,3,R32,,,,,,,,,,,,,,,,,,,
1989-323,Bordeaux,Clay,32,A,19890925,15,O025,,,Marko Ostoja,R,175,CRO,28.931,156,0,C038,,Q,Jose Clavet,R,180,ESP,24.038,212,0,6-7 6-2 6-3,3,R32,,,,,,,,,,,,,,,,,,,
1989-323,Bordeaux,Clay,32,A,19890925,16,S014,2,,Emilio Sanchez,R,180,ESP,24.326,23,0,F165,,,Marcelo Filippini,R,178,URU,22.144,66,0,5-7 6-1 6-3,3,R32,,,,,,,,,,,,,,,,,,,
1989-323,Bordeaux,Clay,32,A,19890925,17,L018,1,,Ivan Lendl,R,188,USA,29.552,1,0,D044,,,Lawson Duncan,R,185,USA,24.914,98,0,6-1 7-6,3,R16,,,,,,,,,,,,,,,,,,,
1989-323,Bordeaux,Clay,32,A,19890925,18,L014,8,,Henri Leconte,L,185,FRA,26.229,42,0,B074,,,Jimmy Brown,R,180,USA,24.411,132,0,6-3 3-6 6-3,3,R16,,,,,,,,,,,,,,,,,,,
1989-323,Bordeaux,Clay,32,A,19890925,19,Y017,4,,Jaime Yzaga,R,170,PER,21.925,29,0,A007,,,Juan Aguilera,R,183,ESP,27.513,58,0,6-7 6-3 2-1 RET,3,R16,,,,,,,,,,,,,,,,,,,
1989-323,Bordeaux,Clay,32,A,19890925,20,M092,,,Cassio Motta,R,180,BRA,29.591,106,0,V002,,,Marian Vajda,R,173,SVK,24.507,152,0,1-6 6-0 7-6,3,R16,,,,,,,,,,,,,,,,,,,
1989-323,Bordeaux,Clay,32,A,19890925,21,P050,5,,Goran Prpic,R,180,CRO,25.394,36,0,S328,,,Martin Strelba,R,190,CZE,22.513,86,0,6-3 7-5,3,R16,,,,,,,,,,,,,,,,,,,
1989-323,Bordeaux,Clay,32,A,19890925,22,F031,,,Jean-Philippe Fleurian,R,185,FRA,24.038,111,0,S055,3,,Horst Skoff,R,175,AUT,21.092,22,0,6-3 6-4,3,R16,,,,,,,,,,,,,,,,,,,
1989-323,Bordeaux,Clay,32,A,19890925,23,C216,,,Tomas Carbonell,R,178,ESP,21.133,73,0,P228,,Q,Jens Peter,L,,GER,23.658,641,0,7-5 6-1,3,R16,,,,,,,,,,,,,,,,,,,
1989-323,Bordeaux,Clay,32,A,19890925,24,S014,2,,Emilio Sanchez,R,180,ESP,24.326,23,0,O025,,,Marko Ostoja,R,175,CRO,28.931,156,0,7-6 6-4,3,R16,,,,,,,,,,,,,,,,,,,
1989-323,Bordeaux,Clay,32,A,19890925,25,L018,1,,Ivan Lendl,R,188,USA,29.552,1,0,L014,8,,Henri Leconte,L,185,FRA,26.229,42,0,6-2 6-3,3,QF,,,,,,,,,,,,,,,,,,,
1989-323,Bordeaux,Clay,32,A,19890925,26,Y017,4,,Jaime Yzaga,R,170,PER,21.925,29,0,M092,,,Cassio Motta,R,180,BRA,29.591,106,0,7-6 6-2,3,QF,,,,,,,,,,,,,,,,,,,
1989-323,Bordeaux,Clay,32,A,19890925,27,F031,,,Jean-Philippe Fleurian,R,185,FRA,24.038,111,0,P050,5,,Goran Prpic,R,180,CRO,25.394,36,0,6-2 6-3,3,QF,,,,,,,,,,,,,,,,,,,
1989-323,Bordeaux,Clay,32,A,19890925,28,S014,2,,Emilio Sanchez,R,180,ESP,24.326,23,0,C216,,,Tomas Carbonell,R,178,ESP,21.133,73,0,6-0 6-3,3,QF,,,,,,,,,,,,,,,,,,,
1989-323,Bordeaux,Clay,32,A,19890925,29,L018,1,,Ivan Lendl,R,188,USA,29.552,1,0,Y017,4,,Jaime Yzaga,R,170,PER,21.925,29,0,6-3 6-3,3,SF,,,,,,,,,,,,,,,,,,,
1989-323,Bordeaux,Clay,32,A,19890925,30,S014,2,,Emilio Sanchez,R,180,ESP,24.326,23,0,F031,,,Jean-Philippe Fleurian,R,185,FRA,24.038,111,0,6-7 6-4 6-1,3,SF,,,,,,,,,,,,,,,,,,,
1989-323,Bordeaux,Clay,32,A,19890925,31,L018,1,,Ivan Lendl,R,188,USA,29.552,1,0,S014,2,,Emilio Sanchez,R,180,ESP,24.326,23,0,6-2 6-2,3,F,,,,,,,,,,,,,,,,,,,
1989-325,Palermo,Clay,32,A,19890925,1,M372,1,,Alberto Mancini,R,180,ARG,20.35,10,0,C179,,,Carlos Costa,R,183,ESP,21.426,184,0,6-2 6-1,3,R32,,,,,,,,,,,,,,,,,,,
1989-325,Palermo,Clay,32,A,19890925,2,L091,,,Stefan Lochbihler,R,180,AUT,23.984,192,0,C013,,,Francesco Cancellotti,R,183,ITA,26.576,127,0,6-4 6-4,3,R32,,,,,,,,,,,,,,,,,,,
1989-325,Palermo,Clay,32,A,19890925,3,C043,,,Simone Colombo,R,180,ITA,26.078,176,0,C035,,,Massimo Cierro,R,173,ITA,25.385,189,0,6-2 6-1,3,R32,,,,,,,,,,,,,,,,,,,
1989-325,Palermo,Clay,32,A,19890925,4,I034,8,,Goran Ivanisevic,L,193,CRO,18.034,56,0,N030,,WC,Joakim Nystrom,R,188,SWE,26.595,323,0,6-1 4-6 6-0,3,R32,,,,,,,,,,,,,,,,,,,
1989-325,Palermo,Clay,32,A,19890925,5,C012,4,,Paolo Cane,R,180,ITA,24.463,28,0,R177,,,Francisco Roig,R,175,ESP,21.484,141,0,7-6 6-4,3,R32,,,,,,,,,,,,,,,,,,,
1989-325,Palermo,Clay,32,A,19890925,6,O026,,,Ricki Osterthun,R,185,GER,25.399,159,0,G197,,,Gustavo Giussani,R,180,ARG,21.555,153,0,7-6 6-2,3,R32,,,,,,,,,,,,,,,,,,,
1989-325,Palermo,Clay,32,A,19890925,7,A040,,,Roberto Azar,L,185,ARG,23.515,150,0,S058,,WC,Tomas Smid,R,190,CZE,33.35,294,0,6-3 6-3,3,R32,,,,,,,,,,,,,,,,,,,
1989-325,Palermo,Clay,32,A,19890925,8,B330,,Q,Peter Ballauff,R,188,GER,25.99,325,0,G023,6,,Andres Gomez,L,193,ECU,29.577,21,0,6-0 3-6 6-4,3,R32,,,,,,,,,,,,,,,,,,,
1989-325,Palermo,Clay,32,A,19890925,9,B350,5,,Sergi Bruguera,R,188,ESP,18.691,27,0,L202,,Q,German Lopez,R,193,ESP,17.741,506,0,4-6 6-3 6-4,3,R32,,,,,,,,,,,,,,,,,,,
1989-325,Palermo,Clay,32,A,19890925,10,P021,,,Diego Perez,R,178,URU,27.625,107,0,A172,,,Alejandro Aramburu,R,175,PER,20.611,208,0,6-1 6-1,3,R32,,,,,,,,,,,,,,,,,,,
1989-325,Palermo,Clay,32,A,19890925,11,C009,,,Omar Camporese,R,188,ITA,21.383,52,0,R023,,,Udo Riglewski,R,185,GER,23.162,135,0,6-3 5-7 6-3,3,R32,,,,,,,,,,,,,,,,,,,
1989-325,Palermo,Clay,32,A,19890925,12,V036,,Q,Paul Vojtischek,R,188,GER,26.286,390,0,M099,3,,Thomas Muster,L,180,AUT,21.982,17,0,6-4 6-1,3,R32,,,,,,,,,,,,,,,,,,,
1989-325,Palermo,Clay,32,A,19890925,13,P190,7,,Guillermo Perez-Roldan,R,178,ARG,19.932,33,0,C036,,,Josef Cihak,R,185,CZE,26.522,163,0,7-6 6-2,3,R32,,,,,,,,,,,,,,,,,,,
1989-325,Palermo,Clay,32,A,19890925,14,M063,,,Claudio Mezzadri,R,180,SUI,24.293,246,0,N109,,,Diego Nargiso,L,188,ITA,19.532,126,0,7-6 7-6,3,R32,,,,,,,,,,,,,,,,,,,
1989-325,Palermo,Clay,32,A,19890925,15,P037,,,Claudio Pistolesi,R,180,ITA,22.086,101,0,W144,,,Jens Woehrmann,R,180,GER,22.048,77,0,3-6 6-3 7-5,3,R32,,,,,,,,,,,,,,,,,,,
1989-325,Palermo,Clay,32,A,19890925,16,P235,,Q,Stefano Pescosolido,R,185,ITA,18.286,328,0,J004,2,,Martin Jaite,R,178,ARG,24.961,14,0,6-3 6-7 6-3,3,R32,,,,,,,,,,,,,,,,,,,
1989-325,Palermo,Clay,32,A,19890925,17,M372,1,,Alberto Mancini,R,180,ARG,20.35,10,0,L091,,,Stefan Lochbihler,R,180,AUT,23.984,192,0,6-4 6-0,3,R16,,,,,,,,,,,,,,,,,,,
1989-325,Palermo,Clay,32,A,19890925,18,I034,8,,Goran Ivanisevic,L,193,CRO,18.034,56,0,C043,,,Simone Colombo,R,180,ITA,26.078,176,0,6-4 7-6,3,R16,,,,,,,,,,,,,,,,,,,
1989-325,Palermo,Clay,32,A,19890925,19,C012,4,,Paolo Cane,R,180,ITA,24.463,28,0,O026,,,Ricki Osterthun,R,185,GER,25.399,159,0,4-6 6-3 6-3,3,R16,,,,,,,,,,,,,,,,,,,
1989-325,Palermo,Clay,32,A,19890925,20,B330,,Q,Peter Ballauff,R,188,GER,25.99,325,0,A040,,,Roberto Azar,L,185,ARG,23.515,150,0,6-4 6-4,3,R16,,,,,,,,,,,,,,,,,,,
1989-325,Palermo,Clay,32,A,19890925,21,B350,5,,Sergi Bruguera,R,188,ESP,18.691,27,0,P021,,,Diego Perez,R,178,URU,27.625,107,0,6-3 7-6,3,R16,,,,,,,,,,,,,,,,,,,
1989-325,Palermo,Clay,32,A,19890925,22,V036,,Q,Paul Vojtischek,R,188,GER,26.286,390,0,C009,,,Omar Camporese,R,188,ITA,21.383,52,0,6-1 6-0,3,R16,,,,,,,,,,,,,,,,,,,
1989-325,Palermo,Clay,32,A,19890925,23,P190,7,,Guillermo Perez-Roldan,R,178,ARG,19.932,33,0,M063,,,Claudio Mezzadri,R,180,SUI,24.293,246,0,3-6 6-3 6-3,3,R16,,,,,,,,,,,,,,,,,,,
1989-325,Palermo,Clay,32,A,19890925,24,P037,,,Claudio Pistolesi,R,180,ITA,22.086,101,0,P235,,Q,Stefano Pescosolido,R,185,ITA,18.286,328,0,7-5 6-3,3,R16,,,,,,,,,,,,,,,,,,,
1989-325,Palermo,Clay,32,A,19890925,25,I034,8,,Goran Ivanisevic,L,193,CRO,18.034,56,0,M372,1,,Alberto Mancini,R,180,ARG,20.35,10,0,3-6 7-5 6-4,3,QF,,,,,,,,,,,,,,,,,,,
1989-325,Palermo,Clay,32,A,19890925,26,C012,4,,Paolo Cane,R,180,ITA,24.463,28,0,B330,,Q,Peter Ballauff,R,188,GER,25.99,325,0,6-7 6-1 7-5,3,QF,,,,,,,,,,,,,,,,,,,
1989-325,Palermo,Clay,32,A,19890925,27,V036,,Q,Paul Vojtischek,R,188,GER,26.286,390,0,B350,5,,Sergi Bruguera,R,188,ESP,18.691,27,0,7-6 6-4,3,QF,,,,,,,,,,,,,,,,,,,
1989-325,Palermo,Clay,32,A,19890925,28,P190,7,,Guillermo Perez-Roldan,R,178,ARG,19.932,33,0,P037,,,Claudio Pistolesi,R,180,ITA,22.086,101,0,6-4 6-1,3,QF,,,,,,,,,,,,,,,,,,,
1989-325,Palermo,Clay,32,A,19890925,29,C012,4,,Paolo Cane,R,180,ITA,24.463,28,0,I034,8,,Goran Ivanisevic,L,193,CRO,18.034,56,0,6-4 6-3,3,SF,,,,,,,,,,,,,,,,,,,
1989-325,Palermo,Clay,32,A,19890925,30,P190,7,,Guillermo Perez-Roldan,R,178,ARG,19.932,33,0,V036,,Q,Paul Vojtischek,R,188,GER,26.286,390,0,4-6 6-4 6-1,3,SF,,,,,,,,,,,,,,,,,,,
1989-325,Palermo,Clay,32,A,19890925,31,P190,7,,Guillermo Perez-Roldan,R,178,ARG,19.932,33,0,C012,4,,Paolo Cane,R,180,ITA,24.463,28,0,6-1 6-4,3,F,,,,,,,,,,,,,,,,,,,
1989-424,San Francisco,Carpet,32,A,19890925,1,S102,,,Andrew Sznajder,R,175,CAN,22.338,46,0,G212,,LL,Brian Garrow,R,173,USA,21.465,296,0,6-4 6-4,3,R32,,,,,,,,,,,,,,,,,,,
1989-424,San Francisco,Carpet,32,A,19890925,2,R043,,,Derrick Rostagno,R,185,USA,23.918,91,0,L044,,,Peter Lundgren,R,185,SWE,24.654,44,0,6-4 6-3,3,R32,,,,,,,,,,,,,,,,,,,
1989-424,San Francisco,Carpet,32,A,19890925,3,J006,,,Anders Jarryd,R,180,SWE,28.203,55,0,C001,,,Darren Cahill,R,185,AUS,23.981,94,0,6-1 6-0,3,R32,,,,,,,,,,,,,,,,,,,
1989-424,San Francisco,Carpet,32,A,19890925,4,Z006,8,,Slobodan Zivojinovic,R,198,YUG,26.177,43,0,L009,,,Leonardo Lavalle,L,188,MEX,22.201,92,0,7-5 7-6,3,R32,,,,,,,,,,,,,,,,,,,
1989-424,San Francisco,Carpet,32,A,19890925,5,M041,4,,Tim Mayotte,R,190,USA,29.144,8,0,P052,,,Jim Pugh,R,193,USA,25.637,49,0,6-2 7-6,3,R32,,,,,,,,,,,,,,,,,,,
1989-424,San Francisco,Carpet,32,A,19890925,6,G039,,,Jim Grabb,R,193,USA,25.448,45,0,G211,,Q,Patrick Galbraith,L,183,USA,22.445,529,0,6-4 6-3,3,R32,,,,,,,,,,,,,,,,,,,
1989-424,San Francisco,Carpet,32,A,19890925,7,W029,,,Todd Witsken,R,183,USA,25.892,51,0,T136,,Q,Jeff Tarango,L,180,USA,20.846,170,0,6-4 7-6,3,R32,,,,,,,,,,,,,,,,,,,
1989-424,San Francisco,Carpet,32,A,19890925,8,C057,5,,Kevin Curren,R,185,USA,31.567,24,0,W019,,WC,Tim Wilkison,L,180,USA,29.84,103,0,6-4 7-6,3,R32,,,,,,,,,,,,,,,,,,,
1989-424,San Francisco,Carpet,32,A,19890925,9,V014,6,,Christo Van Rensburg,R,185,RSA,26.924,25,0,S402,,WC,Pete Sampras,R,185,USA,18.122,57,0,6-4 6-4,3,R32,,,,,,,,,,,,,,,,,,,
1989-424,San Francisco,Carpet,32,A,19890925,10,A066,,,Pieter Aldrich,R,180,RSA,24.049,69,0,W011,,Q,Robbie Weiss,R,183,USA,22.817,157,0,3-6 6-3 6-1,3,R32,,,,,,,,,,,,,,,,,,,
1989-424,San Francisco,Carpet,32,A,19890925,11,D004,,,Scott Davis,R,188,USA,27.08,47,0,W123,,,David Wheaton,R,193,USA,20.315,62,0,3-6 6-3 6-4,3,R32,,,,,,,,,,,,,,,,,,,
1989-424,San Francisco,Carpet,32,A,19890925,12,G016,3,,Brad Gilbert,R,185,USA,28.129,6,0,M032,,,Richard Matuszewski,R,188,USA,25.049,53,0,6-2 6-4,3,R32,,,,,,,,,,,,,,,,,,,
1989-424,San Francisco,Carpet,32,A,19890925,13,S045,,,Leif Shiras,R,183,USA,30.097,70,0,F028,7,,John Fitzgerald,R,183,AUS,28.742,35,0,6-3 3-6 6-1,3,R32,,,,,,,,,,,,,,,,,,,
1989-424,San Francisco,Carpet,32,A,19890925,14,E025,,,Kelly Evernden,R,175,NZL,28.011,65,0,A027,,,Paul Annacone,R,185,USA,26.519,68,0,6-4 7-6,3,R32,,,,,,,,,,,,,,,,,,,
1989-424,San Francisco,Carpet,32,A,19890925,15,C029,,,Paul Chamberlin,R,178,USA,27.502,54,0,R029,,Q,Joey Rive,L,185,USA,26.218,218,0,6-4 6-3,3,R32,,,,,,,,,,,,,,,,,,,
1989-424,San Francisco,Carpet,32,A,19890925,16,C274,2,,Michael Chang,R,175,USA,17.591,5,0,R016,,,Richey Reneberg,R,180,USA,23.973,75,0,7-6 6-4,3,R32,,,,,,,,,,,,,,,,,,,
1989-424,San Francisco,Carpet,32,A,19890925,17,R043,,,Derrick Rostagno,R,185,USA,23.918,91,0,S102,,,Andrew Sznajder,R,175,CAN,22.338,46,0,6-3 6-2,3,R16,,,,,,,,,,,,,,,,,,,
1989-424,San Francisco,Carpet,32,A,19890925,18,J006,,,Anders Jarryd,R,180,SWE,28.203,55,0,Z006,8,,Slobodan Zivojinovic,R,198,YUG,26.177,43,0,6-3 3-6 6-3,3,R16,,,,,,,,,,,,,,,,,,,
1989-424,San Francisco,Carpet,32,A,19890925,19,G039,,,Jim Grabb,R,193,USA,25.448,45,0,M041,4,,Tim Mayotte,R,190,USA,29.144,8,0,4-6 6-3 7-5,3,R16,,,,,,,,,,,,,,,,,,,
1989-424,San Francisco,Carpet,32,A,19890925,20,C057,5,,Kevin Curren,R,185,USA,31.567,24,0,W029,,,Todd Witsken,R,183,USA,25.892,51,0,6-4 3-6 6-1,3,R16,,,,,,,,,,,,,,,,,,,
1989-424,San Francisco,Carpet,32,A,19890925,21,V014,6,,Christo Van Rensburg,R,185,RSA,26.924,25,0,A066,,,Pieter Aldrich,R,180,RSA,24.049,69,0,7-5 6-4,3,R16,,,,,,,,,,,,,,,,,,,
1989-424,San Francisco,Carpet,32,A,19890925,22,G016,3,,Brad Gilbert,R,185,USA,28.129,6,0,D004,,,Scott Davis,R,188,USA,27.08,47,0,6-3 6-4,3,R16,,,,,,,,,,,,,,,,,,,
1989-424,San Francisco,Carpet,32,A,19890925,23,E025,,,Kelly Evernden,R,175,NZL,28.011,65,0,S045,,,Leif Shiras,R,183,USA,30.097,70,0,7-6 6-2,3,R16,,,,,,,,,,,,,,,,,,,
1989-424,San Francisco,Carpet,32,A,19890925,24,C274,2,,Michael Chang,R,175,USA,17.591,5,0,C029,,,Paul Chamberlin,R,178,USA,27.502,54,0,6-1 6-2,3,R16,,,,,,,,,,,,,,,,,,,
1989-424,San Francisco,Carpet,32,A,19890925,25,J006,,,Anders Jarryd,R,180,SWE,28.203,55,0,R043,,,Derrick Rostagno,R,185,USA,23.918,91,0,6-2 3-2 RET,3,QF,,,,,,,,,,,,,,,,,,,
1989-424,San Francisco,Carpet,32,A,19890925,26,C057,5,,Kevin Curren,R,185,USA,31.567,24,0,G039,,,Jim Grabb,R,193,USA,25.448,45,0,6-2 6-3,3,QF,,,,,,,,,,,,,,,,,,,
1989-424,San Francisco,Carpet,32,A,19890925,27,G016,3,,Brad Gilbert,R,185,USA,28.129,6,0,V014,6,,Christo Van Rensburg,R,185,RSA,26.924,25,0,7-5 6-3,3,QF,,,,,,,,,,,,,,,,,,,
1989-424,San Francisco,Carpet,32,A,19890925,28,E025,,,Kelly Evernden,R,175,NZL,28.011,65,0,C274,2,,Michael Chang,R,175,USA,17.591,5,0,6-0 6-1,3,QF,,,,,,,,,,,,,,,,,,,
1989-424,San Francisco,Carpet,32,A,19890925,29,J006,,,Anders Jarryd,R,180,SWE,28.203,55,0,C057,5,,Kevin Curren,R,185,USA,31.567,24,0,3-6 7-6 7-5,3,SF,,,,,,,,,,,,,,,,,,,
1989-424,San Francisco,Carpet,32,A,19890925,30,G016,3,,Brad Gilbert,R,185,USA,28.129,6,0,E025,,,Kelly Evernden,R,175,NZL,28.011,65,0,4-6 6-1 7-6,3,SF,,,,,,,,,,,,,,,,,,,
1989-424,San Francisco,Carpet,32,A,19890925,31,G016,3,,Brad Gilbert,R,185,USA,28.129,6,0,J006,,,Anders Jarryd,R,180,SWE,28.203,55,0,7-5 6-2,3,F,,,,,,,,,,,,,,,,,,,
1989-326,Brisbane,Hard,32,A,19891002,1,F028,1,,John Fitzgerald,R,183,AUS,28.761,36,0,D049,,,Broderick Dyke,L,183,AUS,28.753,178,0,6-3 5-7 6-3,3,R32,,,,,,,,,,,,,,,,,,,
1989-326,Brisbane,Hard,32,A,19891002,2,W136,,WC,Todd Woodbridge,R,178,AUS,18.502,164,0,A165,,,Zeeshan Ali,R,180,IND,19.751,163,0,6-3 6-1,3,R32,,,,,,,,,,,,,,,,,,,
1989-326,Brisbane,Hard,32,A,19891002,3,A163,,,Johan Anderson,R,183,AUS,18.01,133,0,W114,,,Scott Warner,R,196,USA,23.778,180,0,7-6 6-3,3,R32,,,,,,,,,,,,,,,,,,,
1989-326,Brisbane,Hard,32,A,19891002,4,C001,8,,Darren Cahill,R,185,AUS,24,99,0,D036,,,Peter Doohan,R,190,AUS,28.419,183,0,6-3 6-3,3,R32,,,,,,,,,,,,,,,,,,,
1989-326,Brisbane,Hard,32,A,19891002,5,J008,3,,Eric Jelen,R,180,GER,24.561,51,0,M093,,,Alexander Mronz,R,188,GER,24.487,158,0,6-2 6-1,3,R32,,,,,,,,,,,,,,,,,,,
1989-326,Brisbane,Hard,32,A,19891002,6,Y002,,,Simon Youl,R,185,AUS,24.255,134,0,V008,,,Robert Van't Hof,R,193,USA,30.48,162,0,6-4 1-6 6-2,3,R32,,,,,,,,,,,,,,,,,,,
1989-326,Brisbane,Hard,32,A,19891002,7,F164,,,Richard Fromberg,R,196,AUS,19.431,142,0,L026,,Q,David Lewis,R,180,NZL,25.079,295,0,6-3 6-2,3,R32,,,,,,,,,,,,,,,,,,,
1989-326,Brisbane,Hard,32,A,19891002,8,W035,,,Mark Woodforde,L,188,AUS,24.025,103,0,M059,,LL,Mauro Menezes,R,193,BRA,26.185,221,0,6-4 6-0,3,R32,,,,,,,,,,,,,,,,,,,
1989-326,Brisbane,Hard,32,A,19891002,9,S045,5,,Leif Shiras,R,183,USA,30.116,69,0,E001,,LL,Charlton Eagle,R,180,AUS,25.84,646,0,6-2 3-6 6-3,3,R32,,,,,,,,,,,,,,,,,,,
1989-326,Brisbane,Hard,32,A,19891002,10,S331,,,Jason Stoltenberg,R,185,AUS,19.496,105,0,M408,,WC,Jamie Morgan,R,185,AUS,18.319,364,0,6-4 6-7 6-3,3,R32,,,,,,,,,,,,,,,,,,,
1989-326,Brisbane,Hard,32,A,19891002,11,K021,,,Mark Kratzmann,L,178,AUS,23.379,154,0,S288,,,Christian Saceanu,R,190,GER,21.235,117,0,1-6 6-3 6-4,3,R32,,,,,,,,,,,,,,,,,,,
1989-326,Brisbane,Hard,32,A,19891002,12,M030,4,,Wally Masur,R,180,AUS,26.39,68,0,M064,,,Glenn Michibata,R,175,CAN,27.305,125,0,7-6 7-6,3,R32,,,,,,,,,,,,,,,,,,,
1989-326,Brisbane,Hard,32,A,19891002,13,S415,,Q,Ted Scherman,R,188,USA,22.998,902,0,C046,7,,Grant Connell,L,185,CAN,23.874,93,0,6-7 6-4 6-3,3,R32,,,,,,,,,,,,,,,,,,,
1989-326,Brisbane,Hard,32,A,19891002,14,K133,,,Niclas Kroon,R,183,SWE,23.655,127,0,D040,,,Brad Drewett,L,185,AUS,31.206,114,0,6-1 6-2,3,R32,,,,,,,,,,,,,,,,,,,
1989-326,Brisbane,Hard,32,A,19891002,15,B294,,,Shane Barr,R,193,AUS,19.948,246,0,R173,,Q,Bret Richardson,R,178,AUS,18.691,644,0,6-3 6-7 6-4,3,R32,,,,,,,,,,,,,,,,,,,
1989-326,Brisbane,Hard,32,A,19891002,16,Z006,2,,Slobodan Zivojinovic,R,198,YUG,26.196,45,0,W001,,Q,Lars-Anders Wahlgren,R,193,SWE,23.107,229,0,7-5 7-6,3,R32,,,,,,,,,,,,,,,,,,,
1989-326,Brisbane,Hard,32,A,19891002,17,W136,,WC,Todd Woodbridge,R,178,AUS,18.502,164,0,F028,1,,John Fitzgerald,R,183,AUS,28.761,36,0,6-7 7-6 6-3,3,R16,,,,,,,,,,,,,,,,,,,
1989-326,Brisbane,Hard,32,A,19891002,18,C001,8,,Darren Cahill,R,185,AUS,24,99,0,A163,,,Johan Anderson,R,183,AUS,18.01,133,0,6-3 7-5,3,R16,,,,,,,,,,,,,,,,,,,
1989-326,Brisbane,Hard,32,A,19891002,19,J008,3,,Eric Jelen,R,180,GER,24.561,51,0,Y002,,,Simon Youl,R,185,AUS,24.255,134,0,7-6 7-5,3,R16,,,,,,,,,,,,,,,,,,,
1989-326,Brisbane,Hard,32,A,19891002,20,W035,,,Mark Woodforde,L,188,AUS,24.025,103,0,F164,,,Richard Fromberg,R,196,AUS,19.431,142,0,4-6 7-5 6-2,3,R16,,,,,,,,,,,,,,,,,,,
1989-326,Brisbane,Hard,32,A,19891002,21,S331,,,Jason Stoltenberg,R,185,AUS,19.496,105,0,S045,5,,Leif Shiras,R,183,USA,30.116,69,0,6-1 2-6 6-4,3,R16,,,,,,,,,,,,,,,,,,,
1989-326,Brisbane,Hard,32,A,19891002,22,M030,4,,Wally Masur,R,180,AUS,26.39,68,0,K021,,,Mark Kratzmann,L,178,AUS,23.379,154,0,6-7 6-3 6-4,3,R16,,,,,,,,,,,,,,,,,,,
1989-326,Brisbane,Hard,32,A,19891002,23,K133,,,Niclas Kroon,R,183,SWE,23.655,127,0,S415,,Q,Ted Scherman,R,188,USA,22.998,902,0,7-6 6-1,3,R16,,,,,,,,,,,,,,,,,,,
1989-326,Brisbane,Hard,32,A,19891002,24,B294,,,Shane Barr,R,193,AUS,19.948,246,0,Z006,2,,Slobodan Zivojinovic,R,198,YUG,26.196,45,0,4-6 6-3 7-6,3,R16,,,,,,,,,,,,,,,,,,,
1989-326,Brisbane,Hard,32,A,19891002,25,W136,,WC,Todd Woodbridge,R,178,AUS,18.502,164,0,C001,8,,Darren Cahill,R,185,AUS,24,99,0,6-4 5-7 6-4,3,QF,,,,,,,,,,,,,,,,,,,
1989-326,Brisbane,Hard,32,A,19891002,26,W035,,,Mark Woodforde,L,188,AUS,24.025,103,0,J008,3,,Eric Jelen,R,180,GER,24.561,51,0,6-2 7-6,3,QF,,,,,,,,,,,,,,,,,,,
1989-326,Brisbane,Hard,32,A,19891002,27,M030,4,,Wally Masur,R,180,AUS,26.39,68,0,S331,,,Jason Stoltenberg,R,185,AUS,19.496,105,0,7-5 6-0,3,QF,,,,,,,,,,,,,,,,,,,
1989-326,Brisbane,Hard,32,A,19891002,28,K133,,,Niclas Kroon,R,183,SWE,23.655,127,0,B294,,,Shane Barr,R,193,AUS,19.948,246,0,4-6 6-3 7-6,3,QF,,,,,,,,,,,,,,,,,,,
1989-326,Brisbane,Hard,32,A,19891002,29,W035,,,Mark Woodforde,L,188,AUS,24.025,103,0,W136,,WC,Todd Woodbridge,R,178,AUS,18.502,164,0,6-1 6-3,3,SF,,,,,,,,,,,,,,,,,,,
1989-326,Brisbane,Hard,32,A,19891002,30,K133,,,Niclas Kroon,R,183,SWE,23.655,127,0,M030,4,,Wally Masur,R,180,AUS,26.39,68,0,6-3 6-4,3,SF,,,,,,,,,,,,,,,,,,,
1989-326,Brisbane,Hard,32,A,19891002,31,K133,,,Niclas Kroon,R,183,SWE,23.655,127,0,W035,,,Mark Woodforde,L,188,AUS,24.025,103,0,4-6 6-2 6-4,3,F,,,,,,,,,,,,,,,,,,,
1989-409,Orlando,Hard,32,A,19891002,1,G016,1,,Brad Gilbert,R,185,USA,28.148,5,0,C029,,,Paul Chamberlin,R,178,USA,27.521,54,0,6-2 6-2,3,R32,,,,,,,,,,,,,,,,,,,
1989-409,Orlando,Hard,32,A,19891002,2,R016,,,Richey Reneberg,R,180,USA,23.992,75,0,S034,,,Robert Seguso,R,190,USA,26.423,70,0,6-3 6-0,3,R32,,,,,,,,,,,,,,,,,,,
1989-409,Orlando,Hard,32,A,19891002,3,J018,,Q,Kelly Jones,R,185,USA,25.506,160,0,C022,,,Dan Cassidy,R,178,USA,28.427,111,0,3-6 7-6 6-4,3,R32,,,,,,,,,,,,,,,,,,,
1989-409,Orlando,Hard,32,A,19891002,4,A031,,,Jimmy Arias,R,175,USA,25.128,95,0,S102,8,,Andrew Sznajder,R,175,CAN,22.357,50,0,1-6 6-4 6-3,3,R32,,,,,,,,,,,,,,,,,,,
1989-409,Orlando,Hard,32,A,19891002,5,N016,,Q,Miguel Nido,R,180,PUR,26.571,150,0,J083,,LL,Philip Johnson,R,173,USA,25.057,135,0,6-2 3-6 6-1,3,R32,,,,,,,,,,,,,,,,,,,
1989-409,Orlando,Hard,32,A,19891002,6,E025,,,Kelly Evernden,R,175,NZL,28.03,53,0,A027,,,Paul Annacone,R,185,USA,26.538,88,0,6-4 6-3,3,R32,,,,,,,,,,,,,,,,,,,
1989-409,Orlando,Hard,32,A,19891002,7,B074,,,Jimmy Brown,R,180,USA,24.43,128,0,W038,,,Martin Wostenholme,R,183,CAN,26.976,115,0,6-3 6-2,3,R32,,,,,,,,,,,,,,,,,,,
1989-409,Orlando,Hard,32,A,19891002,8,P024,6,,Mikael Pernfors,R,173,SWE,26.215,31,0,V032,,,Danie Visser,L,180,RSA,28.186,149,0,6-2 7-6,3,R32,,,,,,,,,,,,,,,,,,,
1989-409,Orlando,Hard,32,A,19891002,9,Y017,5,,Jaime Yzaga,R,170,PER,21.944,28,0,D004,,,Scott Davis,R,188,USA,27.099,49,0,7-5 6-1,3,R32,,,,,,,,,,,,,,,,,,,
1989-409,Orlando,Hard,32,A,19891002,10,H029,,,Thomas Hogstedt,R,190,SWE,26.031,120,0,W019,,,Tim Wilkison,L,180,USA,29.859,116,0,7-6 6-1,3,R32,,,,,,,,,,,,,,,,,,,
1989-409,Orlando,Hard,32,A,19891002,11,R042,,WC,John Ross,R,185,USA,25.591,568,0,D094,,Q,Royce Deppe,R,188,RSA,24.142,259,0,3-6 6-4 6-3,3,R32,,,,,,,,,,,,,,,,,,,
1989-409,Orlando,Hard,32,A,19891002,12,S014,3,,Emilio Sanchez,R,180,ESP,24.345,21,0,A066,,,Pieter Aldrich,R,180,RSA,24.068,72,0,6-1 6-4,3,R32,,,,,,,,,,,,,,,,,,,
1989-409,Orlando,Hard,32,A,19891002,13,L010,,,Glenn Layendecker,L,185,USA,28.4,84,0,G039,7,,Jim Grabb,R,193,USA,25.467,41,0,6-3 1-0 RET,3,R32,,,,,,,,,,,,,,,,,,,
1989-409,Orlando,Hard,32,A,19891002,14,W123,,,David Wheaton,R,193,USA,20.334,66,0,H251,,WC,Tommy Ho,L,183,USA,16.293,667,0,6-4 6-2,3,R32,,,,,,,,,,,,,,,,,,,
1989-409,Orlando,Hard,32,A,19891002,15,W029,,,Todd Witsken,R,183,USA,25.911,47,0,W124,,Q,MaliVai Washington,R,180,USA,20.285,273,0,6-4 3-6 6-3,3,R32,,,,,,,,,,,,,,,,,,,
1989-409,Orlando,Hard,32,A,19891002,16,A092,2,,Andre Agassi,R,180,USA,19.428,7,0,P218,,,Nicolas Pereira,R,188,VEN,19.009,100,0,6-3 6-3,3,R32,,,,,,,,,,,,,,,,,,,
1989-409,Orlando,Hard,32,A,19891002,17,G016,1,,Brad Gilbert,R,185,USA,28.148,5,0,R016,,,Richey Reneberg,R,180,USA,23.992,75,0,7-6 2-6 6-3,3,R16,,,,,,,,,,,,,,,,,,,
1989-409,Orlando,Hard,32,A,19891002,18,A031,,,Jimmy Arias,R,175,USA,25.128,95,0,J018,,Q,Kelly Jones,R,185,USA,25.506,160,0,6-3 6-1,3,R16,,,,,,,,,,,,,,,,,,,
1989-409,Orlando,Hard,32,A,19891002,19,N016,,Q,Miguel Nido,R,180,PUR,26.571,150,0,E025,,,Kelly Evernden,R,175,NZL,28.03,53,0,2-6 6-4 6-1,3,R16,,,,,,,,,,,,,,,,,,,
1989-409,Orlando,Hard,32,A,19891002,20,B074,,,Jimmy Brown,R,180,USA,24.43,128,0,P024,6,,Mikael Pernfors,R,173,SWE,26.215,31,0,6-2 6-0,3,R16,,,,,,,,,,,,,,,,,,,
1989-409,Orlando,Hard,32,A,19891002,21,Y017,5,,Jaime Yzaga,R,170,PER,21.944,28,0,H029,,,Thomas Hogstedt,R,190,SWE,26.031,120,0,6-4 7-6,3,R16,,,,,,,,,,,,,,,,,,,
1989-409,Orlando,Hard,32,A,19891002,22,S014,3,,Emilio Sanchez,R,180,ESP,24.345,21,0,R042,,WC,John Ross,R,185,USA,25.591,568,0,3-6 6-2 7-6,3,R16,,,,,,,,,,,,,,,,,,,
1989-409,Orlando,Hard,32,A,19891002,23,W123,,,David Wheaton,R,193,USA,20.334,66,0,L010,,,Glenn Layendecker,L,185,USA,28.4,84,0,6-4 6-3,3,R16,,,,,,,,,,,,,,,,,,,
1989-409,Orlando,Hard,32,A,19891002,24,A092,2,,Andre Agassi,R,180,USA,19.428,7,0,W029,,,Todd Witsken,R,183,USA,25.911,47,0,7-5 6-3,3,R16,,,,,,,,,,,,,,,,,,,
1989-409,Orlando,Hard,32,A,19891002,25,G016,1,,Brad Gilbert,R,185,USA,28.148,5,0,A031,,,Jimmy Arias,R,175,USA,25.128,95,0,6-3 6-1,3,QF,,,,,,,,,,,,,,,,,,,
1989-409,Orlando,Hard,32,A,19891002,26,B074,,,Jimmy Brown,R,180,USA,24.43,128,0,N016,,Q,Miguel Nido,R,180,PUR,26.571,150,0,6-4 6-0,3,QF,,,,,,,,,,,,,,,,,,,
1989-409,Orlando,Hard,32,A,19891002,27,Y017,5,,Jaime Yzaga,R,170,PER,21.944,28,0,S014,3,,Emilio Sanchez,R,180,ESP,24.345,21,0,6-4 4-6 6-2,3,QF,,,,,,,,,,,,,,,,,,,
1989-409,Orlando,Hard,32,A,19891002,28,A092,2,,Andre Agassi,R,180,USA,19.428,7,0,W123,,,David Wheaton,R,193,USA,20.334,66,0,6-1 6-4,3,QF,,,,,,,,,,,,,,,,,,,
1989-409,Orlando,Hard,32,A,19891002,29,G016,1,,Brad Gilbert,R,185,USA,28.148,5,0,B074,,,Jimmy Brown,R,180,USA,24.43,128,0,6-3 6-1,3,SF,,,,,,,,,,,,,,,,,,,
1989-409,Orlando,Hard,32,A,19891002,30,A092,2,,Andre Agassi,R,180,USA,19.428,7,0,Y017,5,,Jaime Yzaga,R,170,PER,21.944,28,0,6-1 6-1,3,SF,,,,,,,,,,,,,,,,,,,
1989-409,Orlando,Hard,32,A,19891002,31,A092,2,,Andre Agassi,R,180,USA,19.428,7,0,G016,1,,Brad Gilbert,R,185,USA,28.148,5,0,6-2 6-1,3,F,,,,,,,,,,,,,,,,,,,
1989-328,Basel,Hard,32,A,19891003,1,E004,1,,Stefan Edberg,R,188,SWE,23.702,3,0,C260,,,Andrei Cherkasov,R,180,RUS,19.247,73,0,3-6 7-6 6-1,3,R32,,,,,,,,,,,,,,,,,,,
1989-328,Basel,Hard,32,A,19891003,2,V037,,,Alexander Volkov,L,188,RUS,22.585,48,0,P043,,,Jerome Potier,L,180,FRA,27.209,90,0,7-6 4-6 6-2,3,R32,,,,,,,,,,,,,,,,,,,
1989-328,Basel,Hard,32,A,19891003,3,S101,,,Jonas Svensson,R,188,SWE,22.949,33,0,B001,,Q,Mansour Bahrami,R,178,IRI,33.435,303,0,6-1 6-2,3,R32,,,,,,,,,,,,,,,,,,,
1989-328,Basel,Hard,32,A,19891003,4,D015,,Q,Olivier Delaitre,R,170,FRA,22.338,137,0,M012,7,,Amos Mansdorf,R,175,ISR,23.951,19,0,6-4 6-4,3,R32,,,,,,,,,,,,,,,,,,,
1989-328,Basel,Hard,32,A,19891003,5,C009,,,Omar Camporese,R,188,ITA,21.402,55,0,B281,3,,Jay Berger,R,180,USA,22.85,12,0,6-1 6-3,3,R32,,,,,,,,,,,,,,,,,,,
1989-328,Basel,Hard,32,A,19891003,6,S021,,,Michiel Schapers,R,201,NED,29.977,81,0,S351,,,Michael Stich,R,193,GER,20.956,92,0,3-6 7-5 6-3,3,R32,,,,,,,,,,,,,,,,,,,
1989-328,Basel,Hard,32,A,19891003,7,G053,,,Jan Gunnarsson,R,185,SWE,27.343,42,0,A006,,,Ronald Agenor,R,180,USA,24.884,40,0,6-2 6-2,3,R32,,,,,,,,,,,,,,,,,,,
1989-328,Basel,Hard,32,A,19891003,8,C044,5,,Jimmy Connors,L,178,USA,37.081,14,0,T010,,,Michael Tauson,R,193,DEN,23.272,108,0,6-3 6-1,3,R32,,,,,,,,,,,,,,,,,,,
1989-328,Basel,Hard,32,A,19891003,9,L044,,,Peter Lundgren,R,185,SWE,24.674,44,0,C031,6,,Andrei Chesnokov,R,188,RUS,23.663,18,0,6-4 7-5,3,R32,,,,,,,,,,,,,,,,,,,
1989-328,Basel,Hard,32,A,19891003,10,F165,,,Marcelo Filippini,R,178,URU,22.163,67,0,W026,,Q,Eric Winogradsky,R,188,FRA,23.447,122,0,7-6 5-7 7-5,3,R32,,,,,,,,,,,,,,,,,,,
1989-328,Basel,Hard,32,A,19891003,11,C243,,,Jim Courier,R,185,USA,19.127,35,0,G182,,,Magnus Gustafsson,R,185,SWE,22.746,85,0,6-3 7-6,3,R32,,,,,,,,,,,,,,,,,,,
1989-328,Basel,Hard,32,A,19891003,12,K023,4,,Aaron Krickstein,R,183,USA,22.168,11,0,P190,,,Guillermo Perez-Roldan,R,178,ARG,19.951,29,0,7-5 6-1,3,R32,,,,,,,,,,,,,,,,,,,
1989-328,Basel,Hard,32,A,19891003,13,G023,8,,Andres Gomez,L,193,ECU,29.596,24,0,R214,,WC,Marc Rosset,R,201,SUI,18.902,62,0,6-3 6-3,3,R32,,,,,,,,,,,,,,,,,,,
1989-328,Basel,Hard,32,A,19891003,14,S072,,,Milan Srejber,R,203,CZE,25.758,106,0,M063,,WC,Claudio Mezzadri,R,180,SUI,24.312,253,0,6-4 3-6 6-1,3,R32,,,,,,,,,,,,,,,,,,,
1989-328,Basel,Hard,32,A,19891003,15,I034,,,Goran Ivanisevic,L,193,CRO,18.053,46,0,B293,,Q,Patrick Baur,R,188,GER,24.416,170,0,7-6 6-2,3,R32,,,,,,,,,,,,,,,,,,,
1989-328,Basel,Hard,32,A,19891003,16,H025,2,,Jakob Hlasek,R,188,SUI,24.887,9,0,K024,,,Ramesh Krishnan,R,170,IND,28.326,86,0,6-3 7-6,3,R32,,,,,,,,,,,,,,,,,,,
1989-328,Basel,Hard,32,A,19891003,17,E004,1,,Stefan Edberg,R,188,SWE,23.702,3,0,V037,,,Alexander Volkov,L,188,RUS,22.585,48,0,6-2 6-4,3,R16,,,,,,,,,,,,,,,,,,,
1989-328,Basel,Hard,32,A,19891003,18,D015,,Q,Olivier Delaitre,R,170,FRA,22.338,137,0,S101,,,Jonas Svensson,R,188,SWE,22.949,33,0,6-7 6-4 7-5,3,R16,,,,,,,,,,,,,,,,,,,
1989-328,Basel,Hard,32,A,19891003,19,C009,,,Omar Camporese,R,188,ITA,21.402,55,0,S021,,,Michiel Schapers,R,201,NED,29.977,81,0,6-4 6-4,3,R16,,,,,,,,,,,,,,,,,,,
1989-328,Basel,Hard,32,A,19891003,20,C044,5,,Jimmy Connors,L,178,USA,37.081,14,0,G053,,,Jan Gunnarsson,R,185,SWE,27.343,42,0,6-4 6-2,3,R16,,,,,,,,,,,,,,,,,,,
1989-328,Basel,Hard,32,A,19891003,21,F165,,,Marcelo Filippini,R,178,URU,22.163,67,0,L044,,,Peter Lundgren,R,185,SWE,24.674,44,0,6-2 6-2,3,R16,,,,,,,,,,,,,,,,,,,
1989-328,Basel,Hard,32,A,19891003,22,C243,,,Jim Courier,R,185,USA,19.127,35,0,K023,4,,Aaron Krickstein,R,183,USA,22.168,11,0,6-4 2-6 6-2,3,R16,,,,,,,,,,,,,,,,,,,
1989-328,Basel,Hard,32,A,19891003,23,G023,8,,Andres Gomez,L,193,ECU,29.596,24,0,S072,,,Milan Srejber,R,203,CZE,25.758,106,0,6-7 6-4 7-6,3,R16,,,,,,,,,,,,,,,,,,,
1989-328,Basel,Hard,32,A,19891003,24,I034,,,Goran Ivanisevic,L,193,CRO,18.053,46,0,H025,2,,Jakob Hlasek,R,188,SUI,24.887,9,0,4-6 6-3 7-5,3,R16,,,,,,,,,,,,,,,,,,,
1989-328,Basel,Hard,32,A,19891003,25,E004,1,,Stefan Edberg,R,188,SWE,23.702,3,0,D015,,Q,Olivier Delaitre,R,170,FRA,22.338,137,0,7-6 6-1,3,QF,,,,,,,,,,,,,,,,,,,
1989-328,Basel,Hard,32,A,19891003,26,C044,5,,Jimmy Connors,L,178,USA,37.081,14,0,C009,,,Omar Camporese,R,188,ITA,21.402,55,0,6-4 6-3,3,QF,,,,,,,,,,,,,,,,,,,
1989-328,Basel,Hard,32,A,19891003,27,C243,,,Jim Courier,R,185,USA,19.127,35,0,F165,,,Marcelo Filippini,R,178,URU,22.163,67,0,5-7 6-2 6-4,3,QF,,,,,,,,,,,,,,,,,,,
1989-328,Basel,Hard,32,A,19891003,28,G023,8,,Andres Gomez,L,193,ECU,29.596,24,0,I034,,,Goran Ivanisevic,L,193,CRO,18.053,46,0,6-3 7-6,3,QF,,,,,,,,,,,,,,,,,,,
1989-328,Basel,Hard,32,A,19891003,29,E004,1,,Stefan Edberg,R,188,SWE,23.702,3,0,C044,5,,Jimmy Connors,L,178,USA,37.081,14,0,6-1 7-5,3,SF,,,,,,,,,,,,,,,,,,,
1989-328,Basel,Hard,32,A,19891003,30,C243,,,Jim Courier,R,185,USA,19.127,35,0,G023,8,,Andres Gomez,L,193,ECU,29.596,24,0,7-6 6-4,3,SF,,,,,,,,,,,,,,,,,,,
1989-328,Basel,Hard,32,A,19891003,31,C243,,,Jim Courier,R,185,USA,19.127,35,0,E004,1,,Stefan Edberg,R,188,SWE,23.702,3,0,7-6 3-6 2-6 6-0 7-5,5,F,,,,,,,,,,,,,,,,,,,
1989-327,Toulouse,Hard,32,A,19891009,1,M047,1,,John McEnroe,L,180,USA,30.645,4,0,T032,,WC,Thierry Tulasne,R,178,FRA,26.245,115,0,4-6 6-1 7-6,3,R32,,,,,,,,,,,,,,,,,,,
1989-327,Toulouse,Hard,32,A,19891009,2,K024,,,Ramesh Krishnan,R,170,IND,28.345,81,0,S072,,,Milan Srejber,R,203,CZE,25.777,99,0,7-5 4-6 6-3,3,R32,,,,,,,,,,,,,,,,,,,
1989-327,Toulouse,Hard,32,A,19891009,3,P021,,Q,Diego Perez,R,178,URU,27.663,106,0,N109,,,Diego Nargiso,L,188,ITA,19.57,145,0,6-2 2-6 6-4,3,R32,,,,,,,,,,,,,,,,,,,
1989-327,Toulouse,Hard,32,A,19891009,4,G182,,,Magnus Gustafsson,R,185,SWE,22.765,93,0,F035,7,,Guy Forget,L,190,FRA,24.761,61,0,6-4 4-6 6-3,3,R32,,,,,,,,,,,,,,,,,,,
1989-327,Toulouse,Hard,32,A,19891009,5,S055,4,,Horst Skoff,R,175,AUT,21.131,20,0,B403,,Q,Lionel Barthez,R,180,FRA,22.396,653,0,6-2 6-4,3,R32,,,,,,,,,,,,,,,,,,,
1989-327,Toulouse,Hard,32,A,19891009,6,W026,,,Eric Winogradsky,R,188,FRA,23.466,129,0,F041,,,Javier Frana,L,185,ARG,22.79,109,0,6-7 6-4 6-4,3,R32,,,,,,,,,,,,,,,,,,,
1989-327,Toulouse,Hard,32,A,19891009,7,L008,,,Martin Laurendeau,R,190,CAN,25.248,167,0,T010,,,Michael Tauson,R,193,DEN,23.291,108,0,7-6 7-5,3,R32,,,,,,,,,,,,,,,,,,,
1989-327,Toulouse,Hard,32,A,19891009,8,A034,5,,Jordi Arrese,R,175,ESP,25.112,36,0,B322,,,Chris Bailey,R,196,GBR,21.446,127,0,6-1 6-4,3,R32,,,,,,,,,,,,,,,,,,,
1989-327,Toulouse,Hard,32,A,19891009,9,S424,,WC,Fabrice Santoro,R,178,FRA,16.832,311,0,C009,6,,Omar Camporese,R,188,ITA,21.421,41,0,6-2 2-6 6-3,3,R32,,,,,,,,,,,,,,,,,,,
1989-327,Toulouse,Hard,32,A,19891009,10,B040,,,Christian Bergstrom,R,180,SWE,22.226,75,0,S021,,,Michiel Schapers,R,201,NED,29.996,78,0,6-1 6-4,3,R32,,,,,,,,,,,,,,,,,,,
1989-327,Toulouse,Hard,32,A,19891009,11,A141,,,Jose Francisco Altur,L,190,ESP,21.544,123,0,V098,,,Andres Vysand,R,180,GER,23.584,131,0,6-3 6-3,3,R32,,,,,,,,,,,,,,,,,,,
1989-327,Toulouse,Hard,32,A,19891009,12,C031,3,,Andrei Chesnokov,R,188,RUS,23.682,21,0,P218,,,Nicolas Pereira,R,188,VEN,19.028,103,0,6-4 6-3,3,R32,,,,,,,,,,,,,,,,,,,
1989-327,Toulouse,Hard,32,A,19891009,13,P043,,,Jerome Potier,L,180,FRA,27.228,96,0,F165,8,,Marcelo Filippini,R,178,URU,22.182,56,0,6-4 6-1,3,R32,,,,,,,,,,,,,,,,,,,
1989-327,Toulouse,Hard,32,A,19891009,14,C246,,Q,Andrew Castle,R,190,GBR,25.9,240,0,C011,,,Jonathan Canter,R,185,USA,24.348,122,0,3-6 6-2 6-3,3,R32,,,,,,,,,,,,,,,,,,,
1989-327,Toulouse,Hard,32,A,19891009,15,R023,,,Udo Riglewski,R,185,GER,23.201,135,0,D051,,Q,Girts Dzelde,R,173,LAT,26.234,462,0,7-6 2-6 6-1,3,R32,,,,,,,,,,,,,,,,,,,
1989-327,Toulouse,Hard,32,A,19891009,16,C044,2,,Jimmy Connors,L,178,USA,37.101,14,0,C018,,,Johan Carlsson,R,183,SWE,23.693,141,0,6-0 6-1,3,R32,,,,,,,,,,,,,,,,,,,
1989-327,Toulouse,Hard,32,A,19891009,17,M047,1,,John McEnroe,L,180,USA,30.645,4,0,K024,,,Ramesh Krishnan,R,170,IND,28.345,81,0,7-6 6-3,3,R16,,,,,,,,,,,,,,,,,,,
1989-327,Toulouse,Hard,32,A,19891009,18,G182,,,Magnus Gustafsson,R,185,SWE,22.765,93,0,P021,,Q,Diego Perez,R,178,URU,27.663,106,0,6-3 6-3,3,R16,,,,,,,,,,,,,,,,,,,
1989-327,Toulouse,Hard,32,A,19891009,19,S055,4,,Horst Skoff,R,175,AUT,21.131,20,0,W026,,,Eric Winogradsky,R,188,FRA,23.466,129,0,7-6 4-6 6-1,3,R16,,,,,,,,,,,,,,,,,,,
1989-327,Toulouse,Hard,32,A,19891009,20,L008,,,Martin Laurendeau,R,190,CAN,25.248,167,0,A034,5,,Jordi Arrese,R,175,ESP,25.112,36,0,6-3 6-2,3,R16,,,,,,,,,,,,,,,,,,,
1989-327,Toulouse,Hard,32,A,19891009,21,B040,,,Christian Bergstrom,R,180,SWE,22.226,75,0,S424,,WC,Fabrice Santoro,R,178,FRA,16.832,311,0,7-5 6-3,3,R16,,,,,,,,,,,,,,,,,,,
1989-327,Toulouse,Hard,32,A,19891009,22,C031,3,,Andrei Chesnokov,R,188,RUS,23.682,21,0,A141,,,Jose Francisco Altur,L,190,ESP,21.544,123,0,6-1 6-4,3,R16,,,,,,,,,,,,,,,,,,,
1989-327,Toulouse,Hard,32,A,19891009,23,P043,,,Jerome Potier,L,180,FRA,27.228,96,0,C246,,Q,Andrew Castle,R,190,GBR,25.9,240,0,0-6 7-6 6-2,3,R16,,,,,,,,,,,,,,,,,,,
1989-327,Toulouse,Hard,32,A,19891009,24,C044,2,,Jimmy Connors,L,178,USA,37.101,14,0,R023,,,Udo Riglewski,R,185,GER,23.201,135,0,2-6 6-2 7-6,3,R16,,,,,,,,,,,,,,,,,,,
1989-327,Toulouse,Hard,32,A,19891009,25,M047,1,,John McEnroe,L,180,USA,30.645,4,0,G182,,,Magnus Gustafsson,R,185,SWE,22.765,93,0,7-5 6-3,3,QF,,,,,,,,,,,,,,,,,,,
1989-327,Toulouse,Hard,32,A,19891009,26,S055,4,,Horst Skoff,R,175,AUT,21.131,20,0,L008,,,Martin Laurendeau,R,190,CAN,25.248,167,0,6-3 6-2,3,QF,,,,,,,,,,,,,,,,,,,
1989-327,Toulouse,Hard,32,A,19891009,27,C031,3,,Andrei Chesnokov,R,188,RUS,23.682,21,0,B040,,,Christian Bergstrom,R,180,SWE,22.226,75,0,6-4 6-3,3,QF,,,,,,,,,,,,,,,,,,,
1989-327,Toulouse,Hard,32,A,19891009,28,C044,2,,Jimmy Connors,L,178,USA,37.101,14,0,P043,,,Jerome Potier,L,180,FRA,27.228,96,0,6-3 6-1,3,QF,,,,,,,,,,,,,,,,,,,
1989-327,Toulouse,Hard,32,A,19891009,29,M047,1,,John McEnroe,L,180,USA,30.645,4,0,S055,4,,Horst Skoff,R,175,AUT,21.131,20,0,6-1 6-3,3,SF,,,,,,,,,,,,,,,,,,,
1989-327,Toulouse,Hard,32,A,19891009,30,C044,2,,Jimmy Connors,L,178,USA,37.101,14,0,C031,3,,Andrei Chesnokov,R,188,RUS,23.682,21,0,3-6 6-3 6-1,3,SF,,,,,,,,,,,,,,,,,,,
1989-327,Toulouse,Hard,32,A,19891009,31,C044,2,,Jimmy Connors,L,178,USA,37.101,14,0,M047,1,,John McEnroe,L,180,USA,30.645,4,0,6-3 6-3,3,F,,,,,,,,,,,,,,,,,,,
1989-427,Sydney Indoor,Hard,32,A,19891009,1,L018,1,,Ivan Lendl,R,188,USA,29.591,1,0,M059,,Q,Mauro Menezes,R,193,BRA,26.204,230,0,6-2 6-0,3,R32,,,,,,,,,,,,,,,,,,,
1989-427,Sydney Indoor,Hard,32,A,19891009,2,S045,,,Leif Shiras,R,183,USA,30.136,74,0,P012,,,David Pate,R,183,USA,27.483,234,0,2-6 6-2 6-4,3,R32,,,,,,,,,,,,,,,,,,,
1989-427,Sydney Indoor,Hard,32,A,19891009,3,H029,,,Thomas Hogstedt,R,190,SWE,26.051,119,0,D008,,,Horacio De La Pena,L,180,ARG,23.19,107,0,7-5 6-2,3,R32,,,,,,,,,,,,,,,,,,,
1989-427,Sydney Indoor,Hard,32,A,19891009,4,M030,8,,Wally Masur,R,180,AUS,26.409,58,0,D040,,,Brad Drewett,L,185,AUS,31.225,117,0,6-4 6-4,3,R32,,,,,,,,,,,,,,,,,,,
1989-427,Sydney Indoor,Hard,32,A,19891009,5,K133,,,Niclas Kroon,R,183,SWE,23.674,86,0,F028,4,,John Fitzgerald,R,183,AUS,28.78,35,0,6-3 2-6 6-4,3,R32,,,,,,,,,,,,,,,,,,,
1989-427,Sydney Indoor,Hard,32,A,19891009,6,C001,,,Darren Cahill,R,185,AUS,24.019,94,0,A022,,WC,Vijay Amritraj,R,193,IND,35.819,229,0,6-4 6-0,3,R32,,,,,,,,,,,,,,,,,,,
1989-427,Sydney Indoor,Hard,32,A,19891009,7,W035,,,Mark Woodforde,L,188,AUS,24.044,88,0,B294,,WC,Shane Barr,R,193,AUS,19.967,232,0,6-3 7-6,3,R32,,,,,,,,,,,,,,,,,,,
1989-427,Sydney Indoor,Hard,32,A,19891009,8,F164,,,Richard Fromberg,R,196,AUS,19.45,160,0,J008,6,,Eric Jelen,R,180,GER,24.58,48,0,4-6 7-6 6-2,3,R32,,,,,,,,,,,,,,,,,,,
1989-427,Sydney Indoor,Hard,32,A,19891009,9,Z006,5,,Slobodan Zivojinovic,R,198,YUG,26.215,47,0,P244,,Q,Darren Patten,R,188,AUS,19.165,653,0,5-7 6-2 6-4,3,R32,,,,,,,,,,,,,,,,,,,
1989-427,Sydney Indoor,Hard,32,A,19891009,10,M093,,Q,Alexander Mronz,R,188,GER,24.507,158,0,M064,,,Glenn Michibata,R,175,CAN,27.324,137,0,6-1 2-6 7-5,3,R32,,,,,,,,,,,,,,,,,,,
1989-427,Sydney Indoor,Hard,32,A,19891009,11,W001,,Q,Lars-Anders Wahlgren,R,193,SWE,23.127,222,0,C046,,,Grant Connell,L,185,CAN,23.893,91,0,7-6 3-6 6-4,3,R32,,,,,,,,,,,,,,,,,,,
1989-427,Sydney Indoor,Hard,32,A,19891009,12,S080,3,,Carl-Uwe Steeb,L,180,GER,22.105,18,0,W136,,,Todd Woodbridge,R,178,AUS,18.522,118,0,6-1 6-4,3,R32,,,,,,,,,,,,,,,,,,,
1989-427,Sydney Indoor,Hard,32,A,19891009,13,A163,,,Johan Anderson,R,183,AUS,18.029,128,0,M032,7,,Richard Matuszewski,R,188,USA,25.087,60,0,6-2 6-2,3,R32,,,,,,,,,,,,,,,,,,,
1989-427,Sydney Indoor,Hard,32,A,19891009,14,S288,,,Christian Saceanu,R,190,GER,21.254,120,0,Y002,,WC,Simon Youl,R,185,AUS,24.274,130,0,6-2 6-4,3,R32,,,,,,,,,,,,,,,,,,,
1989-427,Sydney Indoor,Hard,32,A,19891009,15,S331,,,Jason Stoltenberg,R,185,AUS,19.515,104,0,F031,,,Jean-Philippe Fleurian,R,185,FRA,24.077,83,0,6-4 3-6 6-4,3,R32,,,,,,,,,,,,,,,,,,,
1989-427,Sydney Indoor,Hard,32,A,19891009,16,K021,,,Mark Kratzmann,L,178,AUS,23.398,149,0,H025,2,,Jakob Hlasek,R,188,SUI,24.906,10,0,6-1 2-6 7-6,3,R32,,,,,,,,,,,,,,,,,,,
1989-427,Sydney Indoor,Hard,32,A,19891009,17,L018,1,,Ivan Lendl,R,188,USA,29.591,1,0,S045,,,Leif Shiras,R,183,USA,30.136,74,0,6-2 6-4,3,R16,,,,,,,,,,,,,,,,,,,
1989-427,Sydney Indoor,Hard,32,A,19891009,18,H029,,,Thomas Hogstedt,R,190,SWE,26.051,119,0,M030,8,,Wally Masur,R,180,AUS,26.409,58,0,5-7 6-4 6-2,3,R16,,,,,,,,,,,,,,,,,,,
1989-427,Sydney Indoor,Hard,32,A,19891009,19,K133,,,Niclas Kroon,R,183,SWE,23.674,86,0,C001,,,Darren Cahill,R,185,AUS,24.019,94,0,6-0 6-4,3,R16,,,,,,,,,,,,,,,,,,,
1989-427,Sydney Indoor,Hard,32,A,19891009,20,W035,,,Mark Woodforde,L,188,AUS,24.044,88,0,F164,,,Richard Fromberg,R,196,AUS,19.45,160,0,1-6 6-2 6-3,3,R16,,,,,,,,,,,,,,,,,,,
1989-427,Sydney Indoor,Hard,32,A,19891009,21,Z006,5,,Slobodan Zivojinovic,R,198,YUG,26.215,47,0,M093,,Q,Alexander Mronz,R,188,GER,24.507,158,0,4-6 6-1 6-4,3,R16,,,,,,,,,,,,,,,,,,,
1989-427,Sydney Indoor,Hard,32,A,19891009,22,W001,,Q,Lars-Anders Wahlgren,R,193,SWE,23.127,222,0,S080,3,,Carl-Uwe Steeb,L,180,GER,22.105,18,0,1-6 6-4 6-4,3,R16,,,,,,,,,,,,,,,,,,,
1989-427,Sydney Indoor,Hard,32,A,19891009,23,A163,,,Johan Anderson,R,183,AUS,18.029,128,0,S288,,,Christian Saceanu,R,190,GER,21.254,120,0,6-1 6-3,3,R16,,,,,,,,,,,,,,,,,,,
1989-427,Sydney Indoor,Hard,32,A,19891009,24,S331,,,Jason Stoltenberg,R,185,AUS,19.515,104,0,K021,,,Mark Kratzmann,L,178,AUS,23.398,149,0,6-7 7-6 6-3,3,R16,,,,,,,,,,,,,,,,,,,
1989-427,Sydney Indoor,Hard,32,A,19891009,25,L018,1,,Ivan Lendl,R,188,USA,29.591,1,0,H029,,,Thomas Hogstedt,R,190,SWE,26.051,119,0,6-2 6-2,3,QF,,,,,,,,,,,,,,,,,,,
1989-427,Sydney Indoor,Hard,32,A,19891009,26,K133,,,Niclas Kroon,R,183,SWE,23.674,86,0,W035,,,Mark Woodforde,L,188,AUS,24.044,88,0,0-6 7-5 7-6,3,QF,,,,,,,,,,,,,,,,,,,
1989-427,Sydney Indoor,Hard,32,A,19891009,27,W001,,Q,Lars-Anders Wahlgren,R,193,SWE,23.127,222,0,Z006,5,,Slobodan Zivojinovic,R,198,YUG,26.215,47,0,6-3 7-6,3,QF,,,,,,,,,,,,,,,,,,,
1989-427,Sydney Indoor,Hard,32,A,19891009,28,A163,,,Johan Anderson,R,183,AUS,18.029,128,0,S331,,,Jason Stoltenberg,R,185,AUS,19.515,104,0,6-3 6-3,3,QF,,,,,,,,,,,,,,,,,,,
1989-427,Sydney Indoor,Hard,32,A,19891009,29,L018,1,,Ivan Lendl,R,188,USA,29.591,1,0,K133,,,Niclas Kroon,R,183,SWE,23.674,86,0,6-1 6-1,3,SF,,,,,,,,,,,,,,,,,,,
1989-427,Sydney Indoor,Hard,32,A,19891009,30,W001,,Q,Lars-Anders Wahlgren,R,193,SWE,23.127,222,0,A163,,,Johan Anderson,R,183,AUS,18.029,128,0,6-3 4-6 6-4,3,SF,,,,,,,,,,,,,,,,,,,
1989-427,Sydney Indoor,Hard,32,A,19891009,31,L018,1,,Ivan Lendl,R,188,USA,29.591,1,0,W001,,Q,Lars-Anders Wahlgren,R,193,SWE,23.127,222,0,6-2 6-2 6-1,5,F,,,,,,,,,,,,,,,,,,,
1989-330,Tel Aviv,Hard,32,A,19891016,1,B021,,,Jeremy Bates,R,180,GBR,27.326,154,0,G016,1,,Brad Gilbert,R,185,USA,28.186,6,0,6-7 7-6 7-6,3,R32,,,,,,,,,,,,,,,,,,,
1989-330,Tel Aviv,Hard,32,A,19891016,2,P045,,,Gianluca Pozzi,L,180,ITA,24.331,218,0,M028,,,Danilo Marcelino,R,193,BRA,23.608,184,0,7-6 6-3,3,R32,,,,,,,,,,,,,,,,,,,
1989-330,Tel Aviv,Hard,32,A,19891016,3,N005,,Q,Amit Naor,R,178,ISR,22.229,393,0,C018,,,Johan Carlsson,R,183,SWE,23.713,140,0,4-6 6-4 7-6,3,R32,,,,,,,,,,,,,,,,,,,
1989-330,Tel Aviv,Hard,32,A,19891016,4,J018,8,,Kelly Jones,R,185,USA,25.544,139,0,O006,,,Nduka Odizor,R,183,NGR,31.187,198,0,6-2 7-5,3,R32,,,,,,,,,,,,,,,,,,,
1989-330,Tel Aviv,Hard,32,A,19891016,5,V014,4,,Christo Van Rensburg,R,185,RSA,26.982,29,0,M031,,,Eduardo Masso,L,178,BEL,25.763,165,0,6-4 6-1,3,R32,,,,,,,,,,,,,,,,,,,
1989-330,Tel Aviv,Hard,32,A,19891016,6,B051,,,Gilad Bloom,L,173,ISR,22.628,181,0,H155,,Q,Per Henricsson,R,190,SWE,20.186,277,0,6-1 6-1,3,R32,,,,,,,,,,,,,,,,,,,
1989-330,Tel Aviv,Hard,32,A,19891016,7,C036,,,Josef Cihak,R,185,CZE,26.579,265,0,B113,,,Nick Brown,R,190,GBR,28.118,153,0,7-5 4-6 6-3,3,R32,,,,,,,,,,,,,,,,,,,
1989-330,Tel Aviv,Hard,32,A,19891016,8,B293,,,Patrick Baur,R,188,GER,24.454,177,0,H223,5,,Paul Haarhuis,R,188,NED,23.655,75,0,6-2 0-6 6-2,3,R32,,,,,,,,,,,,,,,,,,,
1989-330,Tel Aviv,Hard,32,A,19891016,9,B322,6,,Chris Bailey,R,196,GBR,21.465,138,0,E061,,,David Engel,R,180,SWE,21.999,204,0,6-4 6-3,3,R32,,,,,,,,,,,,,,,,,,,
1989-330,Tel Aviv,Hard,32,A,19891016,10,Z045,,,Markus Zoecke,R,196,GER,21.435,183,0,B267,,Q,Rikard Bergh,L,188,SWE,23.34,201,0,3-6 6-3 6-3,3,R32,,,,,,,,,,,,,,,,,,,
1989-330,Tel Aviv,Hard,32,A,19891016,11,M373,,WC,Boaz Merenstein,L,180,ISR,19.537,381,0,A025,,,Matt Anger,R,188,USA,26.324,142,0,7-6 6-1,3,R32,,,,,,,,,,,,,,,,,,,
1989-330,Tel Aviv,Hard,32,A,19891016,12,M012,3,,Amos Mansdorf,R,175,ISR,23.989,22,0,D184,,WC,Michael Daniel,R,188,ISR,23.901,351,0,6-3 6-3,3,R32,,,,,,,,,,,,,,,,,,,
1989-330,Tel Aviv,Hard,32,A,19891016,13,N016,7,,Miguel Nido,R,180,PUR,26.609,134,0,B010,,,Russell Barlow,L,173,AUS,26.828,175,0,3-6 6-2 6-4,3,R32,,,,,,,,,,,,,,,,,,,
1989-330,Tel Aviv,Hard,32,A,19891016,14,G055,,Q,Steve Guy,R,188,NZL,30.59,151,0,M093,,,Alexander Mronz,R,188,GER,24.526,162,0,6-4 6-4,3,R32,,,,,,,,,,,,,,,,,,,
1989-330,Tel Aviv,Hard,32,A,19891016,15,N099,,,Tomas Nydahl,R,185,SWE,21.572,173,0,F049,,,Nick Fulwood,R,185,GBR,26.04,228,0,4-6 6-3 7-6,3,R32,,,,,,,,,,,,,,,,,,,
1989-330,Tel Aviv,Hard,32,A,19891016,16,C044,2,,Jimmy Connors,L,178,USA,37.12,13,0,O015,,,Menno Oosting,R,180,NED,25.415,191,0,6-2 6-0,3,R32,,,,,,,,,,,,,,,,,,,
1989-330,Tel Aviv,Hard,32,A,19891016,17,P045,,,Gianluca Pozzi,L,180,ITA,24.331,218,0,B021,,,Jeremy Bates,R,180,GBR,27.326,154,0,6-2 6-2,3,R16,,,,,,,,,,,,,,,,,,,
1989-330,Tel Aviv,Hard,32,A,19891016,18,J018,8,,Kelly Jones,R,185,USA,25.544,139,0,N005,,Q,Amit Naor,R,178,ISR,22.229,393,0,6-3 6-2,3,R16,,,,,,,,,,,,,,,,,,,
1989-330,Tel Aviv,Hard,32,A,19891016,19,B051,,,Gilad Bloom,L,173,ISR,22.628,181,0,V014,4,,Christo Van Rensburg,R,185,RSA,26.982,29,0,7-6 4-2 RET,3,R16,,,,,,,,,,,,,,,,,,,
1989-330,Tel Aviv,Hard,32,A,19891016,20,C036,,,Josef Cihak,R,185,CZE,26.579,265,0,B293,,,Patrick Baur,R,188,GER,24.454,177,0,3-6 6-3 7-5,3,R16,,,,,,,,,,,,,,,,,,,
1989-330,Tel Aviv,Hard,32,A,19891016,21,Z045,,,Markus Zoecke,R,196,GER,21.435,183,0,B322,6,,Chris Bailey,R,196,GBR,21.465,138,0,7-6 6-3,3,R16,,,,,,,,,,,,,,,,,,,
1989-330,Tel Aviv,Hard,32,A,19891016,22,M012,3,,Amos Mansdorf,R,175,ISR,23.989,22,0,M373,,WC,Boaz Merenstein,L,180,ISR,19.537,381,0,6-2 6-1,3,R16,,,,,,,,,,,,,,,,,,,
1989-330,Tel Aviv,Hard,32,A,19891016,23,N016,7,,Miguel Nido,R,180,PUR,26.609,134,0,G055,,Q,Steve Guy,R,188,NZL,30.59,151,0,7-6 6-4,3,R16,,,,,,,,,,,,,,,,,,,
1989-330,Tel Aviv,Hard,32,A,19891016,24,C044,2,,Jimmy Connors,L,178,USA,37.12,13,0,N099,,,Tomas Nydahl,R,185,SWE,21.572,173,0,6-1 6-4,3,R16,,,,,,,,,,,,,,,,,,,
1989-330,Tel Aviv,Hard,32,A,19891016,25,P045,,,Gianluca Pozzi,L,180,ITA,24.331,218,0,J018,8,,Kelly Jones,R,185,USA,25.544,139,0,6-3 7-5,3,QF,,,,,,,,,,,,,,,,,,,
1989-330,Tel Aviv,Hard,32,A,19891016,26,B051,,,Gilad Bloom,L,173,ISR,22.628,181,0,C036,,,Josef Cihak,R,185,CZE,26.579,265,0,7-5 6-1,3,QF,,,,,,,,,,,,,,,,,,,
1989-330,Tel Aviv,Hard,32,A,19891016,27,M012,3,,Amos Mansdorf,R,175,ISR,23.989,22,0,Z045,,,Markus Zoecke,R,196,GER,21.435,183,0,6-2 6-7 6-2,3,QF,,,,,,,,,,,,,,,,,,,
1989-330,Tel Aviv,Hard,32,A,19891016,28,C044,2,,Jimmy Connors,L,178,USA,37.12,13,0,N016,7,,Miguel Nido,R,180,PUR,26.609,134,0,1-6 6-3 6-3,3,QF,,,,,,,,,,,,,,,,,,,
1989-330,Tel Aviv,Hard,32,A,19891016,29,B051,,,Gilad Bloom,L,173,ISR,22.628,181,0,P045,,,Gianluca Pozzi,L,180,ITA,24.331,218,0,6-3 5-7 6-3,3,SF,,,,,,,,,,,,,,,,,,,
1989-330,Tel Aviv,Hard,32,A,19891016,30,C044,2,,Jimmy Connors,L,178,USA,37.12,13,0,M012,3,,Amos Mansdorf,R,175,ISR,23.989,22,0,6-3 7-5,3,SF,,,,,,,,,,,,,,,,,,,
1989-330,Tel Aviv,Hard,32,A,19891016,31,C044,2,,Jimmy Connors,L,178,USA,37.12,13,0,B051,,,Gilad Bloom,L,173,ISR,22.628,181,0,2-6 6-2 6-1,3,F,,,,,,,,,,,,,,,,,,,
1989-337,Vienna,Carpet,32,A,19891016,1,B281,1,,Jay Berger,R,180,USA,22.888,11,0,C011,,Q,Jonathan Canter,R,185,USA,24.367,133,0,6-2 3-6 6-1,3,R32,,,,,,,,,,,,,,,,,,,
1989-337,Vienna,Carpet,32,A,19891016,2,G010,,Q,Christian Geyer,L,183,GER,25.511,406,0,C260,,,Andrei Cherkasov,R,180,RUS,19.285,82,0,6-4 3-6 7-6,3,R32,,,,,,,,,,,,,,,,,,,
1989-337,Vienna,Carpet,32,A,19891016,3,K148,,Q,Petr Korda,L,190,CZE,21.73,155,0,S072,,,Milan Srejber,R,203,CZE,25.796,119,0,6-4 7-6,3,R32,,,,,,,,,,,,,,,,,,,
1989-337,Vienna,Carpet,32,A,19891016,4,S021,,,Michiel Schapers,R,201,NED,30.015,89,0,I034,8,,Goran Ivanisevic,L,193,CRO,18.092,39,0,6-3 7-6,3,R32,,,,,,,,,,,,,,,,,,,
1989-337,Vienna,Carpet,32,A,19891016,5,S055,3,,Horst Skoff,R,175,AUT,21.15,19,0,N010,,Q,Jaroslav Navratil,R,196,CZE,32.23,598,0,7-5 6-4,3,R32,,,,,,,,,,,,,,,,,,,
1989-337,Vienna,Carpet,32,A,19891016,6,L010,,,Glenn Layendecker,L,185,USA,28.438,112,0,O063,,WC,Michael Oberleitner,R,190,AUT,23.25,755,0,6-3 7-6,3,R32,,,,,,,,,,,,,,,,,,,
1989-337,Vienna,Carpet,32,A,19891016,7,G053,,,Jan Gunnarsson,R,185,SWE,27.381,37,0,A028,,,Alex Antonitsch,R,188,AUT,23.685,67,0,2-6 6-3 6-4,3,R32,,,,,,,,,,,,,,,,,,,
1989-337,Vienna,Carpet,32,A,19891016,8,A027,,,Paul Annacone,R,185,USA,26.576,92,0,A034,6,,Jordi Arrese,R,175,ESP,25.131,35,0,6-4 6-2,3,R32,,,,,,,,,,,,,,,,,,,
1989-337,Vienna,Carpet,32,A,19891016,9,P050,5,,Goran Prpic,R,180,CRO,25.451,33,0,O018,,,Bruno Oresar,R,175,CRO,22.489,83,0,6-3 6-4,3,R32,,,,,,,,,,,,,,,,,,,
1989-337,Vienna,Carpet,32,A,19891016,10,V037,,,Alexander Volkov,L,188,RUS,22.623,49,0,S351,,,Michael Stich,R,193,GER,20.994,87,0,7-5 6-2,3,R32,,,,,,,,,,,,,,,,,,,
1989-337,Vienna,Carpet,32,A,19891016,11,E025,,,Kelly Evernden,R,175,NZL,28.068,46,0,P218,,,Nicolas Pereira,R,188,VEN,19.047,115,0,6-4 6-1,3,R32,,,,,,,,,,,,,,,,,,,
1989-337,Vienna,Carpet,32,A,19891016,12,C012,4,,Paolo Cane,R,180,ITA,24.52,28,0,N109,,,Diego Nargiso,L,188,ITA,19.589,146,0,6-3 6-4,3,R32,,,,,,,,,,,,,,,,,,,
1989-337,Vienna,Carpet,32,A,19891016,13,J006,7,,Anders Jarryd,R,180,SWE,28.26,36,0,B040,,,Christian Bergstrom,R,180,SWE,22.245,102,0,7-5 6-1,3,R32,,,,,,,,,,,,,,,,,,,
1989-337,Vienna,Carpet,32,A,19891016,14,V002,,,Marian Vajda,R,173,SVK,24.564,126,0,C009,,,Omar Camporese,R,188,ITA,21.44,48,0,6-4 6-4,3,R32,,,,,,,,,,,,,,,,,,,
1989-337,Vienna,Carpet,32,A,19891016,15,B317,,WC,Thomas Buchmayer,L,185,AUT,18.669,295,0,O026,,LL,Ricki Osterthun,R,185,GER,25.457,156,0,6-4 6-2,3,R32,,,,,,,,,,,,,,,,,,,
1989-337,Vienna,Carpet,32,A,19891016,16,M099,2,,Thomas Muster,L,180,AUT,22.04,17,0,B292,,WC,Michael Bauer,R,173,AUT,21.711,,,6-4 6-2,3,R32,,,,,,,,,,,,,,,,,,,
1989-337,Vienna,Carpet,32,A,19891016,17,B281,1,,Jay Berger,R,180,USA,22.888,11,0,G010,,Q,Christian Geyer,L,183,GER,25.511,406,0,6-3 6-2,3,R16,,,,,,,,,,,,,,,,,,,
1989-337,Vienna,Carpet,32,A,19891016,18,K148,,Q,Petr Korda,L,190,CZE,21.73,155,0,S021,,,Michiel Schapers,R,201,NED,30.015,89,0,6-4 5-7 6-4,3,R16,,,,,,,,,,,,,,,,,,,
1989-337,Vienna,Carpet,32,A,19891016,19,L010,,,Glenn Layendecker,L,185,USA,28.438,112,0,S055,3,,Horst Skoff,R,175,AUT,21.15,19,0,6-2 6-4,3,R16,,,,,,,,,,,,,,,,,,,
1989-337,Vienna,Carpet,32,A,19891016,20,A027,,,Paul Annacone,R,185,USA,26.576,92,0,G053,,,Jan Gunnarsson,R,185,SWE,27.381,37,0,6-1 7-5,3,R16,,,,,,,,,,,,,,,,,,,
1989-337,Vienna,Carpet,32,A,19891016,21,V037,,,Alexander Volkov,L,188,RUS,22.623,49,0,P050,5,,Goran Prpic,R,180,CRO,25.451,33,0,7-6 5-7 6-3,3,R16,,,,,,,,,,,,,,,,,,,
1989-337,Vienna,Carpet,32,A,19891016,22,E025,,,Kelly Evernden,R,175,NZL,28.068,46,0,C012,4,,Paolo Cane,R,180,ITA,24.52,28,0,6-4 6-3,3,R16,,,,,,,,,,,,,,,,,,,
1989-337,Vienna,Carpet,32,A,19891016,23,J006,7,,Anders Jarryd,R,180,SWE,28.26,36,0,V002,,,Marian Vajda,R,173,SVK,24.564,126,0,2-6 6-0 6-3,3,R16,,,,,,,,,,,,,,,,,,,
1989-337,Vienna,Carpet,32,A,19891016,24,M099,2,,Thomas Muster,L,180,AUT,22.04,17,0,B317,,WC,Thomas Buchmayer,L,185,AUT,18.669,295,0,6-4 6-2,3,R16,,,,,,,,,,,,,,,,,,,
1989-337,Vienna,Carpet,32,A,19891016,25,K148,,Q,Petr Korda,L,190,CZE,21.73,155,0,B281,1,,Jay Berger,R,180,USA,22.888,11,0,3-6 7-6 6-3,3,QF,,,,,,,,,,,,,,,,,,,
1989-337,Vienna,Carpet,32,A,19891016,26,A027,,,Paul Annacone,R,185,USA,26.576,92,0,L010,,,Glenn Layendecker,L,185,USA,28.438,112,0,6-3 7-6,3,QF,,,,,,,,,,,,,,,,,,,
1989-337,Vienna,Carpet,32,A,19891016,27,E025,,,Kelly Evernden,R,175,NZL,28.068,46,0,V037,,,Alexander Volkov,L,188,RUS,22.623,49,0,7-5 4-6 7-5,3,QF,,,,,,,,,,,,,,,,,,,
1989-337,Vienna,Carpet,32,A,19891016,28,M099,2,,Thomas Muster,L,180,AUT,22.04,17,0,J006,7,,Anders Jarryd,R,180,SWE,28.26,36,0,6-4 6-4,3,QF,,,,,,,,,,,,,,,,,,,
1989-337,Vienna,Carpet,32,A,19891016,29,A027,,,Paul Annacone,R,185,USA,26.576,92,0,K148,,Q,Petr Korda,L,190,CZE,21.73,155,0,6-1 7-6,3,SF,,,,,,,,,,,,,,,,,,,
1989-337,Vienna,Carpet,32,A,19891016,30,E025,,,Kelly Evernden,R,175,NZL,28.068,46,0,M099,2,,Thomas Muster,L,180,AUT,22.04,17,0,4-6 6-2 6-3,3,SF,,,,,,,,,,,,,,,,,,,
1989-337,Vienna,Carpet,32,A,19891016,31,A027,,,Paul Annacone,R,185,USA,26.576,92,0,E025,,,Kelly Evernden,R,175,NZL,28.068,46,0,6-7 6-4 6-1 2-6 6-3,5,F,,,,,,,,,,,,,,,,,,,
1989-428,Tokyo Indoor,Carpet,32,A,19891017,1,E004,1,,Stefan Edberg,R,188,SWE,23.74,3,0,M064,,Q,Glenn Michibata,R,175,CAN,27.343,179,0,6-1 6-3,3,R32,,,,,,,,,,,,,,,,,,,
1989-428,Tokyo Indoor,Carpet,32,A,19891017,2,F028,,,John Fitzgerald,R,183,AUS,28.799,38,0,H029,,,Thomas Hogstedt,R,190,SWE,26.07,108,0,6-3 6-2,3,R32,,,,,,,,,,,,,,,,,,,
1989-428,Tokyo Indoor,Carpet,32,A,19891017,3,L014,,,Henri Leconte,L,185,FRA,26.286,42,0,T111,,WC,Toshihisa Tsuchihashi,R,,JPN,22.995,426,0,7-6 6-0,3,R32,,,,,,,,,,,,,,,,,,,
1989-428,Tokyo Indoor,Carpet,32,A,19891017,4,J008,,,Eric Jelen,R,180,GER,24.6,50,0,C057,7,,Kevin Curren,R,185,USA,31.625,26,0,4-6 6-4 6-4,3,R32,,,,,,,,,,,,,,,,,,,
1989-428,Tokyo Indoor,Carpet,32,A,19891017,5,K023,4,,Aaron Krickstein,R,183,USA,22.207,10,0,Z006,,,Slobodan Zivojinovic,R,198,YUG,26.234,78,0,6-3 6-7 7-6,3,R32,,,,,,,,,,,,,,,,,,,
1989-428,Tokyo Indoor,Carpet,32,A,19891017,6,D049,,Q,Broderick Dyke,L,183,AUS,28.791,240,0,P052,,,Jim Pugh,R,193,USA,25.695,60,0,6-3 7-5,3,R32,,,,,,,,,,,,,,,,,,,
1989-428,Tokyo Indoor,Carpet,32,A,19891017,7,C046,,,Grant Connell,L,185,CAN,23.912,114,0,D004,,,Scott Davis,R,188,USA,27.138,54,0,6-3 6-3,3,R32,,,,,,,,,,,,,,,,,,,
1989-428,Tokyo Indoor,Carpet,32,A,19891017,8,G023,6,,Andres Gomez,L,193,ECU,29.634,23,0,T171,,WC,Hidehiko Tanizawa,R,,JPN,,,,6-0 6-2,3,R32,,,,,,,,,,,,,,,,,,,
1989-428,Tokyo Indoor,Carpet,32,A,19891017,9,S080,5,,Carl-Uwe Steeb,L,180,GER,22.125,18,0,M048,,Q,Patrick McEnroe,R,183,USA,23.294,484,0,6-4 6-2,3,R32,,,,,,,,,,,,,,,,,,,
1989-428,Tokyo Indoor,Carpet,32,A,19891017,10,S045,,,Leif Shiras,R,183,USA,30.155,71,0,H251,,WC,Tommy Ho,L,183,USA,16.331,675,0,6-4 6-2,3,R32,,,,,,,,,,,,,,,,,,,
1989-428,Tokyo Indoor,Carpet,32,A,19891017,11,L013,,Q,Rick Leach,L,188,USA,24.799,340,0,D040,,,Brad Drewett,L,185,AUS,31.244,118,0,6-2 6-7 7-6,3,R32,,,,,,,,,,,,,,,,,,,
1989-428,Tokyo Indoor,Carpet,32,A,19891017,12,H025,3,,Jakob Hlasek,R,188,SUI,24.925,12,0,R016,,,Richey Reneberg,R,180,USA,24.03,70,0,6-7 6-3 6-2,3,R32,,,,,,,,,,,,,,,,,,,
1989-428,Tokyo Indoor,Carpet,32,A,19891017,13,G022,8,,Dan Goldie,R,188,USA,26.037,31,0,C029,,,Paul Chamberlin,R,178,USA,27.559,56,0,6-4 6-4,3,R32,,,,,,,,,,,,,,,,,,,
1989-428,Tokyo Indoor,Carpet,32,A,19891017,14,C001,,,Darren Cahill,R,185,AUS,24.038,93,0,M032,,,Richard Matuszewski,R,188,USA,25.106,98,0,7-6 3-6 6-2,3,R32,,,,,,,,,,,,,,,,,,,
1989-428,Tokyo Indoor,Carpet,32,A,19891017,15,A006,,,Ronald Agenor,R,180,USA,24.923,40,0,M338,,,Shuzo Matsuoka,R,185,JPN,21.944,124,0,6-7 6-2 7-5,3,R32,,,,,,,,,,,,,,,,,,,
1989-428,Tokyo Indoor,Carpet,32,A,19891017,16,A092,2,,Andre Agassi,R,180,USA,19.466,5,0,M030,,,Wally Masur,R,180,AUS,26.428,59,0,6-3 6-4,3,R32,,,,,,,,,,,,,,,,,,,
1989-428,Tokyo Indoor,Carpet,32,A,19891017,17,E004,1,,Stefan Edberg,R,188,SWE,23.74,3,0,F028,,,John Fitzgerald,R,183,AUS,28.799,38,0,6-2 6-3,3,R16,,,,,,,,,,,,,,,,,,,
1989-428,Tokyo Indoor,Carpet,32,A,19891017,18,L014,,,Henri Leconte,L,185,FRA,26.286,42,0,J008,,,Eric Jelen,R,180,GER,24.6,50,0,4-6 7-6 6-4,3,R16,,,,,,,,,,,,,,,,,,,
1989-428,Tokyo Indoor,Carpet,32,A,19891017,19,K023,4,,Aaron Krickstein,R,183,USA,22.207,10,0,D049,,Q,Broderick Dyke,L,183,AUS,28.791,240,0,3-6 6-3 6-4,3,R16,,,,,,,,,,,,,,,,,,,
1989-428,Tokyo Indoor,Carpet,32,A,19891017,20,C046,,,Grant Connell,L,185,CAN,23.912,114,0,G023,6,,Andres Gomez,L,193,ECU,29.634,23,0,2-6 6-1 6-4,3,R16,,,,,,,,,,,,,,,,,,,
1989-428,Tokyo Indoor,Carpet,32,A,19891017,21,S080,5,,Carl-Uwe Steeb,L,180,GER,22.125,18,0,S045,,,Leif Shiras,R,183,USA,30.155,71,0,6-1 6-4,3,R16,,,,,,,,,,,,,,,,,,,
1989-428,Tokyo Indoor,Carpet,32,A,19891017,22,L013,,Q,Rick Leach,L,188,USA,24.799,340,0,H025,3,,Jakob Hlasek,R,188,SUI,24.925,12,0,4-6 7-6 6-4,3,R16,,,,,,,,,,,,,,,,,,,
1989-428,Tokyo Indoor,Carpet,32,A,19891017,23,C001,,,Darren Cahill,R,185,AUS,24.038,93,0,G022,8,,Dan Goldie,R,188,USA,26.037,31,0,7-6 6-4,3,R16,,,,,,,,,,,,,,,,,,,
1989-428,Tokyo Indoor,Carpet,32,A,19891017,24,A006,,,Ronald Agenor,R,180,USA,24.923,40,0,A092,2,,Andre Agassi,R,180,USA,19.466,5,0,6-0 6-3,3,R16,,,,,,,,,,,,,,,,,,,
1989-428,Tokyo Indoor,Carpet,32,A,19891017,25,E004,1,,Stefan Edberg,R,188,SWE,23.74,3,0,L014,,,Henri Leconte,L,185,FRA,26.286,42,0,6-1 7-6,3,QF,,,,,,,,,,,,,,,,,,,
1989-428,Tokyo Indoor,Carpet,32,A,19891017,26,K023,4,,Aaron Krickstein,R,183,USA,22.207,10,0,C046,,,Grant Connell,L,185,CAN,23.912,114,0,6-3 6-4,3,QF,,,,,,,,,,,,,,,,,,,
1989-428,Tokyo Indoor,Carpet,32,A,19891017,27,S080,5,,Carl-Uwe Steeb,L,180,GER,22.125,18,0,L013,,Q,Rick Leach,L,188,USA,24.799,340,0,6-4 7-5,3,QF,,,,,,,,,,,,,,,,,,,
1989-428,Tokyo Indoor,Carpet,32,A,19891017,28,C001,,,Darren Cahill,R,185,AUS,24.038,93,0,A006,,,Ronald Agenor,R,180,USA,24.923,40,0,3-6 7-6 6-4,3,QF,,,,,,,,,,,,,,,,,,,
1989-428,Tokyo Indoor,Carpet,32,A,19891017,29,K023,4,,Aaron Krickstein,R,183,USA,22.207,10,0,E004,1,,Stefan Edberg,R,188,SWE,23.74,3,0,2-6 7-6 7-6,3,SF,,,,,,,,,,,,,,,,,,,
1989-428,Tokyo Indoor,Carpet,32,A,19891017,30,S080,5,,Carl-Uwe Steeb,L,180,GER,22.125,18,0,C001,,,Darren Cahill,R,185,AUS,24.038,93,0,6-4 6-4,3,SF,,,,,,,,,,,,,,,,,,,
1989-428,Tokyo Indoor,Carpet,32,A,19891017,31,K023,4,,Aaron Krickstein,R,183,USA,22.207,10,0,S080,5,,Carl-Uwe Steeb,L,180,GER,22.125,18,0,6-2 6-2,3,F,,,,,,,,,,,,,,,,,,,
1989-348,Frankfurt,Carpet,32,A,19891023,1,A027,,,Paul Annacone,R,185,USA,26.595,61,0,B281,1,,Jay Berger,R,180,USA,22.908,10,0,6-3 6-2,3,R32,,,,,,,,,,,,,,,,,,,
1989-348,Frankfurt,Carpet,32,A,19891023,2,N018,,Q,Tom Nijssen,R,175,NED,25.06,92,0,W035,,,Mark Woodforde,L,188,AUS,24.082,73,0,6-4 7-6,3,R32,,,,,,,,,,,,,,,,,,,
1989-348,Frankfurt,Carpet,32,A,19891023,3,Z045,,Q,Markus Zoecke,R,196,GER,21.454,159,0,S288,,WC,Christian Saceanu,R,190,GER,21.292,119,0,6-4 6-2,3,R32,,,,,,,,,,,,,,,,,,,
1989-348,Frankfurt,Carpet,32,A,19891023,4,J008,8,,Eric Jelen,R,180,GER,24.619,49,0,C011,,Q,Jonathan Canter,R,185,USA,24.386,142,0,3-6 7-6 6-1,3,R32,,,,,,,,,,,,,,,,,,,
1989-348,Frankfurt,Carpet,32,A,19891023,5,K148,,,Petr Korda,L,190,CZE,21.749,98,0,S101,4,,Jonas Svensson,R,188,SWE,23.006,35,0,4-6 6-1 6-3,3,R32,,,,,,,,,,,,,,,,,,,
1989-348,Frankfurt,Carpet,32,A,19891023,6,C260,,,Andrei Cherkasov,R,180,RUS,19.305,88,0,S402,,,Pete Sampras,R,185,USA,18.198,60,0,6-4 6-4,3,R32,,,,,,,,,,,,,,,,,,,
1989-348,Frankfurt,Carpet,32,A,19891023,7,S351,,,Michael Stich,R,193,GER,21.013,97,0,M338,,,Shuzo Matsuoka,R,185,JPN,21.963,191,0,6-0 6-1,3,R32,,,,,,,,,,,,,,,,,,,
1989-348,Frankfurt,Carpet,32,A,19891023,8,S072,,,Milan Srejber,R,203,CZE,25.815,123,0,I034,5,,Goran Ivanisevic,L,193,CRO,18.111,44,0,5-7 6-4 7-5,3,R32,,,,,,,,,,,,,,,,,,,
1989-348,Frankfurt,Carpet,32,A,19891023,9,E025,6,,Kelly Evernden,R,175,NZL,28.088,34,0,D005,,,Marty Davis,R,183,USA,30.938,136,0,6-4 6-2,3,R32,,,,,,,,,,,,,,,,,,,
1989-348,Frankfurt,Carpet,32,A,19891023,10,L010,,,Glenn Layendecker,L,185,USA,28.457,102,0,J018,,Q,Kelly Jones,R,185,USA,25.563,124,0,2-6 6-3 6-3,3,R32,,,,,,,,,,,,,,,,,,,
1989-348,Frankfurt,Carpet,32,A,19891023,11,A028,,,Alex Antonitsch,R,188,AUT,23.704,70,0,V002,,,Marian Vajda,R,173,SVK,24.583,131,0,6-7 6-3 6-3,3,R32,,,,,,,,,,,,,,,,,,,
1989-348,Frankfurt,Carpet,32,A,19891023,12,C057,3,,Kevin Curren,R,185,USA,31.644,27,0,R016,,,Richey Reneberg,R,180,USA,24.049,85,0,6-0 6-2,3,R32,,,,,,,,,,,,,,,,,,,
1989-348,Frankfurt,Carpet,32,A,19891023,13,B051,,,Gilad Bloom,L,173,ISR,22.648,122,0,V037,7,,Alexander Volkov,L,188,RUS,22.642,47,0,2-6 6-2 6-3,3,R32,,,,,,,,,,,,,,,,,,,
1989-348,Frankfurt,Carpet,32,A,19891023,14,M032,,,Richard Matuszewski,R,188,USA,25.125,137,0,V151,,WC,Radomir Vasek,R,188,CZE,17.081,,,6-4 6-4,3,R32,,,,,,,,,,,,,,,,,,,
1989-348,Frankfurt,Carpet,32,A,19891023,15,A066,,,Pieter Aldrich,R,180,RSA,24.126,83,0,C216,,,Tomas Carbonell,R,178,ESP,21.21,68,0,6-3 3-6 6-3,3,R32,,,,,,,,,,,,,,,,,,,
1989-348,Frankfurt,Carpet,32,A,19891023,16,W144,,,Jens Woehrmann,R,180,GER,22.125,74,0,C243,2,,Jim Courier,R,185,USA,19.184,23,0,6-4 1-6 6-1,3,R32,,,,,,,,,,,,,,,,,,,
1989-348,Frankfurt,Carpet,32,A,19891023,17,N018,,Q,Tom Nijssen,R,175,NED,25.06,92,0,A027,,,Paul Annacone,R,185,USA,26.595,61,0,1-6 6-3 7-6,3,R16,,,,,,,,,,,,,,,,,,,
1989-348,Frankfurt,Carpet,32,A,19891023,18,J008,8,,Eric Jelen,R,180,GER,24.619,49,0,Z045,,Q,Markus Zoecke,R,196,GER,21.454,159,0,3-6 6-3 6-2,3,R16,,,,,,,,,,,,,,,,,,,
1989-348,Frankfurt,Carpet,32,A,19891023,19,K148,,,Petr Korda,L,190,CZE,21.749,98,0,C260,,,Andrei Cherkasov,R,180,RUS,19.305,88,0,6-3 4-6 7-6,3,R16,,,,,,,,,,,,,,,,,,,
1989-348,Frankfurt,Carpet,32,A,19891023,20,S351,,,Michael Stich,R,193,GER,21.013,97,0,S072,,,Milan Srejber,R,203,CZE,25.815,123,0,6-3 5-7 6-4,3,R16,,,,,,,,,,,,,,,,,,,
1989-348,Frankfurt,Carpet,32,A,19891023,21,L010,,,Glenn Layendecker,L,185,USA,28.457,102,0,E025,6,,Kelly Evernden,R,175,NZL,28.088,34,0,6-4 3-6 6-2,3,R16,,,,,,,,,,,,,,,,,,,
1989-348,Frankfurt,Carpet,32,A,19891023,22,C057,3,,Kevin Curren,R,185,USA,31.644,27,0,A028,,,Alex Antonitsch,R,188,AUT,23.704,70,0,4-6 6-4 7-6,3,R16,,,,,,,,,,,,,,,,,,,
1989-348,Frankfurt,Carpet,32,A,19891023,23,M032,,,Richard Matuszewski,R,188,USA,25.125,137,0,B051,,,Gilad Bloom,L,173,ISR,22.648,122,0,6-1 6-3,3,R16,,,,,,,,,,,,,,,,,,,
1989-348,Frankfurt,Carpet,32,A,19891023,24,W144,,,Jens Woehrmann,R,180,GER,22.125,74,0,A066,,,Pieter Aldrich,R,180,RSA,24.126,83,0,7-6 3-6 6-3,3,R16,,,,,,,,,,,,,,,,,,,
1989-348,Frankfurt,Carpet,32,A,19891023,25,N018,,Q,Tom Nijssen,R,175,NED,25.06,92,0,J008,8,,Eric Jelen,R,180,GER,24.619,49,0,6-0 2-6 7-5,3,QF,,,,,,,,,,,,,,,,,,,
1989-348,Frankfurt,Carpet,32,A,19891023,26,K148,,,Petr Korda,L,190,CZE,21.749,98,0,S351,,,Michael Stich,R,193,GER,21.013,97,0,6-4 6-4,3,QF,,,,,,,,,,,,,,,,,,,
1989-348,Frankfurt,Carpet,32,A,19891023,27,C057,3,,Kevin Curren,R,185,USA,31.644,27,0,L010,,,Glenn Layendecker,L,185,USA,28.457,102,0,7-6 7-6,3,QF,,,,,,,,,,,,,,,,,,,
1989-348,Frankfurt,Carpet,32,A,19891023,28,M032,,,Richard Matuszewski,R,188,USA,25.125,137,0,W144,,,Jens Woehrmann,R,180,GER,22.125,74,0,6-4 6-4,3,QF,,,,,,,,,,,,,,,,,,,
1989-348,Frankfurt,Carpet,32,A,19891023,29,K148,,,Petr Korda,L,190,CZE,21.749,98,0,N018,,Q,Tom Nijssen,R,175,NED,25.06,92,0,7-6 6-1,3,SF,,,,,,,,,,,,,,,,,,,
1989-348,Frankfurt,Carpet,32,A,19891023,30,C057,3,,Kevin Curren,R,185,USA,31.644,27,0,M032,,,Richard Matuszewski,R,188,USA,25.125,137,0,6-3 6-3,3,SF,,,,,,,,,,,,,,,,,,,
1989-348,Frankfurt,Carpet,32,A,19891023,31,C057,3,,Kevin Curren,R,185,USA,31.644,27,0,K148,,,Petr Korda,L,190,CZE,21.749,98,0,6-2 7-5,3,F,,,,,,,,,,,,,,,,,,,
1989-352,Paris Indoor,Carpet,32,A,19891030,1,B028,1,,Boris Becker,R,190,GER,21.938,2,0,S072,,Q,Milan Srejber,R,203,CZE,25.834,122,0,6-3 6-3,3,R32,,,,,,,,,,,,,,,,,,,
1989-352,Paris Indoor,Carpet,32,A,19891030,2,F035,,WC,Guy Forget,L,190,FRA,24.819,108,0,S424,,WC,Fabrice Santoro,R,178,FRA,16.89,247,0,7-5 6-3,3,R32,,,,,,,,,,,,,,,,,,,
1989-352,Paris Indoor,Carpet,32,A,19891030,3,M030,,Q,Wally Masur,R,180,AUS,26.467,66,0,C057,,,Kevin Curren,R,185,USA,31.663,19,0,7-5 6-4,3,R32,,,,,,,,,,,,,,,,,,,
1989-352,Paris Indoor,Carpet,32,A,19891030,4,M372,7,,Alberto Mancini,R,180,ARG,20.446,9,0,W023,,,Mats Wilander,R,183,SWE,25.188227,13,0,7-6 6-4,3,R32,,,,,,,,,,,,,,,,,,,
1989-352,Paris Indoor,Carpet,32,A,19891030,5,M047,3,,John McEnroe,L,180,USA,30.702,4,0,S101,,Q,Jonas Svensson,R,188,SWE,23.025,36,0,6-3 6-3,3,R32,,,,,,,,,,,,,,,,,,,
1989-352,Paris Indoor,Carpet,32,A,19891030,6,S055,,,Horst Skoff,R,175,AUT,21.188,28,0,V014,,,Christo Van Rensburg,R,185,RSA,27.02,26,0,6-4 4-6 6-3,3,R32,,,,,,,,,,,,,,,,,,,
1989-352,Paris Indoor,Carpet,32,A,19891030,7,L014,,WC,Henri Leconte,L,185,FRA,26.324,37,0,M032,,,Richard Matuszewski,R,188,USA,25.144,112,0,7-6 6-0,3,R32,,,,,,,,,,,,,,,,,,,
1989-352,Paris Indoor,Carpet,32,A,19891030,8,C274,5,,Michael Chang,R,175,USA,17.687,5,0,M012,,,Amos Mansdorf,R,175,ISR,24.027,39,0,6-3 6-2,3,R32,,,,,,,,,,,,,,,,,,,
1989-352,Paris Indoor,Carpet,32,A,19891030,9,K023,6,,Aaron Krickstein,R,183,USA,22.245,8,0,P024,,,Mikael Pernfors,R,173,SWE,26.292,44,0,6-1 6-3,3,R32,,,,,,,,,,,,,,,,,,,
1989-352,Paris Indoor,Carpet,32,A,19891030,10,A006,,Q,Ronald Agenor,R,180,USA,24.961,38,0,C012,,,Paolo Cane,R,180,ITA,24.559,27,0,7-6 7-5,3,R32,,,,,,,,,,,,,,,,,,,
1989-352,Paris Indoor,Carpet,32,A,19891030,11,N022,,,Yannick Noah,R,193,FRA,29.451,16,0,M099,,,Thomas Muster,L,180,AUT,22.078,22,0,7-5 3-6 6-4,3,R32,,,,,,,,,,,,,,,,,,,
1989-352,Paris Indoor,Carpet,32,A,19891030,12,G016,4,,Brad Gilbert,R,185,USA,28.225,7,0,K148,,,Petr Korda,L,190,CZE,21.769,58,0,3-6 7-6 6-3,3,R32,,,,,,,,,,,,,,,,,,,
1989-352,Paris Indoor,Carpet,32,A,19891030,13,H025,,,Jakob Hlasek,R,188,SUI,24.964,14,0,M041,8,,Tim Mayotte,R,190,USA,29.24,12,0,2-6 6-3 6-3,3,R32,,,,,,,,,,,,,,,,,,,
1989-352,Paris Indoor,Carpet,32,A,19891030,14,J004,,,Martin Jaite,R,178,ARG,25.057,15,0,S080,,,Carl-Uwe Steeb,L,180,GER,22.163,17,0,2-6 6-4 7-6,3,R32,,,,,,,,,,,,,,,,,,,
1989-352,Paris Indoor,Carpet,32,A,19891030,15,M052,,,Miloslav Mecir Sr.,R,190,SVK,25.448,24,0,S014,,,Emilio Sanchez,R,180,ESP,24.422,20,0,6-2 6-2,3,R32,,,,,,,,,,,,,,,,,,,
1989-352,Paris Indoor,Carpet,32,A,19891030,16,E004,2,,Stefan Edberg,R,188,SWE,23.778,3,0,C031,,,Andrei Chesnokov,R,188,RUS,23.74,23,0,6-2 6-3,3,R32,,,,,,,,,,,,,,,,,,,
1989-352,Paris Indoor,Carpet,32,A,19891030,17,B028,1,,Boris Becker,R,190,GER,21.938,2,0,F035,,WC,Guy Forget,L,190,FRA,24.819,108,0,6-7 6-4 7-6,3,R16,,,,,,,,,,,,,,,,,,,
1989-352,Paris Indoor,Carpet,32,A,19891030,18,M030,,Q,Wally Masur,R,180,AUS,26.467,66,0,M372,7,,Alberto Mancini,R,180,ARG,20.446,9,0,4-6 6-3 6-0,3,R16,,,,,,,,,,,,,,,,,,,
1989-352,Paris Indoor,Carpet,32,A,19891030,19,M047,3,,John McEnroe,L,180,USA,30.702,4,0,S055,,,Horst Skoff,R,175,AUT,21.188,28,0,7-6 6-0,3,R16,,,,,,,,,,,,,,,,,,,
1989-352,Paris Indoor,Carpet,32,A,19891030,20,C274,5,,Michael Chang,R,175,USA,17.687,5,0,L014,,WC,Henri Leconte,L,185,FRA,26.324,37,0,6-3 6-2,3,R16,,,,,,,,,,,,,,,,,,,
1989-352,Paris Indoor,Carpet,32,A,19891030,21,K023,6,,Aaron Krickstein,R,183,USA,22.245,8,0,A006,,Q,Ronald Agenor,R,180,USA,24.961,38,0,6-3 5-7 6-4,3,R16,,,,,,,,,,,,,,,,,,,
1989-352,Paris Indoor,Carpet,32,A,19891030,22,G016,4,,Brad Gilbert,R,185,USA,28.225,7,0,N022,,,Yannick Noah,R,193,FRA,29.451,16,0,7-6 7-6,3,R16,,,,,,,,,,,,,,,,,,,
1989-352,Paris Indoor,Carpet,32,A,19891030,23,H025,,,Jakob Hlasek,R,188,SUI,24.964,14,0,J004,,,Martin Jaite,R,178,ARG,25.057,15,0,4-6 6-3 6-4,3,R16,,,,,,,,,,,,,,,,,,,
1989-352,Paris Indoor,Carpet,32,A,19891030,24,E004,2,,Stefan Edberg,R,188,SWE,23.778,3,0,M052,,,Miloslav Mecir Sr.,R,190,SVK,25.448,24,0,7-6 6-4,3,R16,,,,,,,,,,,,,,,,,,,
1989-352,Paris Indoor,Carpet,32,A,19891030,25,B028,1,,Boris Becker,R,190,GER,21.938,2,0,M030,,Q,Wally Masur,R,180,AUS,26.467,66,0,6-7 6-4 7-6,3,QF,,,,,,,,,,,,,,,,,,,
1989-352,Paris Indoor,Carpet,32,A,19891030,26,M047,3,,John McEnroe,L,180,USA,30.702,4,0,C274,5,,Michael Chang,R,175,USA,17.687,5,0,6-4 6-3,3,QF,,,,,,,,,,,,,,,,,,,
1989-352,Paris Indoor,Carpet,32,A,19891030,27,K023,6,,Aaron Krickstein,R,183,USA,22.245,8,0,G016,4,,Brad Gilbert,R,185,USA,28.225,7,0,4-6 6-3 6-4,3,QF,,,,,,,,,,,,,,,,,,,
1989-352,Paris Indoor,Carpet,32,A,19891030,28,E004,2,,Stefan Edberg,R,188,SWE,23.778,3,0,H025,,,Jakob Hlasek,R,188,SUI,24.964,14,0,6-4 6-3,3,QF,,,,,,,,,,,,,,,,,,,
1989-352,Paris Indoor,Carpet,32,A,19891030,29,B028,1,,Boris Becker,R,190,GER,21.938,2,0,M047,3,,John McEnroe,L,180,USA,30.702,4,0,7-6 3-6 6-3,3,SF,,,,,,,,,,,,,,,,,,,
1989-352,Paris Indoor,Carpet,32,A,19891030,30,E004,2,,Stefan Edberg,R,188,SWE,23.778,3,0,K023,6,,Aaron Krickstein,R,183,USA,22.245,8,0,6-4 4-6 6-2,3,SF,,,,,,,,,,,,,,,,,,,
1989-352,Paris Indoor,Carpet,32,A,19891030,31,B028,1,,Boris Becker,R,190,GER,21.938,2,0,E004,2,,Stefan Edberg,R,188,SWE,23.778,3,0,6-4 6-3 6-3,5,F,,,,,,,,,,,,,,,,,,,
1989-237,Sao Paulo,Carpet,32,A,19891106,1,B281,1,,Jay Berger,R,180,USA,22.946,12,0,M028,,WC,Danilo Marcelino,R,193,BRA,23.666,182,0,6-3 6-3,3,R32,,,,,,,,,,,,,,,,,,,
1989-237,Sao Paulo,Carpet,32,A,19891106,2,F041,,,Javier Frana,L,185,ARG,22.867,108,0,R036,,Q,Fernando Roese,R,190,BRA,24.203,227,0,3-6 6-3 6-1,3,R32,,,,,,,,,,,,,,,,,,,
1989-237,Sao Paulo,Carpet,32,A,19891106,3,F031,,,Jean-Philippe Fleurian,R,185,FRA,24.153,67,0,A141,,,Jose Francisco Altur,L,190,ESP,21.621,110,0,6-1 7-6,3,R32,,,,,,,,,,,,,,,,,,,
1989-237,Sao Paulo,Carpet,32,A,19891106,4,P021,,,Diego Perez,R,178,URU,27.74,100,0,H223,8,,Paul Haarhuis,R,188,NED,23.713,76,0,6-4 6-1,3,R32,,,,,,,,,,,,,,,,,,,
1989-237,Sao Paulo,Carpet,32,A,19891106,5,S015,4,,Javier Sanchez,R,178,ESP,21.763,37,0,M059,,WC,Mauro Menezes,R,193,BRA,26.281,224,0,5-7 7-6 6-3,3,R32,,,,,,,,,,,,,,,,,,,
1989-237,Sao Paulo,Carpet,32,A,19891106,6,N016,,,Miguel Nido,R,180,PUR,26.667,138,0,M064,,,Glenn Michibata,R,175,CAN,27.4,201,0,6-0 6-4,3,R32,,,,,,,,,,,,,,,,,,,
1989-237,Sao Paulo,Carpet,32,A,19891106,7,C022,,,Dan Cassidy,R,178,USA,28.523,139,0,W124,,Q,MaliVai Washington,R,180,USA,20.381,271,0,6-4 6-4,3,R32,,,,,,,,,,,,,,,,,,,
1989-237,Sao Paulo,Carpet,32,A,19891106,8,F165,5,,Marcelo Filippini,R,178,URU,22.259,55,0,J083,,,Philip Johnson,R,173,USA,25.153,145,0,7-5 6-2,3,R32,,,,,,,,,,,,,,,,,,,
1989-237,Sao Paulo,Carpet,32,A,19891106,9,K016,6,,Mark Koevermans,R,185,NED,21.758,73,0,T129,,,Mario Tabares,R,180,CUB,24.293,142,0,6-3 6-1,3,R32,,,,,,,,,,,,,,,,,,,
1989-237,Sao Paulo,Carpet,32,A,19891106,10,W011,,,Robbie Weiss,R,183,USA,22.932,174,0,G197,,,Gustavo Giussani,R,180,ARG,21.67,175,0,6-3 7-5,3,R32,,,,,,,,,,,,,,,,,,,
1989-237,Sao Paulo,Carpet,32,A,19891106,11,R177,,,Francisco Roig,R,175,ESP,21.599,161,0,M092,,,Cassio Motta,R,180,BRA,29.706,113,0,6-3 7-6,3,R32,,,,,,,,,,,,,,,,,,,
1989-237,Sao Paulo,Carpet,32,A,19891106,12,Y017,3,,Jaime Yzaga,R,170,PER,22.04,18,0,A031,,,Jimmy Arias,R,175,USA,25.224,84,0,6-4 6-2,3,R32,,,,,,,,,,,,,,,,,,,
1989-237,Sao Paulo,Carpet,32,A,19891106,13,M035,7,,Luiz Mattar,R,183,BRA,26.22,64,0,M130,,Q,Agustin Moreno,R,180,MEX,22.604,266,0,6-0 6-4,3,R32,,,,,,,,,,,,,,,,,,,
1989-237,Sao Paulo,Carpet,32,A,19891106,14,B074,,,Jimmy Brown,R,180,USA,24.526,102,0,A158,,,Jose-Luis Aparisi,R,178,ESP,20.657,163,0,6-4 6-0,3,R32,,,,,,,,,,,,,,,,,,,
1989-237,Sao Paulo,Carpet,32,A,19891106,15,M031,,,Eduardo Masso,L,178,BEL,25.821,179,0,B035,,,Eduardo Bengoechea,R,185,ARG,30.349,104,0,7-6 7-5,3,R32,,,,,,,,,,,,,,,,,,,
1989-237,Sao Paulo,Carpet,32,A,19891106,16,J004,2,,Martin Jaite,R,178,ARG,25.076,15,0,A163,,,Johan Anderson,R,183,AUS,18.105,96,0,6-2 6-2,3,R32,,,,,,,,,,,,,,,,,,,
1989-237,Sao Paulo,Carpet,32,A,19891106,17,B281,1,,Jay Berger,R,180,USA,22.946,12,0,F041,,,Javier Frana,L,185,ARG,22.867,108,0,6-3 2-6 7-5,3,R16,,,,,,,,,,,,,,,,,,,
1989-237,Sao Paulo,Carpet,32,A,19891106,18,F031,,,Jean-Philippe Fleurian,R,185,FRA,24.153,67,0,P021,,,Diego Perez,R,178,URU,27.74,100,0,4-6 6-2 6-3,3,R16,,,,,,,,,,,,,,,,,,,
1989-237,Sao Paulo,Carpet,32,A,19891106,19,S015,4,,Javier Sanchez,R,178,ESP,21.763,37,0,N016,,,Miguel Nido,R,180,PUR,26.667,138,0,6-0 3-6 6-2,3,R16,,,,,,,,,,,,,,,,,,,
1989-237,Sao Paulo,Carpet,32,A,19891106,20,F165,5,,Marcelo Filippini,R,178,URU,22.259,55,0,C022,,,Dan Cassidy,R,178,USA,28.523,139,0,6-3 0-6 6-2,3,R16,,,,,,,,,,,,,,,,,,,
1989-237,Sao Paulo,Carpet,32,A,19891106,21,K016,6,,Mark Koevermans,R,185,NED,21.758,73,0,W011,,,Robbie Weiss,R,183,USA,22.932,174,0,6-0 6-2,3,R16,,,,,,,,,,,,,,,,,,,
1989-237,Sao Paulo,Carpet,32,A,19891106,22,R177,,,Francisco Roig,R,175,ESP,21.599,161,0,Y017,3,,Jaime Yzaga,R,170,PER,22.04,18,0,6-7 7-6 7-6,3,R16,,,,,,,,,,,,,,,,,,,
1989-237,Sao Paulo,Carpet,32,A,19891106,23,M035,7,,Luiz Mattar,R,183,BRA,26.22,64,0,B074,,,Jimmy Brown,R,180,USA,24.526,102,0,6-3 6-2,3,R16,,,,,,,,,,,,,,,,,,,
1989-237,Sao Paulo,Carpet,32,A,19891106,24,J004,2,,Martin Jaite,R,178,ARG,25.076,15,0,M031,,,Eduardo Masso,L,178,BEL,25.821,179,0,3-6 6-2 6-3,3,R16,,,,,,,,,,,,,,,,,,,
1989-237,Sao Paulo,Carpet,32,A,19891106,25,F031,,,Jean-Philippe Fleurian,R,185,FRA,24.153,67,0,B281,1,,Jay Berger,R,180,USA,22.946,12,0,6-1 6-2,3,QF,,,,,,,,,,,,,,,,,,,
1989-237,Sao Paulo,Carpet,32,A,19891106,26,S015,4,,Javier Sanchez,R,178,ESP,21.763,37,0,F165,5,,Marcelo Filippini,R,178,URU,22.259,55,0,7-6 3-6 7-6,3,QF,,,,,,,,,,,,,,,,,,,
1989-237,Sao Paulo,Carpet,32,A,19891106,27,K016,6,,Mark Koevermans,R,185,NED,21.758,73,0,R177,,,Francisco Roig,R,175,ESP,21.599,161,0,6-3 6-2,3,QF,,,,,,,,,,,,,,,,,,,
1989-237,Sao Paulo,Carpet,32,A,19891106,28,J004,2,,Martin Jaite,R,178,ARG,25.076,15,0,M035,7,,Luiz Mattar,R,183,BRA,26.22,64,0,6-4 6-4,3,QF,,,,,,,,,,,,,,,,,,,
1989-237,Sao Paulo,Carpet,32,A,19891106,29,S015,4,,Javier Sanchez,R,178,ESP,21.763,37,0,F031,,,Jean-Philippe Fleurian,R,185,FRA,24.153,67,0,1-6 7-6 7-6,3,SF,,,,,,,,,,,,,,,,,,,
1989-237,Sao Paulo,Carpet,32,A,19891106,30,J004,2,,Martin Jaite,R,178,ARG,25.076,15,0,K016,6,,Mark Koevermans,R,185,NED,21.758,73,0,7-5 6-2,3,SF,,,,,,,,,,,,,,,,,,,
1989-237,Sao Paulo,Carpet,32,A,19891106,31,J004,2,,Martin Jaite,R,178,ARG,25.076,15,0,S015,4,,Javier Sanchez,R,178,ESP,21.763,37,0,7-6 6-3,3,F,,,,,,,,,,,,,,,,,,,
1989-429,Stockholm,Carpet,48,A,19891106,1,P024,,,Mikael Pernfors,R,173,SWE,26.311,47,0,R016,,,Richey Reneberg,R,180,USA,24.088,83,0,6-7 6-4 7-5,3,R64,,,,,,,,,,,,,,,,,,,
1989-429,Stockholm,Carpet,48,A,19891106,2,K181,,WC,Nicklas Kulti,R,190,SWE,18.543,132,0,N025,,,Karel Novacek,R,190,CZE,24.605,61,0,6-3 6-3,3,R64,,,,,,,,,,,,,,,,,,,
1989-429,Stockholm,Carpet,48,A,19891106,3,W144,,,Jens Woehrmann,R,180,GER,22.163,58,0,A034,,,Jordi Arrese,R,175,ESP,25.188,41,0,6-4 6-2,3,R64,,,,,,,,,,,,,,,,,,,
1989-429,Stockholm,Carpet,48,A,19891106,4,K133,,,Niclas Kroon,R,183,SWE,23.751,50,0,G039,,,Jim Grabb,R,193,USA,25.563,38,0,3-6 6-4 6-3,3,R64,,,,,,,,,,,,,,,,,,,
1989-429,Stockholm,Carpet,48,A,19891106,5,Z006,,,Slobodan Zivojinovic,R,198,YUG,26.292,78,0,A007,,,Juan Aguilera,R,183,ESP,27.628,53,0,6-4 6-4,3,R64,,,,,,,,,,,,,,,,,,,
1989-429,Stockholm,Carpet,48,A,19891106,6,W123,,,David Wheaton,R,193,USA,20.43,66,0,M032,,,Richard Matuszewski,R,188,USA,25.164,116,0,6-7 7-6 6-1,3,R64,,,,,,,,,,,,,,,,,,,
1989-429,Stockholm,Carpet,48,A,19891106,7,W029,,,Todd Witsken,R,183,USA,26.007,45,0,C029,,,Paul Chamberlin,R,178,USA,27.617,74,0,6-3 7-5,3,R64,,,,,,,,,,,,,,,,,,,
1989-429,Stockholm,Carpet,48,A,19891106,8,B022,,Q,Ronnie Bathman,R,183,SWE,30.538,390,0,O018,,,Bruno Oresar,R,175,CRO,22.546,88,0,6-3 7-6,3,R64,,,,,,,,,,,,,,,,,,,
1989-429,Stockholm,Carpet,48,A,19891106,9,L044,,,Peter Lundgren,R,185,SWE,24.769,94,0,S402,,,Pete Sampras,R,185,USA,18.237,68,0,6-4 6-4,3,R64,,,,,,,,,,,,,,,,,,,
1989-429,Stockholm,Carpet,48,A,19891106,10,G182,,,Magnus Gustafsson,R,185,SWE,22.842,92,0,N018,,Q,Tom Nijssen,R,175,NED,25.098,98,0,3-6 6-4 6-1,3,R64,,,,,,,,,,,,,,,,,,,
1989-429,Stockholm,Carpet,48,A,19891106,11,S101,,,Jonas Svensson,R,188,SWE,23.044,39,0,C216,,,Tomas Carbonell,R,178,ESP,21.248,69,0,6-4 6-0,3,R64,,,,,,,,,,,,,,,,,,,
1989-429,Stockholm,Carpet,48,A,19891106,12,S072,,Q,Milan Srejber,R,203,CZE,25.854,123,0,A006,,,Ronald Agenor,R,180,USA,24.98,35,0,6-4 7-5,3,R64,,,,,,,,,,,,,,,,,,,
1989-429,Stockholm,Carpet,48,A,19891106,13,R023,,Q,Udo Riglewski,R,185,GER,23.277,124,0,A028,,,Alex Antonitsch,R,188,AUT,23.743,71,0,6-4 6-2,3,R64,,,,,,,,,,,,,,,,,,,
1989-429,Stockholm,Carpet,48,A,19891106,14,H029,,Q,Thomas Hogstedt,R,190,SWE,26.127,129,0,B040,,,Christian Bergstrom,R,180,SWE,22.303,115,0,6-4 1-6 7-5,3,R64,,,,,,,,,,,,,,,,,,,
1989-429,Stockholm,Carpet,48,A,19891106,15,N107,,Q,Peter Nyborg,R,190,SWE,19.901,192,0,P043,,,Jerome Potier,L,180,FRA,27.305,72,0,3-6 6-3 6-4,3,R64,,,,,,,,,,,,,,,,,,,
1989-429,Stockholm,Carpet,48,A,19891106,16,P052,,,Jim Pugh,R,193,USA,25.752,70,0,L010,,,Glenn Layendecker,L,185,USA,28.496,90,0,6-3 6-0,3,R64,,,,,,,,,,,,,,,,,,,
1989-429,Stockholm,Carpet,48,A,19891106,17,L018,1,,Ivan Lendl,R,188,USA,29.667,1,0,P024,,,Mikael Pernfors,R,173,SWE,26.311,47,0,6-3 6-2,3,R32,,,,,,,,,,,,,,,,,,,
1989-429,Stockholm,Carpet,48,A,19891106,18,J006,16,,Anders Jarryd,R,180,SWE,28.318,32,0,K181,,WC,Nicklas Kulti,R,190,SWE,18.543,132,0,7-6 3-6 7-6,3,R32,,,,,,,,,,,,,,,,,,,
1989-429,Stockholm,Carpet,48,A,19891106,19,W144,,,Jens Woehrmann,R,180,GER,22.163,58,0,N022,9,,Yannick Noah,R,193,FRA,29.47,16,0,6-4 7-6,3,R32,,,,,,,,,,,,,,,,,,,
1989-429,Stockholm,Carpet,48,A,19891106,20,M041,7,,Tim Mayotte,R,190,USA,29.259,13,0,K133,,,Niclas Kroon,R,183,SWE,23.751,50,0,6-0 6-1,3,R32,,,,,,,,,,,,,,,,,,,
1989-429,Stockholm,Carpet,48,A,19891106,21,E004,3,,Stefan Edberg,R,188,SWE,23.797,3,0,Z006,,,Slobodan Zivojinovic,R,198,YUG,26.292,78,0,6-3 6-1,3,R32,,,,,,,,,,,,,,,,,,,
1989-429,Stockholm,Carpet,48,A,19891106,22,S055,13,,Horst Skoff,R,175,AUT,21.207,25,0,W123,,,David Wheaton,R,193,USA,20.43,66,0,3-6 6-2 7-5,3,R32,,,,,,,,,,,,,,,,,,,
1989-429,Stockholm,Carpet,48,A,19891106,23,C243,11,,Jim Courier,R,185,USA,19.222,28,0,W029,,,Todd Witsken,R,183,USA,26.007,45,0,7-6 6-2,3,R32,,,,,,,,,,,,,,,,,,,
1989-429,Stockholm,Carpet,48,A,19891106,24,K023,5,,Aaron Krickstein,R,183,USA,22.264,8,0,B022,,Q,Ronnie Bathman,R,183,SWE,30.538,390,0,6-0 6-7 6-3,3,R32,,,,,,,,,,,,,,,,,,,
1989-429,Stockholm,Carpet,48,A,19891106,25,L044,,,Peter Lundgren,R,185,SWE,24.769,94,0,M372,6,,Alberto Mancini,R,180,ARG,20.465,9,0,6-3 6-2,3,R32,,,,,,,,,,,,,,,,,,,
1989-429,Stockholm,Carpet,48,A,19891106,26,G182,,,Magnus Gustafsson,R,185,SWE,22.842,92,0,C012,12,,Paolo Cane,R,180,ITA,24.578,34,0,3-6 7-5 6-4,3,R32,,,,,,,,,,,,,,,,,,,
1989-429,Stockholm,Carpet,48,A,19891106,27,S101,,,Jonas Svensson,R,188,SWE,23.044,39,0,P050,14,,Goran Prpic,R,180,CRO,25.509,30,0,6-2 6-4,3,R32,,,,,,,,,,,,,,,,,,,
1989-429,Stockholm,Carpet,48,A,19891106,28,A092,4,,Andre Agassi,R,180,USA,19.524,5,0,S072,,Q,Milan Srejber,R,203,CZE,25.854,123,0,6-4 6-3,3,R32,,,,,,,,,,,,,,,,,,,
1989-429,Stockholm,Carpet,48,A,19891106,29,W023,8,,Mats Wilander,R,183,SWE,25.207392,14,0,R023,,Q,Udo Riglewski,R,185,GER,23.277,124,0,5-7 6-2 6-2,3,R32,,,,,,,,,,,,,,,,,,,
1989-429,Stockholm,Carpet,48,A,19891106,30,M099,10,,Thomas Muster,L,180,AUT,22.097,23,0,H029,,Q,Thomas Hogstedt,R,190,SWE,26.127,129,0,4-6 6-3 6-4,3,R32,,,,,,,,,,,,,,,,,,,
1989-429,Stockholm,Carpet,48,A,19891106,31,G053,15,,Jan Gunnarsson,R,185,SWE,27.439,36,0,N107,,Q,Peter Nyborg,R,190,SWE,19.901,192,0,6-3 6-1,3,R32,,,,,,,,,,,,,,,,,,,
1989-429,Stockholm,Carpet,48,A,19891106,32,B028,2,,Boris Becker,R,190,GER,21.958,2,0,P052,,,Jim Pugh,R,193,USA,25.752,70,0,3-6 6-0 6-4,3,R32,,,,,,,,,,,,,,,,,,,
1989-429,Stockholm,Carpet,48,A,19891106,33,L018,1,,Ivan Lendl,R,188,USA,29.667,1,0,J006,16,,Anders Jarryd,R,180,SWE,28.318,32,0,6-0 6-2,3,R16,,,,,,,,,,,,,,,,,,,
1989-429,Stockholm,Carpet,48,A,19891106,34,M041,7,,Tim Mayotte,R,190,USA,29.259,13,0,W144,,,Jens Woehrmann,R,180,GER,22.163,58,0,6-1 6-1,3,R16,,,,,,,,,,,,,,,,,,,
1989-429,Stockholm,Carpet,48,A,19891106,35,E004,3,,Stefan Edberg,R,188,SWE,23.797,3,0,S055,13,,Horst Skoff,R,175,AUT,21.207,25,0,7-5 6-0,3,R16,,,,,,,,,,,,,,,,,,,
1989-429,Stockholm,Carpet,48,A,19891106,36,C243,11,,Jim Courier,R,185,USA,19.222,28,0,K023,5,,Aaron Krickstein,R,183,USA,22.264,8,0,6-2 1-0 RET,3,R16,,,,,,,,,,,,,,,,,,,
1989-429,Stockholm,Carpet,48,A,19891106,37,G182,,,Magnus Gustafsson,R,185,SWE,22.842,92,0,L044,,,Peter Lundgren,R,185,SWE,24.769,94,0,7-5 6-1,3,R16,,,,,,,,,,,,,,,,,,,
1989-429,Stockholm,Carpet,48,A,19891106,38,A092,4,,Andre Agassi,R,180,USA,19.524,5,0,S101,,,Jonas Svensson,R,188,SWE,23.044,39,0,6-3 6-1,3,R16,,,,,,,,,,,,,,,,,,,
1989-429,Stockholm,Carpet,48,A,19891106,39,W023,8,,Mats Wilander,R,183,SWE,25.207392,14,0,M099,10,,Thomas Muster,L,180,AUT,22.097,23,0,6-4 6-7 6-4,3,R16,,,,,,,,,,,,,,,,,,,
1989-429,Stockholm,Carpet,48,A,19891106,40,G053,15,,Jan Gunnarsson,R,185,SWE,27.439,36,0,B028,2,,Boris Becker,R,190,GER,21.958,2,0,6-3 7-5,3,R16,,,,,,,,,,,,,,,,,,,
1989-429,Stockholm,Carpet,48,A,19891106,41,L018,1,,Ivan Lendl,R,188,USA,29.667,1,0,M041,7,,Tim Mayotte,R,190,USA,29.259,13,0,6-2 6-2,3,QF,,,,,,,,,,,,,,,,,,,
1989-429,Stockholm,Carpet,48,A,19891106,42,E004,3,,Stefan Edberg,R,188,SWE,23.797,3,0,C243,11,,Jim Courier,R,185,USA,19.222,28,0,3-6 6-3 6-4,3,QF,,,,,,,,,,,,,,,,,,,
1989-429,Stockholm,Carpet,48,A,19891106,43,G182,,,Magnus Gustafsson,R,185,SWE,22.842,92,0,A092,4,,Andre Agassi,R,180,USA,19.524,5,0,6-2 7-6,3,QF,,,,,,,,,,,,,,,,,,,
1989-429,Stockholm,Carpet,48,A,19891106,44,W023,8,,Mats Wilander,R,183,SWE,25.207392,14,0,G053,15,,Jan Gunnarsson,R,185,SWE,27.439,36,0,6-3 6-0,3,QF,,,,,,,,,,,,,,,,,,,
1989-429,Stockholm,Carpet,48,A,19891106,45,L018,1,,Ivan Lendl,R,188,USA,29.667,1,0,E004,3,,Stefan Edberg,R,188,SWE,23.797,3,0,6-0 2-6 6-3,3,SF,,,,,,,,,,,,,,,,,,,
1989-429,Stockholm,Carpet,48,A,19891106,46,G182,,,Magnus Gustafsson,R,185,SWE,22.842,92,0,W023,8,,Mats Wilander,R,183,SWE,25.207392,14,0,7-6 6-4,3,SF,,,,,,,,,,,,,,,,,,,
1989-429,Stockholm,Carpet,48,A,19891106,47,L018,1,,Ivan Lendl,R,188,USA,29.667,1,0,G182,,,Magnus Gustafsson,R,185,SWE,22.842,92,0,7-5 6-0 6-3,5,F,,,,,,,,,,,,,,,,,,,
1989-430,Wembley,Carpet,32,A,19891107,1,M047,1,,John McEnroe,L,180,USA,30.721,4,0,D004,,,Scott Davis,R,188,USA,27.195,59,0,6-3 6-3,3,R32,,,,,,,,,,,,,,,,,,,
1989-430,Wembley,Carpet,32,A,19891107,2,J008,,,Eric Jelen,R,180,GER,24.657,46,0,G044,,Q,Warren Green,R,,RSA,,903,0,7-5 6-1,3,R32,,,,,,,,,,,,,,,,,,,
1989-430,Wembley,Carpet,32,A,19891107,3,M012,,,Amos Mansdorf,R,175,ISR,24.047,40,0,S288,,Q,Christian Saceanu,R,190,GER,21.331,119,0,6-3 6-3,3,R32,,,,,,,,,,,,,,,,,,,
1989-430,Wembley,Carpet,32,A,19891107,4,M052,8,,Miloslav Mecir Sr.,R,190,SVK,25.467,19,0,V014,,,Christo Van Rensburg,R,185,RSA,27.039,26,0,7-6 1-6 6-1,3,R32,,,,,,,,,,,,,,,,,,,
1989-430,Wembley,Carpet,32,A,19891107,5,V037,,,Alexander Volkov,L,188,RUS,22.68,44,0,C044,4,,Jimmy Connors,L,178,USA,37.177,11,0,3-6 6-4 7-6,3,R32,,,,,,,,,,,,,,,,,,,
1989-430,Wembley,Carpet,32,A,19891107,6,S034,,,Robert Seguso,R,190,USA,26.519,97,0,C246,,WC,Andrew Castle,R,190,GBR,25.977,205,0,6-1 6-4,3,R32,,,,,,,,,,,,,,,,,,,
1989-430,Wembley,Carpet,32,A,19891107,7,F035,,,Guy Forget,L,190,FRA,24.838,89,0,F028,,,John Fitzgerald,R,183,AUS,28.857,62,0,6-3 6-2,3,R32,,,,,,,,,,,,,,,,,,,
1989-430,Wembley,Carpet,32,A,19891107,8,C057,6,,Kevin Curren,R,185,USA,31.682,20,0,C260,,,Andrei Cherkasov,R,180,RUS,19.343,81,0,7-6 6-4,3,R32,,,,,,,,,,,,,,,,,,,
1989-430,Wembley,Carpet,32,A,19891107,9,S328,,,Martin Strelba,R,190,CZE,22.628,77,0,H025,5,,Jakob Hlasek,R,188,SUI,24.983,10,0,6-0 2-6 6-3,3,R32,,,,,,,,,,,,,,,,,,,
1989-430,Wembley,Carpet,32,A,19891107,10,M030,,,Wally Masur,R,180,AUS,26.486,43,0,E025,,,Kelly Evernden,R,175,NZL,28.126,31,0,6-1 6-2,3,R32,,,,,,,,,,,,,,,,,,,
1989-430,Wembley,Carpet,32,A,19891107,11,S045,,,Leif Shiras,R,183,USA,30.212,63,0,B322,,WC,Chris Bailey,R,196,GBR,21.522,143,0,7-6 7-5,3,R32,,,,,,,,,,,,,,,,,,,
1989-430,Wembley,Carpet,32,A,19891107,12,G016,3,,Brad Gilbert,R,185,USA,28.244,7,0,A066,,,Pieter Aldrich,R,180,RSA,24.164,85,0,6-0 6-1,3,R32,,,,,,,,,,,,,,,,,,,
1989-430,Wembley,Carpet,32,A,19891107,13,C031,7,,Andrei Chesnokov,R,188,RUS,23.759,24,0,B113,,Q,Nick Brown,R,190,GBR,28.175,151,0,4-6 7-5 6-2,3,R32,,,,,,,,,,,,,,,,,,,
1989-430,Wembley,Carpet,32,A,19891107,14,S351,,,Michael Stich,R,193,GER,21.051,93,0,F029,,Q,Ken Flach,R,185,USA,26.456,208,0,6-4 5-7 6-3,3,R32,,,,,,,,,,,,,,,,,,,
1989-430,Wembley,Carpet,32,A,19891107,15,A027,,,Paul Annacone,R,185,USA,26.634,57,0,L014,,,Henri Leconte,L,185,FRA,26.344,33,0,7-6 6-1,3,R32,,,,,,,,,,,,,,,,,,,
1989-430,Wembley,Carpet,32,A,19891107,16,C274,2,,Michael Chang,R,175,USA,17.706,6,0,G022,,,Dan Goldie,R,188,USA,26.094,51,0,6-1 6-1,3,R32,,,,,,,,,,,,,,,,,,,
1989-430,Wembley,Carpet,32,A,19891107,17,M047,1,,John McEnroe,L,180,USA,30.721,4,0,J008,,,Eric Jelen,R,180,GER,24.657,46,0,6-4 6-1,3,R16,,,,,,,,,,,,,,,,,,,
1989-430,Wembley,Carpet,32,A,19891107,18,M052,8,,Miloslav Mecir Sr.,R,190,SVK,25.467,19,0,M012,,,Amos Mansdorf,R,175,ISR,24.047,40,0,6-4 7-5,3,R16,,,,,,,,,,,,,,,,,,,
1989-430,Wembley,Carpet,32,A,19891107,19,S034,,,Robert Seguso,R,190,USA,26.519,97,0,V037,,,Alexander Volkov,L,188,RUS,22.68,44,0,6-4 1-6 7-6,3,R16,,,,,,,,,,,,,,,,,,,
1989-430,Wembley,Carpet,32,A,19891107,20,F035,,,Guy Forget,L,190,FRA,24.838,89,0,C057,6,,Kevin Curren,R,185,USA,31.682,20,0,7-6 6-4,3,R16,,,,,,,,,,,,,,,,,,,
1989-430,Wembley,Carpet,32,A,19891107,21,M030,,,Wally Masur,R,180,AUS,26.486,43,0,S328,,,Martin Strelba,R,190,CZE,22.628,77,0,7-6 6-1,3,R16,,,,,,,,,,,,,,,,,,,
1989-430,Wembley,Carpet,32,A,19891107,22,G016,3,,Brad Gilbert,R,185,USA,28.244,7,0,S045,,,Leif Shiras,R,183,USA,30.212,63,0,7-5 6-3,3,R16,,,,,,,,,,,,,,,,,,,
1989-430,Wembley,Carpet,32,A,19891107,23,C031,7,,Andrei Chesnokov,R,188,RUS,23.759,24,0,S351,,,Michael Stich,R,193,GER,21.051,93,0,7-5 6-2,3,R16,,,,,,,,,,,,,,,,,,,
1989-430,Wembley,Carpet,32,A,19891107,24,C274,2,,Michael Chang,R,175,USA,17.706,6,0,A027,,,Paul Annacone,R,185,USA,26.634,57,0,6-2 1-6 6-0,3,R16,,,,,,,,,,,,,,,,,,,
1989-430,Wembley,Carpet,32,A,19891107,25,M047,1,,John McEnroe,L,180,USA,30.721,4,0,M052,8,,Miloslav Mecir Sr.,R,190,SVK,25.467,19,0,2-6 6-4 6-3,3,QF,,,,,,,,,,,,,,,,,,,
1989-430,Wembley,Carpet,32,A,19891107,26,F035,,,Guy Forget,L,190,FRA,24.838,89,0,S034,,,Robert Seguso,R,190,USA,26.519,97,0,7-5 6-3,3,QF,,,,,,,,,,,,,,,,,,,
1989-430,Wembley,Carpet,32,A,19891107,27,M030,,,Wally Masur,R,180,AUS,26.486,43,0,G016,3,,Brad Gilbert,R,185,USA,28.244,7,0,7-6 3-6 6-3,3,QF,,,,,,,,,,,,,,,,,,,
1989-430,Wembley,Carpet,32,A,19891107,28,C274,2,,Michael Chang,R,175,USA,17.706,6,0,C031,7,,Andrei Chesnokov,R,188,RUS,23.759,24,0,6-3 6-4,3,QF,,,,,,,,,,,,,,,,,,,
1989-430,Wembley,Carpet,32,A,19891107,29,F035,,,Guy Forget,L,190,FRA,24.838,89,0,M047,1,,John McEnroe,L,180,USA,30.721,4,0,6-4 7-6,3,SF,,,,,,,,,,,,,,,,,,,
1989-430,Wembley,Carpet,32,A,19891107,30,C274,2,,Michael Chang,R,175,USA,17.706,6,0,M030,,,Wally Masur,R,180,AUS,26.486,43,0,7-6 6-1,3,SF,,,,,,,,,,,,,,,,,,,
1989-430,Wembley,Carpet,32,A,19891107,31,C274,2,,Michael Chang,R,175,USA,17.706,6,0,F035,,,Guy Forget,L,190,FRA,24.838,89,0,6-2 6-1 6-1,5,F,,,,,,,,,,,,,,,,,,,
1989-426,Johannesburg,Hard,32,A,19891113,1,B281,1,,Jay Berger,R,180,USA,22.965,11,0,D005,,,Marty Davis,R,183,USA,30.995,137,0,7-6 7-5,3,R32,,,,,,,,,,,,,,,,,,,
1989-426,Johannesburg,Hard,32,A,19891113,2,R032,,Q,Michael Robertson,R,185,USA,26.368,328,0,S045,,,Leif Shiras,R,183,USA,30.231,68,0,6-0 4-6 6-0,3,R32,,,,,,,,,,,,,,,,,,,
1989-426,Johannesburg,Hard,32,A,19891113,3,C029,,,Paul Chamberlin,R,178,USA,27.636,83,0,Y002,,,Simon Youl,R,185,AUS,24.37,143,0,7-5 7-6,3,R32,,,,,,,,,,,,,,,,,,,
1989-426,Johannesburg,Hard,32,A,19891113,4,J018,,,Kelly Jones,R,185,USA,25.621,109,0,D004,8,,Scott Davis,R,188,USA,27.214,70,0,4-6 6-1 6-4,3,R32,,,,,,,,,,,,,,,,,,,
1989-426,Johannesburg,Hard,32,A,19891113,5,V008,,,Robert Van't Hof,R,193,USA,30.595,207,0,C012,4,,Paolo Cane,R,180,ITA,24.597,36,0,6-3 2-0 RET,3,R32,,,,,,,,,,,,,,,,,,,
1989-426,Johannesburg,Hard,32,A,19891113,6,M096,,,Gary Muller,L,190,RSA,24.879,85,0,J083,,,Philip Johnson,R,173,USA,25.172,158,0,6-4 6-3,3,R32,,,,,,,,,,,,,,,,,,,
1989-426,Johannesburg,Hard,32,A,19891113,7,D094,,WC,Royce Deppe,R,188,RSA,24.257,334,0,A025,,,Matt Anger,R,188,USA,26.401,167,0,6-7 7-6 6-4,3,R32,,,,,,,,,,,,,,,,,,,
1989-426,Johannesburg,Hard,32,A,19891113,8,R029,,LL,Joey Rive,L,185,USA,26.352,217,0,M093,,,Alexander Mronz,R,188,GER,24.602,155,0,4-6 6-3 6-4,3,R32,,,,,,,,,,,,,,,,,,,
1989-426,Johannesburg,Hard,32,A,19891113,9,P012,,Q,David Pate,R,183,USA,27.578,216,0,M012,5,,Amos Mansdorf,R,175,ISR,24.066,42,0,6-3 6-3,3,R32,,,,,,,,,,,,,,,,,,,
1989-426,Johannesburg,Hard,32,A,19891113,10,R016,,,Richey Reneberg,R,180,USA,24.107,88,0,A066,,,Pieter Aldrich,R,180,RSA,24.183,90,0,7-6 6-2,3,R32,,,,,,,,,,,,,,,,,,,
1989-426,Johannesburg,Hard,32,A,19891113,11,C013,,,Francesco Cancellotti,R,183,ITA,26.71,133,0,V032,,,Danie Visser,L,180,RSA,28.301,151,0,6-4 6-7 6-4,3,R32,,,,,,,,,,,,,,,,,,,
1989-426,Johannesburg,Hard,32,A,19891113,12,V014,3,,Christo Van Rensburg,R,185,RSA,27.058,28,0,D211,,WC,John-Laffnie de Jager,R,193,RSA,16.66,1035,0,6-1 6-3,3,R32,,,,,,,,,,,,,,,,,,,
1989-426,Johannesburg,Hard,32,A,19891113,13,B075,,,Neil Broad,R,190,GBR,22.982,179,0,W029,7,,Todd Witsken,R,183,USA,26.026,43,0,7-6 7-6,3,R32,,,,,,,,,,,,,,,,,,,
1989-426,Johannesburg,Hard,32,A,19891113,14,B021,,,Jeremy Bates,R,180,GBR,27.403,132,0,D040,,,Brad Drewett,L,185,AUS,31.321,136,0,6-1 7-6,3,R32,,,,,,,,,,,,,,,,,,,
1989-426,Johannesburg,Hard,32,A,19891113,15,B063,,Q,Dean Botha,R,175,RSA,25.624,394,0,F028,,,John Fitzgerald,R,183,AUS,28.876,86,0,4-6 6-3 7-5,3,R32,,,,,,,,,,,,,,,,,,,
1989-426,Johannesburg,Hard,32,A,19891113,16,C057,2,,Kevin Curren,R,185,USA,31.702,21,0,K150,,Q,Mark Kaplan,R,185,RSA,21.9,192,0,7-5 5-7 7-6,3,R32,,,,,,,,,,,,,,,,,,,
1989-426,Johannesburg,Hard,32,A,19891113,17,R032,,Q,Michael Robertson,R,185,USA,26.368,328,0,B281,1,,Jay Berger,R,180,USA,22.965,11,0,3-6 6-4 6-1,3,R16,,,,,,,,,,,,,,,,,,,
1989-426,Johannesburg,Hard,32,A,19891113,18,C029,,,Paul Chamberlin,R,178,USA,27.636,83,0,J018,,,Kelly Jones,R,185,USA,25.621,109,0,6-3 6-3,3,R16,,,,,,,,,,,,,,,,,,,
1989-426,Johannesburg,Hard,32,A,19891113,19,M096,,,Gary Muller,L,190,RSA,24.879,85,0,V008,,,Robert Van't Hof,R,193,USA,30.595,207,0,6-4 6-4,3,R16,,,,,,,,,,,,,,,,,,,
1989-426,Johannesburg,Hard,32,A,19891113,20,R029,,LL,Joey Rive,L,185,USA,26.352,217,0,D094,,WC,Royce Deppe,R,188,RSA,24.257,334,0,7-6 7-6,3,R16,,,,,,,,,,,,,,,,,,,
1989-426,Johannesburg,Hard,32,A,19891113,21,P012,,Q,David Pate,R,183,USA,27.578,216,0,R016,,,Richey Reneberg,R,180,USA,24.107,88,0,6-4 6-2,3,R16,,,,,,,,,,,,,,,,,,,
1989-426,Johannesburg,Hard,32,A,19891113,22,V014,3,,Christo Van Rensburg,R,185,RSA,27.058,28,0,C013,,,Francesco Cancellotti,R,183,ITA,26.71,133,0,6-2 6-0,3,R16,,,,,,,,,,,,,,,,,,,
1989-426,Johannesburg,Hard,32,A,19891113,23,B021,,,Jeremy Bates,R,180,GBR,27.403,132,0,B075,,,Neil Broad,R,190,GBR,22.982,179,0,6-1 6-4,3,R16,,,,,,,,,,,,,,,,,,,
1989-426,Johannesburg,Hard,32,A,19891113,24,B063,,Q,Dean Botha,R,175,RSA,25.624,394,0,C057,2,,Kevin Curren,R,185,USA,31.702,21,0,W/O,3,R16,,,,,,,,,,,,,,,,,,,
1989-426,Johannesburg,Hard,32,A,19891113,25,C029,,,Paul Chamberlin,R,178,USA,27.636,83,0,R032,,Q,Michael Robertson,R,185,USA,26.368,328,0,6-4 7-5,3,QF,,,,,,,,,,,,,,,,,,,
1989-426,Johannesburg,Hard,32,A,19891113,26,R029,,LL,Joey Rive,L,185,USA,26.352,217,0,M096,,,Gary Muller,L,190,RSA,24.879,85,0,6-3 6-3,3,QF,,,,,,,,,,,,,,,,,,,
1989-426,Johannesburg,Hard,32,A,19891113,27,V014,3,,Christo Van Rensburg,R,185,RSA,27.058,28,0,P012,,Q,David Pate,R,183,USA,27.578,216,0,7-6 6-2,3,QF,,,,,,,,,,,,,,,,,,,
1989-426,Johannesburg,Hard,32,A,19891113,28,B021,,,Jeremy Bates,R,180,GBR,27.403,132,0,B063,,Q,Dean Botha,R,175,RSA,25.624,394,0,6-4 6-4,3,QF,,,,,,,,,,,,,,,,,,,
1989-426,Johannesburg,Hard,32,A,19891113,29,C029,,,Paul Chamberlin,R,178,USA,27.636,83,0,R029,,LL,Joey Rive,L,185,USA,26.352,217,0,7-6 6-3,3,SF,,,,,,,,,,,,,,,,,,,
1989-426,Johannesburg,Hard,32,A,19891113,30,V014,3,,Christo Van Rensburg,R,185,RSA,27.058,28,0,B021,,,Jeremy Bates,R,180,GBR,27.403,132,0,6-3 6-4,3,SF,,,,,,,,,,,,,,,,,,,
1989-426,Johannesburg,Hard,32,A,19891113,31,V014,3,,Christo Van Rensburg,R,185,RSA,27.058,28,0,C029,,,Paul Chamberlin,R,178,USA,27.636,83,0,6-4 7-6 6-3,5,F,,,,,,,,,,,,,,,,,,,
1989-240,Itaparica,Hard,32,A,19891120,1,A007,,,Juan Aguilera,R,183,ESP,27.666,67,0,M372,1,,Alberto Mancini,R,180,ARG,20.504,9,0,7-5 2-6 7-5,3,R32,,,,,,,,,,,,,,,,,,,
1989-240,Itaparica,Hard,32,A,19891120,2,M035,,,Luiz Mattar,R,183,BRA,26.259,68,0,R029,,,Joey Rive,L,185,USA,26.371,143,0,6-3 6-0,3,R32,,,,,,,,,,,,,,,,,,,
1989-240,Itaparica,Hard,32,A,19891120,3,A163,,Q,Johan Anderson,R,183,AUS,18.144,108,0,C022,,,Dan Cassidy,R,178,USA,28.561,142,0,6-0 6-1,3,R32,,,,,,,,,,,,,,,,,,,
1989-240,Itaparica,Hard,32,A,19891120,4,S014,7,,Emilio Sanchez,R,180,ESP,24.479,23,0,R036,,WC,Fernando Roese,R,190,BRA,24.241,211,0,7-5 7-6,3,R32,,,,,,,,,,,,,,,,,,,
1989-240,Itaparica,Hard,32,A,19891120,5,J004,3,,Martin Jaite,R,178,ARG,25.114,14,0,S015,,,Javier Sanchez,R,178,ESP,21.802,42,0,7-6 6-4,3,R32,,,,,,,,,,,,,,,,,,,
1989-240,Itaparica,Hard,32,A,19891120,6,T136,,Q,Jeff Tarango,L,180,USA,20.999,195,0,A034,,,Jordi Arrese,R,175,ESP,25.227,39,0,6-3 1-6 6-2,3,R32,,,,,,,,,,,,,,,,,,,
1989-240,Itaparica,Hard,32,A,19891120,7,H223,,,Paul Haarhuis,R,188,NED,23.751,80,0,L041,,Q,Jorge Lozano,R,180,MEX,26.513,359,0,6-4 6-4,3,R32,,,,,,,,,,,,,,,,,,,
1989-240,Itaparica,Hard,32,A,19891120,8,M092,,,Cassio Motta,R,180,BRA,29.744,122,0,M099,6,,Thomas Muster,L,180,AUT,22.136,20,0,7-6 6-2,3,R32,,,,,,,,,,,,,,,,,,,
1989-240,Itaparica,Hard,32,A,19891120,9,Y017,5,,Jaime Yzaga,R,170,PER,22.078,19,0,F031,,,Jean-Philippe Fleurian,R,185,FRA,24.192,60,0,6-3 7-6,3,R32,,,,,,,,,,,,,,,,,,,
1989-240,Itaparica,Hard,32,A,19891120,10,G039,,,Jim Grabb,R,193,USA,25.602,33,0,P021,,,Diego Perez,R,178,URU,27.778,98,0,6-2 6-3,3,R32,,,,,,,,,,,,,,,,,,,
1989-240,Itaparica,Hard,32,A,19891120,11,F165,,,Marcelo Filippini,R,178,URU,22.297,53,0,C216,,,Tomas Carbonell,R,178,ESP,21.287,72,0,3-6 7-5 7-6,3,R32,,,,,,,,,,,,,,,,,,,
1989-240,Itaparica,Hard,32,A,19891120,12,H025,4,,Jakob Hlasek,R,188,SUI,25.021,25,0,F041,,,Javier Frana,L,185,ARG,22.905,105,0,6-7 6-3 6-4,3,R32,,,,,,,,,,,,,,,,,,,
1989-240,Itaparica,Hard,32,A,19891120,13,P218,,,Nicolas Pereira,R,188,VEN,19.143,132,0,C243,8,,Jim Courier,R,185,USA,19.261,24,0,6-2 6-4,3,R32,,,,,,,,,,,,,,,,,,,
1989-240,Itaparica,Hard,32,A,19891120,14,K016,,,Mark Koevermans,R,185,NED,21.796,59,0,G022,,,Dan Goldie,R,188,USA,26.133,61,0,7-6 6-3,3,R32,,,,,,,,,,,,,,,,,,,
1989-240,Itaparica,Hard,32,A,19891120,15,W029,,,Todd Witsken,R,183,USA,26.045,48,0,D173,,WC,Otavio Della,R,170,BRA,20.413,355,0,6-3 4-6 6-4,3,R32,,,,,,,,,,,,,,,,,,,
1989-240,Itaparica,Hard,32,A,19891120,16,B281,2,,Jay Berger,R,180,USA,22.984,10,0,M028,,Q,Danilo Marcelino,R,193,BRA,23.704,218,0,6-1 6-1,3,R32,,,,,,,,,,,,,,,,,,,
1989-240,Itaparica,Hard,32,A,19891120,17,M035,,,Luiz Mattar,R,183,BRA,26.259,68,0,A007,,,Juan Aguilera,R,183,ESP,27.666,67,0,6-3 6-4,3,R16,,,,,,,,,,,,,,,,,,,
1989-240,Itaparica,Hard,32,A,19891120,18,S014,7,,Emilio Sanchez,R,180,ESP,24.479,23,0,A163,,Q,Johan Anderson,R,183,AUS,18.144,108,0,6-4 6-2,3,R16,,,,,,,,,,,,,,,,,,,
1989-240,Itaparica,Hard,32,A,19891120,19,J004,3,,Martin Jaite,R,178,ARG,25.114,14,0,T136,,Q,Jeff Tarango,L,180,USA,20.999,195,0,7-6 6-2,3,R16,,,,,,,,,,,,,,,,,,,
1989-240,Itaparica,Hard,32,A,19891120,20,H223,,,Paul Haarhuis,R,188,NED,23.751,80,0,M092,,,Cassio Motta,R,180,BRA,29.744,122,0,6-4 6-0,3,R16,,,,,,,,,,,,,,,,,,,
1989-240,Itaparica,Hard,32,A,19891120,21,Y017,5,,Jaime Yzaga,R,170,PER,22.078,19,0,G039,,,Jim Grabb,R,193,USA,25.602,33,0,2-6 6-4 6-4,3,R16,,,,,,,,,,,,,,,,,,,
1989-240,Itaparica,Hard,32,A,19891120,22,F165,,,Marcelo Filippini,R,178,URU,22.297,53,0,H025,4,,Jakob Hlasek,R,188,SUI,25.021,25,0,6-4 1-6 7-6,3,R16,,,,,,,,,,,,,,,,,,,
1989-240,Itaparica,Hard,32,A,19891120,23,K016,,,Mark Koevermans,R,185,NED,21.796,59,0,P218,,,Nicolas Pereira,R,188,VEN,19.143,132,0,6-2 6-2,3,R16,,,,,,,,,,,,,,,,,,,
1989-240,Itaparica,Hard,32,A,19891120,24,B281,2,,Jay Berger,R,180,USA,22.984,10,0,W029,,,Todd Witsken,R,183,USA,26.045,48,0,6-4 6-1,3,R16,,,,,,,,,,,,,,,,,,,
1989-240,Itaparica,Hard,32,A,19891120,25,S014,7,,Emilio Sanchez,R,180,ESP,24.479,23,0,M035,,,Luiz Mattar,R,183,BRA,26.259,68,0,6-1 6-7 6-4,3,QF,,,,,,,,,,,,,,,,,,,
1989-240,Itaparica,Hard,32,A,19891120,26,J004,3,,Martin Jaite,R,178,ARG,25.114,14,0,H223,,,Paul Haarhuis,R,188,NED,23.751,80,0,3-6 7-5 6-3,3,QF,,,,,,,,,,,,,,,,,,,
1989-240,Itaparica,Hard,32,A,19891120,27,Y017,5,,Jaime Yzaga,R,170,PER,22.078,19,0,F165,,,Marcelo Filippini,R,178,URU,22.297,53,0,6-1 1-6 7-5,3,QF,,,,,,,,,,,,,,,,,,,
1989-240,Itaparica,Hard,32,A,19891120,28,B281,2,,Jay Berger,R,180,USA,22.984,10,0,K016,,,Mark Koevermans,R,185,NED,21.796,59,0,5-7 6-4 6-3,3,QF,,,,,,,,,,,,,,,,,,,
1989-240,Itaparica,Hard,32,A,19891120,29,J004,3,,Martin Jaite,R,178,ARG,25.114,14,0,S014,7,,Emilio Sanchez,R,180,ESP,24.479,23,0,6-3 7-6,3,SF,,,,,,,,,,,,,,,,,,,
1989-240,Itaparica,Hard,32,A,19891120,30,B281,2,,Jay Berger,R,180,USA,22.984,10,0,Y017,5,,Jaime Yzaga,R,170,PER,22.078,19,0,6-4 7-5,3,SF,,,,,,,,,,,,,,,,,,,
1989-240,Itaparica,Hard,32,A,19891120,31,J004,3,,Martin Jaite,R,178,ARG,25.114,14,0,B281,2,,Jay Berger,R,180,USA,22.984,10,0,6-4 6-4,3,F,,,,,,,,,,,,,,,,,,,
1989-605,Masters,Carpet,8,F,19891128,1,L018,,,Ivan Lendl,R,188,USA,29.725,1,0,C274,,,Michael Chang,R,175,USA,17.763,5,0,6-1 6-3,3,RR,,,,,,,,,,,,,,,,,,,
1989-605,Masters,Carpet,8,F,19891128,2,L018,,,Ivan Lendl,R,188,USA,29.725,1,0,K023,,,Aaron Krickstein,R,183,USA,22.322,8,0,6-1 6-3,3,RR,,,,,,,,,,,,,,,,,,,
1989-605,Masters,Carpet,8,F,19891128,3,L018,,,Ivan Lendl,R,188,USA,29.725,1,0,M047,,,John McEnroe,L,180,USA,30.779,4,0,6-3 6-3,3,RR,,,,,,,,,,,,,,,,,,,
1989-605,Masters,Carpet,8,F,19891128,4,E004,,,Stefan Edberg,R,188,SWE,23.855,3,0,L018,,,Ivan Lendl,R,188,USA,29.725,1,0,7-6 7-5,3,SF,,,,,,,,,,,,,,,,,,,
1989-605,Masters,Carpet,8,F,19891128,5,K023,,,Aaron Krickstein,R,183,USA,22.322,8,0,C274,,,Michael Chang,R,175,USA,17.763,5,0,6-3 7-6,3,RR,,,,,,,,,,,,,,,,,,,
1989-605,Masters,Carpet,8,F,19891128,6,M047,,,John McEnroe,L,180,USA,30.779,4,0,C274,,,Michael Chang,R,175,USA,17.763,5,0,6-2 5-7 6-4,3,RR,,,,,,,,,,,,,,,,,,,
1989-605,Masters,Carpet,8,F,19891128,7,M047,,,John McEnroe,L,180,USA,30.779,4,0,K023,,,Aaron Krickstein,R,183,USA,22.322,8,0,5-7 6-3 6-2,3,RR,,,,,,,,,,,,,,,,,,,
1989-605,Masters,Carpet,8,F,19891128,8,B028,,,Boris Becker,R,190,GER,22.015,2,0,M047,,,John McEnroe,L,180,USA,30.779,4,0,6-4 6-4,3,SF,,,,,,,,,,,,,,,,,,,
1989-605,Masters,Carpet,8,F,19891128,9,E004,,,Stefan Edberg,R,188,SWE,23.855,3,0,A092,,,Andre Agassi,R,180,USA,19.581,7,0,6-4 6-2,3,RR,,,,,,,,,,,,,,,,,,,
1989-605,Masters,Carpet,8,F,19891128,10,B028,,,Boris Becker,R,190,GER,22.015,2,0,E004,,,Stefan Edberg,R,188,SWE,23.855,3,0,6-1 6-4,3,RR,,,,,,,,,,,,,,,,,,,
1989-605,Masters,Carpet,8,F,19891128,11,E004,,,Stefan Edberg,R,188,SWE,23.855,3,0,G016,,,Brad Gilbert,R,185,USA,28.301,6,0,6-1 6-3,3,RR,,,,,,,,,,,,,,,,,,,
1989-605,Masters,Carpet,8,F,19891128,12,E004,,,Stefan Edberg,R,188,SWE,23.855,3,0,B028,,,Boris Becker,R,190,GER,22.015,2,0,4-6 7-6 6-3 6-1,5,F,,,,,,,,,,,,,,,,,,,
1989-605,Masters,Carpet,8,F,19891128,13,B028,,,Boris Becker,R,190,GER,22.015,2,0,A092,,,Andre Agassi,R,180,USA,19.581,7,0,6-1 6-3,3,RR,,,,,,,,,,,,,,,,,,,
1989-605,Masters,Carpet,8,F,19891128,14,B028,,,Boris Becker,R,190,GER,22.015,2,0,G016,,,Brad Gilbert,R,185,USA,28.301,6,0,2-6 6-3 6-4,3,RR,,,,,,,,,,,,,,,,,,,
1989-605,Masters,Carpet,8,F,19891128,15,G016,,,Brad Gilbert,R,185,USA,28.301,6,0,A092,,,Andre Agassi,R,180,USA,19.581,7,0,3-6 6-3 6-3,3,RR,,,,,,,,,,,,,,,,,,,
1989-D042,Davis Cup WG F: FRG vs SWE,Carpet,4,D,19891215,1,W023,,,Mats Wilander,R,183,SWE,25.314168,,,S080,,,Carl-Uwe Steeb,L,180,GER,22.288843,,,5-7 7-6(0) 6-7(4) 6-2 6-3,5,RR,,,,,,,,,,,,,,,,,,,
1989-D042,Davis Cup WG F: FRG vs SWE,Carpet,4,D,19891215,2,B028,,,Boris Becker,R,190,GER,22.064,,,E004,,,Stefan Edberg,R,188,SWE,23.904175,,,6-2 6-2 6-4,5,RR,,,,,,,,,,,,,,,,,,,
1989-D042,Davis Cup WG F: FRG vs SWE,Carpet,4,D,19891215,3,B028,,,Boris Becker,R,190,GER,22.064,,,W023,,,Mats Wilander,R,183,SWE,25.314168,,,6-2 6-0 6-2,5,RR,,,,,,,,,,,,,,,,,,,
1989-D042,Davis Cup WG F: FRG vs SWE,Carpet,4,D,19891215,4,E004,,,Stefan Edberg,R,188,SWE,23.904175,,,S080,,,Carl-Uwe Steeb,L,180,GER,22.288843,,,6-2 6-4,3,RR,,,,,,,,,,,,,,,,,,,
